,y_actual,y_predict
0,79.0,86.38457936480299
1,78.0,85.47758210773839
2,79.0,86.59259906150038
3,77.00000000000003,86.04897599743475
4,77.00000000000003,86.32830552604838
5,78.0,86.12590798331581
6,79.0,83.71638354177162
7,80.0,85.84775518460177
8,82.00000000000003,85.67548192729916
9,82.00000000000003,85.30781920755493
10,82.00000000000003,87.69718234348582
11,82.00000000000003,90.07583723733029
12,80.0,90.4270518880333
13,78.0,88.82995484395522
14,78.0,86.82480709502303
15,77.00000000000003,86.5021477565505
16,79.0,86.12256084049025
17,78.0,85.17202457714015
18,78.0,85.61081408192734
19,76.00000000000003,85.94348869932321
20,74.0,84.42639621364182
21,73.0,82.15420922615857
22,71.00000000000003,82.37702957003768
23,71.00000000000003,83.74245464643627
24,71.00000000000003,80.65040071356609
25,68.0,80.17544637653091
26,62.99999999999997,79.49351832493136
27,62.99999999999997,78.2532188611911
28,62.99999999999997,71.09964245549361
29,61.0,81.34801849716041
30,60.0,61.10243287350983
31,59.00000000000003,44.138302397459654
32,56.99999999999997,71.33653125906136
33,60.0,68.89484286692789
34,61.0,69.39325335329525
35,61.0,68.30943281664955
36,61.0,71.93245342977625
37,61.0,70.40411663616524
38,60.0,70.12536239772476
39,57.99999999999997,69.22555626782443
40,56.99999999999997,69.7970809052874
41,56.0,68.24071179051242
42,56.0,68.82319309081842
43,56.0,67.68487688504422
44,56.99999999999997,66.5793783686924
45,56.0,66.11619133065332
46,57.99999999999997,68.48379803821814
47,57.99999999999997,68.57056225614923
48,57.99999999999997,67.15085070704873
49,56.99999999999997,68.2655277166175
50,59.00000000000003,65.51530074480678
51,57.99999999999997,67.04863210310279
52,60.0,69.48616271625764
53,62.0,70.02196706387917
54,65.00000000000003,68.58416002387804
55,65.00000000000003,72.28675372777155
56,63.99999999999997,69.85434842706835
57,67.0,77.49012259607193
58,66.0,76.48697343143269
59,71.00000000000003,74.44343813821996
60,72.0,70.947347456931
61,68.99999999999997,69.47450001547486
62,68.0,83.23002799948694
63,68.0,86.82281972897036
64,68.99999999999997,81.93748172820409
65,72.0,73.17714601847501
66,72.0,76.72001825066175
67,79.0,78.85429249391092
68,80.0,84.33837681715113
69,78.0,78.85421404525096
70,78.0,86.97069545302111
71,80.0,94.6237414019956
72,78.0,92.3418267806756
73,78.0,87.07139738287424
74,79.0,88.32197362107107
75,85.0,82.65455477947194
76,83.00000000000003,84.269734239674
77,84.0,89.6479390215028
78,80.0,100.90910033820896
79,80.99999999999997,90.94630356840037
80,84.0,81.0073421164472
81,94.0,94.62434284172207
82,100.0,95.8334981874527
83,98.0,97.06897305860457
84,98.0,101.4707927436219
85,94.0,110.23255360400714
86,93.0,111.89452768988363
87,96.0,103.29059245858915
88,91.0,106.02416216493205
89,94.0,106.88495316127205
90,91.0,104.54127329499926
91,91.0,105.96869896233054
92,92.0,102.44904753349607
93,89.00000000000003,101.34527488766369
94,86.0,100.3807616880616
95,86.0,99.89789711114574
96,82.00000000000003,95.94065905697701
97,80.0,90.2425667893281
98,79.0,85.71368642470642
99,80.0,82.5232840217823
100,80.0,84.37001777667393
101,92.0,85.17453493425933
102,86.99999999999997,87.05667518435249
103,86.99999999999997,89.86759526942964
104,86.0,106.64191921267297
105,80.99999999999997,93.38006864587649
106,82.00000000000003,85.00482433318251
107,80.0,87.85659002055274
108,82.00000000000003,91.24503606558088
109,80.99999999999997,90.99562162597061
110,83.00000000000003,86.82368266423006
111,83.00000000000003,87.249240495035
112,82.00000000000003,86.73108709590758
113,80.99999999999997,87.91906130344526
114,80.99999999999997,89.39073201500179
115,80.0,86.90150373492415
116,80.0,85.95384392243977
117,79.0,87.67696873876588
118,80.0,88.0999377637917
119,80.99999999999997,84.72115397871698
120,80.0,87.27910328493172
121,79.0,88.0095910570551
122,77.00000000000003,86.06586860888245
123,79.0,86.68631906061583
124,79.0,85.94343640021657
125,78.0,84.06710135096148
126,78.0,84.85493509352577
127,77.00000000000003,78.52496501934061
128,80.99999999999997,76.4001307648416
129,85.0,80.29876767000985
130,84.0,88.1893692361619
131,82.00000000000003,88.04136276434454
132,83.00000000000003,93.24048233022964
133,82.00000000000003,95.02956939481712
134,82.00000000000003,84.9357895124055
135,80.99999999999997,83.11601594699158
136,77.00000000000003,86.95035110053456
137,74.99999999999997,84.74374719278947
138,76.00000000000003,87.72121378299116
139,74.99999999999997,90.2759336193703
140,74.0,85.60202783201026
141,73.0,81.25325251591195
142,73.0,82.91008821456015
143,74.0,82.45655036169788
144,72.0,81.57894520257017
145,71.00000000000003,82.44771181267416
146,72.0,80.44755862842698
147,72.0,80.60442979882137
148,73.0,80.4423025682087
149,74.99999999999997,79.70655873586708
150,80.0,80.85834196160349
151,79.0,82.49697757113773
152,79.0,81.347181711454
153,80.0,85.65236572216017
154,79.0,89.75300792676114
155,79.0,86.9959559215327
156,77.00000000000003,86.77928072268486
157,77.00000000000003,86.58739530038878
158,77.00000000000003,83.92275581660957
159,77.00000000000003,82.36787722637408
160,77.00000000000003,79.11965816104922
161,77.00000000000003,77.09997126046852
162,78.0,85.51322394891986
163,85.0,85.51322394891986
164,84.0,84.96800576210143
165,82.00000000000003,88.68338659757072
166,84.0,100.57639957125977
167,74.0,101.93707850372994
168,79.0,95.77409947707582
169,78.0,94.07616975537798
170,76.00000000000003,91.71703550309036
171,76.00000000000003,93.68213521110587
172,76.00000000000003,84.13213529007982
173,77.00000000000003,82.13632293168453
174,80.0,84.30155824607007
175,78.0,83.91169455555323
176,80.0,85.4292838827478
177,80.0,91.20058182492903
178,79.0,90.72578438521381
179,80.99999999999997,90.43727636338323
180,80.99999999999997,85.78774195972176
181,80.99999999999997,83.01677839212462
182,79.0,89.869478037269
183,79.0,93.845870639248
184,79.0,85.87335559730658
185,82.00000000000003,80.35051763603929
186,83.00000000000003,86.53266428528033
187,83.00000000000003,86.75318346846689
188,82.00000000000003,90.8604284352823
189,82.00000000000003,89.56070411161184
190,80.99999999999997,85.86336646793657
191,85.0,88.55208969032776
192,85.0,88.29943270610525
193,82.00000000000003,85.71794880189833
194,80.99999999999997,96.03399988756925
195,80.99999999999997,101.6157004933703
196,79.0,90.13483062963064
197,77.00000000000003,86.49838222087175
198,79.0,91.41032739214583
199,78.0,90.1202391788755
200,78.0,88.87304930783421
201,77.00000000000003,84.93322685617969
202,74.0,82.19458413649178
203,72.0,81.90761893830737
204,73.0,82.52103516019639
205,73.0,81.83510622693817
206,73.0,82.98124114915646
207,74.0,82.86634001184805
208,73.0,79.95474414647109
209,74.99999999999997,82.01391687257197
210,73.0,81.46061847377624
211,74.0,80.94609986256091
212,74.0,82.21801413627065
213,73.0,81.95105334637955
214,74.0,81.58592713330782
215,73.0,81.53179755792587
216,74.0,81.79284854876559
217,73.0,81.41242484699896
218,73.0,81.36062258186286
219,72.0,81.7442365291351
220,72.0,81.79967358218332
221,74.0,80.8391481894632
222,72.0,79.65255990825173
223,71.00000000000003,81.1045138566015
224,72.0,82.77306455513911
225,71.00000000000003,78.6365713129301
226,71.00000000000003,80.27371639792486
227,71.00000000000003,79.96397493879468
228,74.0,79.48766082498665
229,73.0,79.19496887462412
230,73.0,81.00425646915488
231,79.0,86.00415566303636
232,74.99999999999997,83.3804663797635
233,74.0,84.3942061134992
234,73.0,93.346518768961
235,72.0,79.6536843390447
236,73.0,74.02535907966586
237,74.0,82.81992455469685
238,72.0,80.503466373435
239,72.0,81.31794651083709
240,72.0,81.70977141785326
241,72.0,80.36850852872664
242,71.00000000000003,79.91465688122443
243,71.00000000000003,78.75926501712925
244,68.99999999999997,79.76024376884254
245,68.0,79.7009627314556
246,68.99999999999997,78.20238412952804
247,67.0,77.2730290043709
248,67.0,79.35594552489053
249,69.99999999999997,75.87015776761146
250,68.99999999999997,70.49239752818917
251,71.00000000000003,76.32327722762054
252,71.00000000000003,78.67699852236998
253,72.0,75.49736973541562
254,74.0,79.58577394906064
255,74.0,85.5555339261991
256,74.0,77.49995482812199
257,73.0,69.06742991887043
258,74.0,82.2779489124907
259,73.0,79.96523011735428
260,74.0,82.50631296167464
261,74.0,81.24870249363349
262,73.0,81.01082000703937
263,73.0,82.32747616648751
264,72.0,82.44167126585617
265,73.0,79.83448235073115
266,72.0,78.02299819372112
267,72.0,81.36723841885399
268,73.0,81.00420417004824
269,73.0,79.66858958443973
270,73.0,80.97721783101721
271,73.0,77.7824484526879
272,69.99999999999997,81.19347463701186
273,71.00000000000003,82.12926255228686
274,71.00000000000003,79.10341928843462
275,69.99999999999997,75.48220299448732
276,68.99999999999997,78.26420167358745
277,68.99999999999997,79.59053316776573
278,68.0,77.25224010947781
279,68.0,77.01422687511709
280,68.0,77.66025159000193
281,67.0,78.50927528734584
282,66.0,77.26657006469972
283,65.00000000000003,79.18639182113367
284,66.0,77.3436589479007
285,62.0,74.44380423196651
286,62.0,74.4321415311837
287,62.99999999999997,74.49874444350152
288,67.0,71.81457124338883
289,67.0,71.52206233989958
290,66.0,74.86481204049295
291,63.99999999999997,79.67211977413857
292,66.0,77.46690179271965
293,65.00000000000003,76.29310064308393
294,66.0,74.11037127752422
295,65.00000000000003,71.15045103760335
296,66.0,73.6825907346867
297,66.0,72.9921379287033
298,67.0,75.1180443148886
299,66.0,75.33194766108403
300,66.0,75.11655379034912
301,63.99999999999997,76.11936301079513
302,62.99999999999997,74.01968462659443
303,63.99999999999997,73.28616350628539
304,63.99999999999997,71.64072901288674
305,63.99999999999997,69.823387355932
306,63.99999999999997,67.53961611632593
307,62.99999999999997,62.466472023582185
308,62.0,72.84972746129739
309,62.0,72.30885010033089
310,62.0,73.07189406634342
311,63.99999999999997,71.52504338897859
312,66.0,72.55962431671401
313,66.0,70.03195619324919
314,63.99999999999997,70.15161654926266
315,67.0,84.20621697464847
316,66.0,65.22598208682314
317,67.0,74.46257961125357
318,66.0,77.90474991358718
319,66.0,72.49479957402227
320,67.0,61.55327732237967
321,66.0,75.61551341733627
322,65.00000000000003,75.19612688111593
323,65.00000000000003,73.55244440779003
324,63.99999999999997,74.35073797168417
325,63.99999999999997,75.21090137874435
326,65.00000000000003,74.86434134853312
327,65.00000000000003,74.05736613293521
328,61.0,73.54334436323308
329,61.0,77.08318324723413
330,62.0,77.30561134781337
331,65.00000000000003,75.69940118440167
332,65.00000000000003,70.21139442816275
333,62.0,73.63348187354305
334,62.99999999999997,74.99027759734449
335,62.99999999999997,70.91547115142828
336,62.99999999999997,69.3840748600783
337,62.99999999999997,71.48793717281094
338,62.0,73.84011564391423
339,63.99999999999997,72.9579343129547
340,63.99999999999997,71.18086296811987
341,62.99999999999997,69.88191005627249
342,62.0,71.48391014159895
343,60.0,71.36291615836592
344,60.0,73.39810974406811
345,61.0,71.42232794351946
346,59.00000000000003,71.82147472546652
347,60.0,69.7936814633552
348,59.00000000000003,70.3103181883898
349,60.0,70.25958805494005
350,62.0,69.85309324850877
351,61.0,71.20437141655873
352,60.0,70.1303046633031
353,56.0,71.14129869393972
354,56.0,71.04886002293719
355,54.0,69.26624497279755
356,50.0,67.50081017919217
357,50.0,63.20995612370791
358,50.0,64.6581183868256
359,50.0,61.62539779044897
360,50.0,59.520750991116586
361,50.0,54.405349220200264
362,50.0,60.450655256893555
363,50.0,61.71074993250056
364,50.0,63.02785063435522
365,50.0,63.0348325650929
366,53.0,63.05549071221935
367,50.0,62.8412474218307
368,50.0,63.35294188128697
369,50.0,67.71960349185932
370,50.0,54.492845625624454
371,50.0,57.597189848557235
372,51.0,62.10777860062831
373,54.0,60.16065671052348
374,53.0,59.816580887878075
375,52.0,62.790464989274284
376,52.0,65.87935482619221
377,51.0,61.71639823601868
378,52.0,61.13462297365243
379,51.0,61.47882954406447
380,52.0,61.9011186807038
381,52.0,64.73379519414706
382,50.0,62.51717600747864
383,50.0,63.57076766048107
384,51.0,63.705803953849426
385,50.0,62.94547954138267
386,50.0,62.621695772117164
387,50.0,62.200321869844174
388,50.0,62.04705933780855
389,50.0,61.93555764243234
390,50.0,61.617474475791624
391,50.0,62.78936670803466
392,50.0,62.4345172694195
393,50.0,61.35542980192557
394,50.0,62.10963521891438
395,50.0,62.79104027944743
396,50.0,62.65477495707282
397,50.0,62.75262658561354
398,50.0,62.88557091471594
399,50.0,63.06817324558179
400,50.0,63.10436422738309
401,50.0,63.05583065641258
402,50.0,63.067650254515314
403,50.0,62.990064529801145
404,50.0,63.01681552285223
405,50.0,63.08642563380238
406,50.0,62.71591261274577
407,50.0,62.90732734308202
408,50.0,63.09628401540576
409,50.0,63.04181449583058
410,50.0,62.38383943507637
411,50.0,62.987501873575326
412,50.0,60.5039218970158
413,50.0,60.89561605626537
414,50.0,61.11522000508555
415,50.0,61.8050975208958
416,50.0,62.47170193424711
417,50.0,62.95659310154562
418,50.0,62.992967130220165
419,50.0,63.07591351336589
420,50.0,62.66479023599615
421,50.0,62.58759675458185
422,50.0,62.332873955646676
423,50.0,62.79156327051393
424,50.0,63.105305611302754
425,50.0,63.092492330173684
426,50.0,63.08399372534319
427,50.0,63.08982507573458
428,50.0,63.10629929432909
429,50.0,63.0859026427359
430,50.0,63.110457073307714
431,50.0,63.03885959630489
432,50.0,63.089275935114756
433,50.0,63.08174486375728
434,50.0,63.03386503161988
435,50.0,63.05724273229211
436,50.0,63.10002340153119
437,50.0,63.09607481897916
438,50.0,63.09536878103941
439,50.0,63.099082017611494
440,50.0,63.07272326786028
441,50.0,63.07110199555416
442,50.0,63.0718864821539
443,50.0,63.08660868067565
444,50.0,63.088203803428456
445,50.0,63.105331760856075
446,50.0,63.04848263192835
447,50.0,63.080803479837584
448,50.0,63.105044115769516
449,50.0,63.10692688360888
450,50.0,63.0752859240861
451,50.0,63.077587084778656
452,50.0,63.071677285727304
453,50.0,63.09319836811346
454,50.0,63.08694862486888
455,50.0,63.09725154887877
456,50.0,63.07745633701202
457,50.0,63.017913804091876
458,50.0,62.85623111588572
459,50.0,63.00917985328144
460,50.0,62.139498008811074
461,50.0,63.07342930580003
462,50.0,62.964777911736235
463,50.0,63.04594612525585
464,50.0,62.5127828825201
465,50.0,62.73837507905162
466,50.0,62.983448692810015
467,50.0,63.06856548888166
468,50.0,63.10146162696404
469,50.0,63.10807746395517
470,50.0,63.09957885912468
471,50.0,63.09570872523261
472,50.0,63.09855902654502
473,50.0,63.01545574607934
474,50.0,63.022306929050416
475,50.0,62.979840054451216
476,50.0,62.735995469699105
477,50.0,62.96302589166348
478,50.0,63.10676998628895
479,50.0,63.10964643715465
480,50.0,63.10221996401046
481,50.0,63.100232597957785
482,50.0,63.102429160437055
483,50.0,63.10629929432909
484,50.0,63.10710993048215
485,50.0,63.10896654876822
486,50.0,63.10122628098412
487,50.0,63.1074760242287
488,50.0,63.10922804430146
489,50.0,63.072435622773696
490,50.0,63.09944811135804
491,50.0,62.96007099213779
492,50.0,63.04563233061597
493,50.0,63.10781596842193
494,50.0,63.102089216243826
495,50.0,63.08731471861543
496,50.0,63.10289985239689
497,50.0,63.037264473552085
498,50.0,63.04442945116304
499,50.0,63.065061448736174
500,50.0,63.06221114742377
501,50.0,63.079783647257926
502,50.0,63.06853933932834
503,50.0,63.06780715183524
504,50.0,63.03627079052575
505,50.0,63.088935990921556
506,50.0,62.779168382238055
507,50.0,62.96417647200977
508,51.0,63.10734527646207
509,54.0,58.269704060959924
510,72.0,71.63955228298713
511,78.0,85.20609744512214
512,79.0,90.61739448668325
513,74.0,124.82167704890159
514,74.0,95.29696165233807
515,73.0,93.77382861983867
516,72.0,111.37887157309868
517,72.0,101.04311679899766
518,71.00000000000003,79.56276234213499
519,78.0,74.04520659063925
520,74.0,70.32692315475094
521,74.0,76.87717706614274
522,72.0,89.84403452188414
523,74.0,82.255983287698
524,73.0,69.87793532416714
525,73.0,72.26800449803781
526,74.99999999999997,80.18781511525347
527,74.0,87.87050158292143
528,68.99999999999997,86.65585483099264
529,66.0,90.00626635071012
530,74.99999999999997,91.48854070613979
531,74.99999999999997,85.22688634001523
532,76.00000000000003,85.34183977643028
533,74.99999999999997,78.54933640303915
534,74.0,80.75863371477669
535,72.0,103.1837846080347
536,73.0,82.86762133996098
537,73.0,79.66095391486894
538,71.00000000000003,79.49940197442942
539,72.0,85.00403984658277
540,72.0,89.38853545252252
541,73.0,76.52719144444598
542,72.0,83.10683745377463
543,69.99999999999997,89.15243113555448
544,68.99999999999997,77.33523879173018
545,68.0,76.19794241853563
546,68.0,85.35556829192569
547,66.0,86.29883497945153
548,66.0,81.77543294625139
549,66.0,78.35182882677827
550,66.0,75.48913262611836
551,68.99999999999997,76.88564952141991
552,68.0,78.8975961542165
553,67.0,74.38376485753315
554,66.0,79.51488250999759
555,67.0,73.57668504372197
556,67.0,63.69780219053209
557,66.0,73.11161523784352
558,65.00000000000003,74.39901004712141
559,62.99999999999997,76.5869170242394
560,62.99999999999997,74.88766675009867
561,62.99999999999997,72.02959902037722
562,61.0,74.16523304039927
563,57.99999999999997,73.17332818368962
564,57.99999999999997,71.78083831960006
565,54.0,72.90662888933178
566,52.0,64.87968355214514
567,53.0,70.10177550062593
568,59.00000000000003,71.72017135588692
569,56.99999999999997,62.89903793467812
570,57.99999999999997,66.55898171709919
571,56.99999999999997,73.933861792583
572,56.99999999999997,61.96319772029648
573,56.99999999999997,59.20562272400153
574,56.0,71.4679327645176
575,56.0,69.43857052920683
576,56.0,68.6355177466076
577,62.0,67.12028187921226
578,62.0,67.77067356950229
579,61.0,66.29779997849283
580,60.0,87.82473986460334
581,59.00000000000003,81.19538355440457
582,57.99999999999997,78.35956909456237
583,57.99999999999997,66.58609880389682
584,57.99999999999997,62.10534669216912
585,60.0,56.17379121243795
586,59.00000000000003,73.71736964060844
587,57.99999999999997,70.61446364310851
588,60.0,71.99599684435506
589,62.99999999999997,73.71004776567753
590,71.00000000000003,65.31253710832766
591,67.0,68.37773544993345
592,62.99999999999997,110.37935719637159
593,61.0,84.42320596813622
594,62.0,66.92342804178449
595,62.99999999999997,83.62538309620192
596,61.0,76.01052856985802
597,59.00000000000003,74.46697273621211
598,57.99999999999997,77.60023836512192
599,57.99999999999997,70.47529572031488
600,59.00000000000003,70.49699984957431
601,56.99999999999997,84.8483977051946
602,56.0,80.08248471446188
603,55.0,77.83137426695828
604,56.0,81.00446566558148
605,55.0,81.44780519264717
606,55.0,76.44730455903922
607,54.0,74.51056404160425
608,53.0,73.33242206611664
609,54.0,76.3902462336849
610,55.0,75.48999556137807
611,54.0,70.84682857395114
612,56.0,62.07872644688467
613,55.0,67.37322650852133
614,56.0,62.30748273936848
615,55.0,60.65880570135755
616,54.0,68.2273232192102
617,55.0,64.6648126724767
618,55.0,70.22807784318388
619,55.0,64.12670716416258
620,55.0,60.39694407436477
621,55.0,65.28748583624267
622,54.0,65.19237991080101
623,53.0,65.24993507766851
624,53.0,61.970414997014075
625,53.0,63.286574314949064
626,53.0,66.21506279177373
627,53.0,63.21821938255849
628,55.0,62.8547405913462
629,54.0,65.74243576498446
630,53.0,66.67341216244773
631,53.0,67.12695001531003
632,53.0,66.3622324778847
633,53.0,65.13553078187326
634,52.0,66.93841173583948
635,53.0,71.43278776484931
636,52.0,67.98546600051077
637,51.0,70.58528074159824
638,51.0,66.67503343475389
639,52.0,56.90624020106068
640,51.0,57.81148543805253
641,52.0,63.33139464934746
642,51.0,65.5421824856245
643,53.0,67.4426535725982
644,62.0,58.97867075069712
645,57.99999999999997,60.828150208687816
646,56.99999999999997,51.02996487705775
647,59.00000000000003,37.85043310412715
648,61.0,96.63485124908581
649,61.0,81.32443160006159
650,82.00000000000003,101.90507145046058
651,106.0,68.34614678951732
652,143.0,24.33210771832273
653,143.0,-60.560377484910646
654,133.0,-2.4123217948833826
655,124.0,-133.542891729124
656,116.0,-86.3362013934194
657,108.0,-21.45024259734288
658,101.0,63.141287396677455
659,114.0,55.85136721994533
660,108.0,111.68993358467176
661,101.0,4.818421942675059
662,94.0,-10.80248442774905
663,88.00000000000003,76.77451391979025
664,94.0,77.0978008475426
665,88.00000000000003,88.19245488345422
666,84.0,98.67505247424967
667,85.0,77.50583847762002
668,84.0,93.3731913133521
669,85.0,99.50613757801287
670,86.0,94.01275708856576
671,96.0,108.08886552156108
672,94.0,111.07368013624699
673,92.0,142.20090553442682
674,86.99999999999997,133.59000144717132
675,85.0,84.25516893847217
676,80.99999999999997,86.49657790169235
677,77.00000000000003,95.29052886222021
678,79.0,122.50494429732984
679,79.0,95.90935804164744
680,79.0,98.31867328676503
681,86.0,111.01275167700064
682,84.0,112.77270813918449
683,82.00000000000003,124.74928201052236
684,84.0,138.84059640877595
685,83.00000000000003,98.185598209896
686,91.0,85.91375665719312
687,88.00000000000003,107.0457336898885
688,86.99999999999997,12.314034505858672
689,99.0,-4.606923057652523
690,104.0,80.76101332412924
691,101.0,104.68679555925081
692,110.0,73.30995959981078
693,112.0,56.79107756821904
694,106.0,62.55009829511434
695,101.0,70.03564328026795
696,98.0,13.189887644913654
697,98.0,60.09645955711153
698,92.0,54.814014439557496
699,93.0,120.46771104646834
700,90.0,105.90554779105156
701,95.0,140.86347355486225
702,98.0,120.84689264445205
703,101.0,94.25287536196913
704,100.0,138.6370482856971
705,96.0,144.19920210038794
706,95.0,128.75254327854242
707,95.0,109.73159353619064
708,110.0,131.43525210366894
709,105.0,122.32979458916151
710,101.0,53.86669457126632
711,97.0,26.119063594314298
712,98.0,103.54239958232861
713,96.0,91.31156052923873
714,92.0,96.11289308994967
715,93.0,115.73860355204002
716,94.0,96.86823601250808
717,93.0,107.64310716081289
718,92.0,93.33259413181563
719,92.0,114.77977788028602
720,93.0,106.48878742840398
721,95.0,113.07341492764098
722,92.0,113.27009879297216
723,92.0,111.64270749136747
724,91.0,112.52386898974734
725,88.00000000000003,106.05107005530311
726,84.0,96.67386638264617
727,80.99999999999997,95.33265579262618
728,80.99999999999997,93.52566935878798
729,85.0,111.10135943844111
730,82.00000000000003,107.34411316809911
731,80.99999999999997,115.51085401735921
732,83.00000000000003,110.56410379061003
733,80.0,90.40234056014154
734,79.0,122.86821389211553
735,80.99999999999997,111.27087391786799
736,83.00000000000003,108.89612838224556
737,80.0,110.87710086912912
738,79.0,107.31699608130148
739,74.0,104.69478424779149
740,68.99999999999997,106.66482622138537
741,68.99999999999997,87.18946261613493
742,72.0,98.75354035855352
743,69.99999999999997,109.9608597449643
744,67.0,107.3278481459312
745,66.0,85.47970022155769
746,66.0,83.29548033145846
747,62.99999999999997,103.93491745250788
748,61.0,90.78012315702239
749,60.0,100.62522078731683
750,62.99999999999997,70.88315030351905
751,61.0,100.171356065038
752,60.0,94.01189415330606
753,61.0,59.2749190403118
754,62.99999999999997,78.55796575563627
755,62.0,105.22011569930652
756,62.99999999999997,98.30894565292826
757,62.0,84.13250138382637
758,62.0,76.12344234111376
759,61.0,65.78492878913698
760,61.0,85.87267570892013
761,61.0,91.87241614894526
762,59.00000000000003,78.09867500104258
763,60.0,75.34405490427335
764,60.0,77.81568453496351
765,57.99999999999997,87.01143645710087
766,56.99999999999997,77.8236601487275
767,56.99999999999997,74.25330473599661
768,55.0,77.86032182248863
769,56.99999999999997,78.87301557409137
770,55.0,71.97826744720098
771,55.0,77.08001915128185
772,54.0,73.84341048763312
773,54.0,81.12172026268911
774,56.0,79.36206452036848
775,59.00000000000003,73.49292802442318
776,56.99999999999997,70.47451123371513
777,56.99999999999997,97.31755071250845
778,56.0,78.81449287375085
779,63.99999999999997,69.53077385422944
780,60.0,100.43574112392662
781,61.0,100.93906772631897
782,60.0,88.6766923119196
783,59.00000000000003,115.30416794788138
784,57.99999999999997,113.14552232093365
785,57.99999999999997,108.90869324261806
786,57.99999999999997,102.50407926846776
787,56.99999999999997,72.99407299564933
788,56.99999999999997,68.25530324126757
789,56.99999999999997,83.39280896893271
790,56.99999999999997,81.19697867715738
791,56.99999999999997,73.22254164304658
792,56.99999999999997,76.64954520445187
793,56.99999999999997,75.58204198908075
794,56.0,80.1464203723406
795,56.0,69.44207456935231
796,56.99999999999997,70.23827616898046
797,56.0,70.89465610698187
798,56.0,79.86123334378223
799,56.0,73.73096740833725
800,56.0,70.18534947305145
801,54.0,70.66490613147172
802,54.0,71.66143945911983
803,55.0,68.28906231460965
804,54.0,67.95730293158016
805,54.0,83.81844524839764
806,53.0,68.7035850339116
807,55.0,60.788612084060986
808,54.0,62.931071137500794
809,54.0,68.08172250629872
810,56.99999999999997,68.8954704562077
811,55.0,72.43530934020876
812,57.99999999999997,79.06756825082655
813,56.0,73.05759026067483
814,56.99999999999997,92.16574876336423
815,59.00000000000003,78.54941485169914
816,63.99999999999997,83.6652873145753
817,61.0,110.24892322438836
818,61.0,100.83886263797902
819,65.00000000000003,78.10628452106005
820,65.00000000000003,99.20485549938323
821,66.0,109.06481915074272
822,68.99999999999997,128.81919848996688
823,67.0,89.67730496988634
824,62.99999999999997,59.26119052481636
825,62.99999999999997,66.24011406385873
826,62.0,50.37235591005009
827,62.99999999999997,45.612405017475396
828,66.0,88.55645666573298
829,66.0,71.76164454745978
830,63.99999999999997,108.5083566559947
831,61.0,84.74055694728386
832,57.99999999999997,98.6358412190394
833,59.00000000000003,105.66285378664574
834,57.99999999999997,92.8736302466385
835,56.0,83.1303982013201
836,55.0,81.73602556939119
837,57.99999999999997,107.81945974843416
838,56.0,99.00675955817252
839,56.0,93.42996199361986
840,55.0,72.23510835995543
841,56.0,70.58237814117919
842,56.0,88.63684039265289
843,55.0,80.06193116554871
844,56.0,71.53686298708132
845,56.0,69.24799258457696
846,56.99999999999997,73.37849757907463
847,61.0,79.42984416258591
848,61.0,65.1582024446057
849,61.0,-8.203218827281432
850,57.99999999999997,-28.235764039996297
851,60.0,69.47083907800939
852,59.00000000000003,64.6754293911265
853,59.00000000000003,92.97467212068483
854,59.00000000000003,55.7008503910088
855,57.99999999999997,88.81214699814115
856,57.99999999999997,86.26925983464139
857,57.99999999999997,83.33669202749809
858,57.99999999999997,79.56720776620017
859,57.99999999999997,76.87029973361837
860,56.99999999999997,74.69572902869592
861,56.99999999999997,79.10943368569929
862,60.0,81.92372706315533
863,57.99999999999997,74.54215270202042
864,57.99999999999997,118.02464980278532
865,56.99999999999997,88.91970011096532
866,57.99999999999997,96.53208350452005
867,57.99999999999997,108.71780150334828
868,56.99999999999997,96.67899169509778
869,56.99999999999997,95.5149966279588
870,56.0,90.33908479064928
871,55.0,81.00117082186259
872,55.0,74.79742464157539
873,55.0,77.97739337272299
874,55.0,91.35915271628954
875,54.0,86.35241541421371
876,55.0,73.08222313990663
877,54.0,69.63223412112899
878,53.0,78.94283488146812
879,53.0,84.91795551703811
880,54.0,84.99990821715747
881,54.0,73.27816174296805
882,54.0,70.3610744713929
883,54.0,69.78782396341049
884,53.0,67.98716572147686
885,53.0,75.82465754482661
886,56.0,68.74414299111808
887,55.0,72.11795836106111
888,56.0,69.78395382951845
889,56.0,74.045912628579
890,55.0,91.86017815798934
891,55.0,57.99427081579165
892,55.0,77.10274311312094
893,60.0,68.24774602035674
894,62.99999999999997,74.14820968118494
895,68.0,49.714694643935786
896,63.99999999999997,34.26033477863621
897,60.0,84.9412024699437
898,59.00000000000003,75.982653146014
899,56.99999999999997,94.29253115958593
900,57.99999999999997,83.93454926515895
901,56.0,97.53918125171131
902,60.0,110.42322307207363
903,60.0,93.76272813445237
904,59.00000000000003,101.97006616524894
905,60.0,125.5528447094114
906,60.0,101.62489206136391
907,61.0,108.67217053279683
908,60.0,89.50720212550968
909,60.0,61.94787408204823
910,59.00000000000003,106.58169679136637
911,57.99999999999997,94.71024412439348
912,56.99999999999997,98.48103586335762
913,59.00000000000003,88.88123411802482
914,56.99999999999997,74.90780190615862
915,56.99999999999997,93.30280979057889
916,56.99999999999997,86.65841748721846
917,61.0,79.07143838471862
918,59.00000000000003,72.54686333469161
919,56.99999999999997,82.40252538452918
920,59.00000000000003,72.07465470075553
921,57.99999999999997,81.36294989210876
922,56.99999999999997,92.77236610138888
923,56.99999999999997,79.27885664168952
924,59.00000000000003,80.46834752332003
925,57.99999999999997,70.89541444402829
926,57.99999999999997,60.655014016125506
927,57.99999999999997,57.77424847411825
928,57.99999999999997,65.24922903972873
929,59.00000000000003,69.38671596496408
930,62.99999999999997,68.93555772145433
931,68.0,80.05534147811093
932,65.00000000000003,77.97378473436419
933,68.0,29.10471499470657
934,65.00000000000003,64.01740203126565
935,66.0,65.82020453657191
936,65.00000000000003,65.12810430872906
937,66.0,110.90623147153278
938,66.0,109.74636803381907
939,65.00000000000003,102.33524467742731
940,66.0,102.41586375032713
941,66.0,89.47613645616002
942,66.0,91.4272723027002
943,66.0,88.86099436375156
944,69.99999999999997,80.85332124736516
945,68.99999999999997,88.84284657374425
946,66.0,106.79068402153678
947,66.0,97.3736676539431
948,67.0,114.10628305963365
949,68.0,99.12326889301039
950,67.0,73.31205156407677
951,67.0,105.51404975345196
952,72.0,98.85494832634643
953,71.00000000000003,99.05503163360979
954,71.00000000000003,113.60634282439685
955,71.00000000000003,89.58693211359645
956,80.0,100.27652956850963
957,77.00000000000003,94.01973901930344
958,82.00000000000003,117.65211019134605
959,82.00000000000003,114.30214321403511
960,80.99999999999997,107.44277543279293
961,79.0,100.25504771045345
962,79.0,107.31187076884987
963,76.00000000000003,105.2934651963821
964,71.00000000000003,106.02536504438498
965,68.99999999999997,123.46706481280273
966,69.99999999999997,131.2907758215504
967,68.0,103.17179503783538
968,67.0,87.4947586511999
969,69.99999999999997,115.72418207338148
970,68.99999999999997,108.25113657471704
971,66.0,106.45910768538053
972,66.0,95.16257909780282
973,63.99999999999997,88.54416637567041
974,60.0,77.61428067525725
975,62.99999999999997,100.2185690835656
976,69.99999999999997,107.25177909530987
977,66.0,84.42626546587519
978,67.0,108.1821802026
979,66.0,94.31575196293818
980,65.00000000000003,130.47462211273555
981,65.00000000000003,113.59137220511849
982,62.99999999999997,115.6340837874015
983,62.99999999999997,90.81079658307218
984,62.99999999999997,97.45963431049779
985,62.99999999999997,100.76899103149563
986,61.0,88.96601096990324
987,62.99999999999997,86.59225911730715
988,62.0,94.08679954880444
989,62.0,100.72930908432551
990,61.0,90.62884799103944
991,63.99999999999997,81.76818951998047
992,63.99999999999997,87.2850130839831
993,63.99999999999997,81.53443866281165
994,65.00000000000003,67.0874118906832
995,63.99999999999997,67.21141307254857
996,61.0,97.62633771294227
997,61.0,79.90171285232876
998,61.0,77.18100872622153
999,62.0,77.59749266202283
1000,61.0,90.58115120577531
1001,60.0,85.53618325673887
1002,62.0,65.72857650172242
1003,62.99999999999997,64.2518066272676
1004,62.0,81.78693874971421
1005,61.0,81.398251789097
1006,60.0,76.9621108153411
1007,61.0,78.90245997113487
1008,61.0,79.56984887108595
1009,61.0,79.93589031852403
1010,60.0,74.8063416392591
1011,61.0,76.52742679042589
1012,61.0,73.55832805728807
1013,60.0,73.38273380671322
1014,60.0,80.29738174368364
1015,61.0,78.45755147086973
1016,61.0,81.23931480398994
1017,61.0,85.14684255728855
1018,61.0,77.86714685590636
1019,60.0,75.67306858420378
1020,59.00000000000003,73.64812562340484
1021,57.99999999999997,60.8484161125144
1022,56.99999999999997,70.33131627970948
1023,62.0,80.03465718143116
1024,61.0,76.85866318238891
1025,60.0,75.90425678514677
1026,59.00000000000003,55.31200653307164
1027,57.99999999999997,61.074897393858976
1028,57.99999999999997,83.7039363543891
1029,57.99999999999997,75.12492164741298
1030,57.99999999999997,63.59315167812696
1031,57.99999999999997,62.282379168176845
1032,56.99999999999997,76.62472927834682
1033,57.99999999999997,64.39531537591313
1034,56.99999999999997,72.55266853552968
1035,57.99999999999997,67.59032010022236
1036,60.0,73.26723122967834
1037,60.0,74.35939347383461
1038,57.99999999999997,60.04552022723516
1039,57.99999999999997,66.52592868169685
1040,56.99999999999997,70.67633348627459
1041,57.99999999999997,61.58392459887611
1042,60.0,62.752809632486816
1043,57.99999999999997,59.88038579799016
1044,56.99999999999997,71.91600536073506
1045,56.99999999999997,74.31211508142368
1046,56.0,74.7793814497814
1047,56.0,71.9097033183838
1048,56.0,66.18394482331743
1049,56.99999999999997,64.13711468638579
1050,56.99999999999997,70.79881799404711
1051,56.99999999999997,63.39906969335158
1052,57.99999999999997,67.02274404531141
1053,56.99999999999997,71.7266041460048
1054,56.99999999999997,70.68862377633715
1055,56.99999999999997,68.83896127147318
1056,56.99999999999997,69.53652675596086
1057,56.99999999999997,71.79359930162246
1058,57.99999999999997,70.80783958994411
1059,59.00000000000003,69.04789620253692
1060,57.99999999999997,71.73031738257689
1061,59.00000000000003,75.92619626038612
1062,57.99999999999997,77.89225042709799
1063,60.0,74.61293954287018
1064,59.00000000000003,74.9342129550165
1065,57.99999999999997,68.13985296333934
1066,59.00000000000003,71.67014726037692
1067,60.0,70.84251389765257
1068,59.00000000000003,65.72810580976258
1069,59.00000000000003,65.55933659260546
1070,57.99999999999997,78.52873055501937
1071,57.99999999999997,80.34183598433552
1072,57.99999999999997,77.5577453409694
1073,57.99999999999997,75.52793856325209
1074,56.99999999999997,68.76765143955694
1075,56.99999999999997,69.66395352931175
1076,56.99999999999997,78.47841881442278
1077,56.0,59.48293873700919
1078,56.0,61.8567167391586
1079,56.0,69.01102533234922
1080,56.99999999999997,58.0293635163533
1081,56.99999999999997,63.23835453861844
1082,56.0,64.93127662085462
1083,56.99999999999997,51.77569783876942
1084,56.0,55.632940001024735
1085,56.0,62.81070474354755
1086,55.0,56.351974268791935
1087,55.0,66.30802445384276
1088,55.0,70.7625747131392
1089,55.0,74.66628463165239
1090,55.0,70.86968328355684
1091,54.0,69.23073387938271
1092,54.0,64.90327044924396
1093,52.0,67.41924972237268
1094,54.0,64.5950456642066
1095,53.0,57.68458165576811
1096,53.0,65.99289618672773
1097,54.0,60.74556991928867
