,y_actual,y_predict
0,6644.513671875,5566.191989655263
1,6515.07421875,6077.88865596884
2,6515.07421875,6554.336420529135
3,6666.08544921875,6516.545699827699
4,6709.23193359375,6510.859062400492
5,7162.2666015625,6522.982871479881
6,7313.279296875,6553.592438009322
7,7377.998046875,6610.873025641236
8,7377.998046875,6674.1860351396035
9,7507.4375,6698.579004090739
10,7507.4375,6751.25107377866
11,7572.15625,6816.147654680907
12,7701.5947265625,6893.257099321634
13,8068.337890625,6967.143105021334
14,8176.203125,7062.690261274238
15,8176.203125,7169.9880220678915
16,8154.62890625,7259.382156548163
17,8133.05615234375,7340.7764163666
18,8154.62890625,7416.191153271393
19,8327.21484375,7496.021982112936
20,8348.7861328125,7587.239674530713
21,8391.93359375,7656.405297987126
22,8629.23828125,7725.295264515126
23,8629.23828125,7807.580798891708
24,9039.126953125,7869.35124580741
25,9233.283203125,7934.014149225451
26,9578.453125,7982.122106971049
27,9988.341796875,8033.184155778684
28,10441.376953125,8090.777526668275
29,9945.1962890625,8169.079138993229
30,9902.048828125,8224.95984562162
31,9513.734375,8279.14730044856
32,9556.8798828125,8328.047286551846
33,9837.330078125,8357.015044298165
34,9492.1611328125,8374.547407318878
35,9492.1611328125,8391.98804646729
36,9492.1611328125,8413.143745099827
37,9470.5888671875,8429.10709606147
38,9405.869140625,8442.56963689618
39,9384.2958984375,8453.285314676654
40,9060.7001953125,8457.154217904277
41,8650.810546875,8463.854913697529
42,8995.9814453125,8472.052310137293
43,9168.564453125,8470.07951891548
44,9060.7001953125,8476.88940979481
45,8931.26171875,8466.616336096573
46,8844.96875,8461.172597071954
47,8801.822265625,8450.698604415335
48,9060.7001953125,8425.849685315885
49,8931.26171875,8391.07566085917
50,9060.7001953125,8352.001776568439
51,9060.7001953125,8326.272502419455
52,9168.564453125,8315.838305305315
53,9362.7236328125,8306.12188389033
54,9319.5771484375,8297.062088926295
55,9254.8583984375,8284.054770272662
56,9319.5771484375,8278.955602408556
57,9405.869140625,8281.448647551595
58,9233.283203125,8280.569748436537
59,9060.7001953125,8281.396233910276
60,8995.9814453125,8280.213044488682
61,9060.7001953125,8273.445375709303
62,9125.41796875,8266.754386145923
63,8844.96875,8264.79324239996
64,8823.3955078125,8261.76732523686
65,8823.3955078125,8258.419161241956
66,8823.3955078125,8256.516254875234
67,8629.23828125,8256.97730079423
68,8542.9462890625,8255.644150121088
69,8370.359375,8251.096781425298
70,8197.7763671875,8244.13935585189
71,8499.7998046875,8237.977355816623
72,8499.7998046875,8235.08150213383
73,8607.6650390625,8226.817618019431
74,8499.7998046875,8211.503613836332
75,8715.529296875,8201.275674107006
76,8629.23828125,8190.175144312044
77,8564.5185546875,8187.961153277872
78,8629.23828125,8175.1824163377605
79,8586.091796875,8168.686521994841
80,8607.6650390625,8163.883394141882
81,8607.6650390625,8159.754363953645
82,8456.65234375,8148.552404056503
83,8456.65234375,8136.275479200857
84,8370.359375,8126.159646426573
85,8435.0791015625,8117.461408525331
86,8435.0791015625,8110.2074576292825
87,8435.0791015625,8104.176491697311
88,8435.0791015625,8091.930626777261
89,8370.359375,8093.9194332783645
90,8025.1904296875,8097.470942789121
91,8025.1904296875,8091.345341115882
92,7852.6064453125,8093.100712788525
93,7895.75244140625,8091.726310638421
94,7852.6064453125,8090.5101200352565
95,7593.72802734375,8070.815208998699
96,7615.30126953125,8039.720330975578
97,7615.30126953125,8017.776971788797
98,7615.30126953125,7987.540609797997
99,7270.13232421875,7956.30402081872
100,7075.974609375,7924.129324722159
101,7097.5478515625,7893.126170571343
102,7075.974609375,7854.922935100278
103,6903.390625,7811.740403704047
104,6903.390625,7770.812629507456
105,7032.8291015625,7730.035787185401
106,7075.974609375,7679.579892433375
107,7723.1669921875,7629.196309093907
108,7529.009765625,7580.750089237213
109,7140.693359375,7549.277153560514
110,7291.7060546875,7514.5453512037475
111,7421.14453125,7469.79963148637
112,7291.7060546875,7435.205414938063
113,7162.2666015625,7379.083023185818
114,7680.021484375,7351.520970180947
115,7464.29052734375,7334.734288270272
116,7334.85205078125,7317.028183734819
117,7205.41259765625,7308.051377036203
118,7183.84033203125,7294.116628118145
119,7248.5595703125,7281.596076892671
120,7313.279296875,7274.479469149335
121,7032.8291015625,7277.2794738121265
122,7226.98681640625,7277.386242340736
123,7119.12158203125,7282.766890871177
124,7119.12158203125,7281.911044052071
125,6903.390625,7288.173988878022
126,7032.8291015625,7289.255262885943
127,6903.390625,7291.414171065582
128,6940.54833984375,7249.038227371849
129,6940.54833984375,7214.0567322515835
130,6853.79150390625,7186.993822117964
131,6940.54833984375,7169.851649538167
132,6745.34521484375,7154.508041353953
133,6940.54833984375,7138.548572884256
134,6940.54833984375,7127.501912665092
135,6897.169921875,7097.111949586542
136,6875.47998046875,7072.320297243348
137,6940.54833984375,7046.937778156598
138,6918.8583984375,7025.4234343302305
139,6918.8583984375,6996.415395729937
140,6897.169921875,6977.121837298653
141,6897.169921875,6961.9405658090745
142,6940.54833984375,6944.431255084309
143,6940.54833984375,6927.976526235312
144,6897.169921875,6910.843574573895
145,6897.169921875,6909.9556971962065
146,6918.8583984375,6898.829688547825
147,6962.2373046875,6891.995532093812
148,5639.19482421875,6890.0050270024785
149,6767.0341796875,6788.695767385101
150,6875.47998046875,6834.55187980002
151,6550.142578125,6844.317802987361
152,6940.54833984375,6825.667039629458
153,6940.54833984375,6821.925288013178
154,6810.41259765625,6820.571754257302
155,6680.27783203125,6804.653051953075
156,6571.8310546875,6790.172084948878
157,6593.52099609375,6780.15331447333
158,6940.54833984375,6764.087320130771
159,6940.54833984375,6755.8416351973865
160,6940.54833984375,6751.148430397745
161,6680.27783203125,6752.729575244158
162,6810.41259765625,6751.56361438059
163,6875.47998046875,6747.495976096303
164,6723.65625,6733.976168505342
165,6723.65625,6730.584326476006
166,6420.0068359375,6722.671079915792
167,6311.560546875,6705.724245212203
168,6723.65625,6669.227364952919
169,6528.4521484375,6675.2862362957785
170,6506.763671875,6666.079877260652
171,6485.07421875,6643.420926276438
172,6116.35791015625,6634.79305854178
173,6116.35791015625,6597.026846070774
174,5856.0869140625,6559.318628323263
175,5856.0869140625,6515.276124960229
176,5964.53369140625,6479.421797118579
177,5921.1552734375,6445.33837091737
178,5964.53369140625,6407.166195381901
179,5921.1552734375,6352.159049442135
180,5899.46630859375,6288.488608028672
181,5856.0869140625,6223.830072414074
182,5856.0869140625,6168.843309557043
183,5725.9521484375,6105.670312424602
184,5639.19482421875,6026.322853830765
185,5639.19482421875,5958.721389318487
186,5639.19482421875,5893.023559140172
187,5682.5732421875,5833.134422229723
188,5639.19482421875,5787.183674073536
189,5812.708984375,5726.369776111878
190,5769.330078125,5687.377909463581
191,5921.1552734375,5642.178180843866
192,5921.1552734375,5607.820796304475
193,5899.46630859375,5583.786229891422
194,5899.46630859375,5570.768962352167
195,5856.0869140625,5556.422911943213
196,5812.708984375,5546.6339364599235
197,5812.708984375,5535.471772105263
198,5834.3984375,5530.673254711493
199,5704.26318359375,5522.284888198967
200,5725.9521484375,5511.472390775503
201,5747.64111328125,5503.183755774928
202,5660.884765625,5497.596607203926
203,5335.54638671875,5488.439021973914
204,5400.61376953125,5476.9157858679555
205,5378.9248046875,5475.365700957139
206,5335.54638671875,5473.751554929157
207,5313.857421875,5464.038530694627
208,5335.54638671875,5455.217023673989
209,5205.4111328125,5428.876257042966
210,5183.72119140625,5402.703044205136
211,4988.5185546875,5374.810008761574
212,4880.0732421875,5328.8019938491325
213,4619.80224609375,5287.115920443666
214,4554.73486328125,5221.9017031688045
215,4598.11328125,5173.411319966185
216,4598.11328125,5116.2871239631095
217,4598.11328125,5056.570393960791
218,4511.3564453125,4995.91422223458
219,4554.73486328125,4934.844807771499
220,4641.49169921875,4876.601119480376
221,5010.2080078125,4818.790207713742
222,5378.9248046875,4766.699541195251
223,5205.4111328125,4731.9533008215485
224,5986.22314453125,4707.178998364253
225,5986.22314453125,4690.295132826968
226,5639.19482421875,4711.343941603022
227,5639.19482421875,4733.573513243202
228,5812.708984375,4763.031192942391
229,5465.68115234375,4794.565277867294
230,5509.0595703125,4810.078259762803
231,5530.7490234375,4824.515063421075
232,5335.54638671875,4840.531313335531
233,5335.54638671875,4860.232048110013
234,5422.3037109375,4891.979912747882
235,5725.9521484375,4934.302350849437
236,6029.60107421875,4988.121211596926
237,6051.29052734375,5054.0001842902575
238,6333.25,5122.533446870403
239,6051.29052734375,5216.021547783494
240,6007.912109375,5305.22252828928
241,6029.60107421875,5392.6180287107
242,6029.60107421875,5456.0828193787165
243,5942.84423828125,5493.722122894124
244,5812.708984375,5533.471075472564
245,5791.01953125,5536.089330980972
246,5639.19482421875,5526.412705108469
247,5682.5732421875,5508.8352081188405
248,5921.1552734375,5508.065504089864
249,5921.1552734375,5512.887559091076
250,5942.84423828125,5528.952825466395
251,6072.9794921875,5559.5420089131
252,6203.11474609375,5593.90570250191
253,6159.736328125,5653.154228240699
254,6072.9794921875,5705.626106937476
255,6072.9794921875,5750.69237489643
256,6159.736328125,5770.224949238351
257,6072.9794921875,5769.924541423763
258,6094.6689453125,5795.269206214007
259,6203.11474609375,5792.415331975416
260,6203.11474609375,5789.18703991945
261,6246.4931640625,5808.574263469014
262,6159.736328125,5824.825404146413
263,6181.42529296875,5833.920141537992
264,6333.25,5850.473631275954
265,6094.6689453125,5871.086509002809
266,6007.912109375,5897.760199318497
267,6007.912109375,5932.962025856893
268,6007.912109375,5957.506411994057
269,5791.01953125,5963.461426677268
270,5812.708984375,5961.09504783408
271,5660.884765625,5944.531609210499
272,5639.19482421875,5908.896156852499
273,5422.3037109375,5872.869786086339
274,5595.81689453125,5835.423636545416
275,5378.9248046875,5803.224917529917
276,4858.3837890625,5768.1322860776
277,4684.8701171875,5674.64527711537
278,4858.3837890625,5614.273012612962
279,5205.4111328125,5557.450801686829
280,4945.14013671875,5479.718945055456
281,4966.82958984375,5414.510551518519
282,5053.58642578125,5359.748609210935
283,5053.58642578125,5305.105204235682
284,4966.82958984375,5246.3939183203975
285,5010.2080078125,5176.560020937187
286,5183.72119140625,5107.128932093731
287,5183.72119140625,5060.287394690893
288,5096.96484375,5014.444870997797
289,5162.0322265625,4968.322565228594
290,5162.0322265625,4935.508956550601
291,5096.96484375,4900.228266894483
292,5096.96484375,4868.249151329875
293,4923.45166015625,4839.2651356485185
294,4793.31591796875,4801.615155280249
295,4923.45166015625,4769.62499887916
296,4966.82958984375,4742.153577795732
297,5031.89697265625,4719.383490479467
298,5031.89697265625,4721.270138911151
299,4901.76220703125,4725.205044501916
300,4923.45166015625,4707.259924055825
301,4988.5185546875,4690.145414231169
302,5118.6533203125,4686.990646866496
303,5357.2353515625,4682.834196578866
304,5465.68115234375,4688.887001528054
305,5422.3037109375,4716.9821692087335
306,5530.7490234375,4736.97287760069
307,5443.99267578125,4762.151565860095
308,5248.78955078125,4785.427347752776
309,5313.857421875,4799.095539332931
310,5465.68115234375,4815.282497565289
311,5574.12744140625,4831.113115833414
312,5357.2353515625,4865.623130837567
313,5292.16748046875,4885.71623995469
314,5552.4384765625,4919.392247156953
315,5552.4384765625,4967.415518046904
316,5443.99267578125,5013.198348426278
317,5899.46630859375,5050.061396207543
318,5465.68115234375,5072.017130837414
319,5292.16748046875,5105.793354863122
320,5292.16748046875,5169.65161182464
321,5010.2080078125,5214.612081877971
322,5162.0322265625,5221.957150006958
323,5031.89697265625,5241.730560177618
324,5075.275390625,5232.673555754672
325,4988.5185546875,5213.318484091564
326,4771.626953125,5187.1305905810505
327,4576.423828125,5116.267104863996
328,4337.84228515625,5076.270036784412
329,4337.84228515625,5019.744229853046
330,4199.03125,4951.753545522835
331,3869.355712890625,4871.098779092896
332,3760.909423828125,3986.053315297223
333,3773.92333984375,3663.3213843232147
334,3795.612548828125,3542.677982100894
335,3695.842041015625,3482.388228135404
336,3739.220458984375,2703.4659727397798
337,3713.193115234375,3249.058742600997
338,3583.057861328125,3631.9011049435803
339,3643.787353515625,3291.717835219325
340,3626.4365234375,3046.4649666694268
341,3652.46337890625,3222.4026675759305
342,3930.085205078125,3051.274403571804
343,3904.058349609375,2737.8481081653485
344,3843.32861328125,2652.0975103878227
345,3808.62548828125,2802.4084895303495
346,3878.03076171875,3084.783008640716
347,3921.409423828125,3229.311850153671
348,3756.571533203125,3267.0478140692344
349,3591.733642578125,3252.1972975285835
350,3531.00390625,3189.136369436223
351,3444.2470703125,3164.7487692434865
352,3478.94970703125,3045.5432388150534
353,3513.652587890625,3015.6795353874636
354,3487.625244140625,2940.746834123768
355,3513.652587890625,3073.9933815213926
356,3531.00390625,3136.0556674706236
357,3513.652587890625,3153.697392403243
358,3583.057861328125,3166.687634158694
359,3730.544677734375,3197.92846961354
360,3687.166259765625,3203.6078728662933
361,3704.51708984375,3196.9648533108684
362,3591.733642578125,3226.5575860991585
363,3617.760498046875,3302.123762938957
364,3635.112060546875,3319.533490020117
365,3675.65869140625,3307.7039616977086
366,3622.771728515625,3304.1321790576026
367,3693.287841796875,3306.4805369200917
368,3834.320556640625,3289.633361690029
369,3790.24755859375,3263.63492165386
370,3896.022216796875,2955.1449645223875
371,3772.61865234375,3100.9273201255673
372,3693.287841796875,3192.2609868243508
373,3578.698974609375,3276.305388632928
374,3640.40087890625,3211.756116351338
375,3561.06982421875,3275.3988267627324
376,3578.698974609375,3284.7260283597852
377,3552.25537109375,3295.1152279988696
378,3578.698974609375,3291.0296635212853
379,3578.698974609375,3280.2527454967026
380,3525.811767578125,3284.988111732357
381,3516.997314453125,3059.2235025186137
382,3516.997314453125,3098.592729185216
383,3508.182861328125,3165.5789400513804
384,3508.182861328125,3204.2217919057994
385,3499.3681640625,3051.6959269360345
386,3516.997314453125,3141.993559757698
387,3516.997314453125,3183.517690784117
388,3640.40087890625,3217.8134559297946
389,3578.698974609375,3089.844291876346
390,3675.65869140625,3117.9927831573937
391,3631.5859375,3036.721671130479
392,3649.21533203125,3126.912884241169
393,3596.327880859375,3155.254696322528
394,3508.182861328125,3166.957239859418
395,3464.110107421875,3172.92358353281
396,3384.779541015625,3168.812646363697
397,3411.222900390625,3165.6765331595625
398,3411.222900390625,3105.5807293827265
399,3446.481201171875,2976.7459971143135
400,3420.03759765625,3089.742497790546
401,3464.110107421875,3135.616718390573
402,3428.8515625,2922.933081432623
403,3464.110107421875,2864.041744953182
404,3437.66650390625,2999.374252146552
405,3428.8515625,3077.1918572524646
406,3437.66650390625,2938.2762346373124
407,3472.924560546875,3062.6640273571593
408,3481.739013671875,3092.9021182701554
409,3411.222900390625,3126.1793207524865
410,3411.222900390625,2883.474102471658
411,3349.52099609375,2924.027398186937
412,3340.706787109375,2869.2624833464542
413,3199.674072265625,2842.7079673344324
414,3199.674072265625,2836.9263908462754
415,3164.416015625,2826.730603003407
416,3111.529296875,2976.084153564806
417,3058.641845703125,2846.6553090322227
418,3058.641845703125,2967.509609430516
419,3076.27099609375,3002.5548623482628
420,2996.940185546875,2839.6710699987875
421,2811.834716796875,2786.8420020426615
422,2644.35888671875,2710.3510869006304
423,2547.39892578125,2615.9646137488003
424,2371.1083984375,2611.8606984303615
425,2371.1083984375,2492.1258599881485
426,2803.0205078125,2507.6260417930116
427,2820.6494140625,2466.869036578261
428,2688.431640625,2447.2730684224775
429,2644.35888671875,2471.6819919889676
430,2670.802490234375,2519.4607265500404
431,2750.133056640625,2527.66649461307
432,2679.616943359375,2633.142274731572
433,2679.616943359375,3094.028374587147
434,2688.431640625,2909.7062199920338
435,2661.988037109375,3028.2215313145634
436,2644.35888671875,2884.711677112513
437,2679.616943359375,2797.542089191401
438,2600.286376953125,2725.1374968261625
439,2670.802490234375,2662.0349911881794
440,2697.245849609375,2597.298987726403
441,2653.17333984375,2552.1542206333465
442,2635.544677734375,2514.5180716426476
443,2609.1005859375,2424.2026339555596
444,2600.286376953125,2457.113729579845
445,2670.802490234375,2430.038262011325
446,2653.17333984375,2434.2342651856898
447,2635.544677734375,2398.1772591314916
448,2635.544677734375,2375.101243582396
449,2582.656982421875,2364.9589006677693
450,2582.656982421875,2357.3103308634218
451,2547.39892578125,2349.2466377401674
452,2609.1005859375,2297.180236796361
453,2803.0205078125,2255.1791962314956
454,2732.504150390625,2238.701900398042
455,2635.544677734375,2218.7239314327953
456,2591.4716796875,2214.680194739573
457,2635.544677734375,2350.4054402592037
458,2556.213623046875,2405.317889793765
459,2468.068115234375,2391.171241744778
460,2538.58447265625,2344.6669958300477
461,2538.58447265625,2314.9172799395365
462,2582.656982421875,2288.1239603406552
463,2565.0283203125,2267.8420650524904
464,2591.4716796875,2317.451091248044
465,2644.35888671875,2363.66148105335
466,2609.1005859375,2346.4097494038556
467,2626.729736328125,2319.751589055965
468,2582.656982421875,2294.6222812410424
469,2494.511962890625,2306.4346416693616
470,2529.77001953125,2308.0447838775212
471,2600.286376953125,2301.184420602848
472,2644.35888671875,2300.347136948375
473,2635.544677734375,2283.1709925640216
474,2626.729736328125,2451.705296966392
475,2635.544677734375,2459.7421159656838
476,2582.656982421875,2431.4327439244803
477,2565.0283203125,2373.3063190230173
478,2556.213623046875,2335.2736705419807
479,2547.39892578125,2302.3581464503154
480,2573.842529296875,2282.542392851831
481,2573.842529296875,2259.075398230639
482,2573.842529296875,2241.7240563970663
483,2565.0283203125,2227.2823996238576
484,2556.213623046875,2206.5521978434053
485,2556.213623046875,2193.2388902930047
486,2573.842529296875,2189.8130764591115
487,2591.4716796875,2189.2128674693013
488,2617.915283203125,2182.8266535239545
489,2609.1005859375,2166.3884252657426
490,2565.0283203125,2156.4394183174113
491,2547.39892578125,2160.78101493988
492,2697.245849609375,2162.2953081280384
493,2617.915283203125,2172.0150053956054
494,2609.1005859375,2149.347682788126
495,2582.656982421875,2157.6880034627784
496,2556.213623046875,2187.0038508779394
497,2547.39892578125,2195.6300200223704
498,2512.140869140625,2183.1145645675806
499,2512.140869140625,2166.074428729331
500,2512.140869140625,2154.1684031827317
501,2644.35888671875,2152.4967477427476
502,2644.35888671875,2172.9138022819025
503,2538.58447265625,2267.7185532773487
504,2600.286376953125,2488.049182777292
505,2609.1005859375,2513.084704146061
506,2609.1005859375,2594.2410400047197
507,2609.1005859375,2738.1377177992026
508,2600.286376953125,2911.009099360757
509,2547.39892578125,3058.078895360767
510,2556.213623046875,2976.3961481913066
511,2547.39892578125,2781.8158735583556
512,2441.62451171875,2636.3931944359297
513,2459.253662109375,2591.0792356233887
514,2423.99560546875,2525.7004370882323
515,2441.62451171875,2474.0394532334594
516,2423.99560546875,2427.265374128243
517,2423.99560546875,2398.4153650830785
518,2397.552001953125,2377.985995764772
519,2573.842529296875,2364.6648625665357
520,2468.068115234375,2409.6316416692844
521,2450.439208984375,2459.05291298072
522,2432.810302734375,2430.9394854550906
523,2450.439208984375,2349.1034708495317
524,2556.213623046875,2329.3368550397827
525,2573.842529296875,2310.778300865679
526,2556.213623046875,2283.063981379665
527,2538.58447265625,2260.64477427333
528,2529.77001953125,2239.6207163834533
529,2520.95556640625,2204.44097151802
530,2847.0927734375,2204.3812782042974
531,2882.351318359375,2157.748424743742
532,2882.351318359375,2185.969773412779
533,2882.351318359375,2181.0692192774627
534,2882.351318359375,2203.2301193412864
535,2882.351318359375,2427.695542103454
536,2996.940185546875,2893.744415960775
537,3076.27099609375,2899.2524284263377
538,2917.609375,2758.9122042534536
539,2970.49658203125,2721.889488990767
540,3014.569091796875,2761.3693970098966
541,2996.940185546875,2728.2177082126186
542,3085.085205078125,2693.786556326188
543,3516.997314453125,2743.9715259368672
544,3358.335693359375,2876.4159140993734
545,3428.8515625,2895.1622534895637
546,3552.25537109375,3027.5596271011195
547,3613.957275390625,3152.7198992250487
548,3613.957275390625,2983.010852854272
549,3569.884521484375,3039.881503933867
550,3525.811767578125,3067.3407922299516
551,3525.811767578125,3006.106341527051
552,3552.25537109375,3101.343141079747
553,3525.811767578125,3096.5225420130146
554,3525.811767578125,3063.8817952226777
555,3508.182861328125,3102.506463062068
556,3587.513671875,3136.8926933033654
557,3552.25537109375,3113.5326795345613
558,3525.811767578125,3091.793211839063
559,3481.739013671875,3108.1627988528876
560,3411.222900390625,3074.634841988165
561,3261.3759765625,3058.7040978925015
562,3173.23046875,3020.447599485005
563,3217.30322265625,3030.720096875843
564,3331.89208984375,3053.535075505275
565,3402.408203125,3086.1013573133
566,3384.779541015625,3073.091976085817
567,3393.593994140625,3060.933042587073
568,3358.335693359375,3067.5099232854996
569,3393.593994140625,3048.1068057845177
570,3411.222900390625,3028.0682638784656
571,3420.03759765625,3024.0170655210277
572,3428.8515625,3029.57100058668
573,3393.593994140625,3010.430042288191
574,3349.52099609375,3004.827545741202
575,3384.779541015625,2994.936321192587
576,3384.779541015625,2980.384104394724
577,3411.222900390625,2964.059560353907
578,3411.222900390625,2964.9948465981347
579,3411.222900390625,2952.393157357312
580,3446.481201171875,2939.999970066962
581,3499.3681640625,2936.8687099777644
582,3455.29541015625,2635.0715092468267
583,3490.5537109375,2811.2132533044546
584,3481.739013671875,2886.009248386774
585,3481.739013671875,2943.4419508399883
586,3472.924560546875,2960.8731567462396
587,3446.481201171875,2966.8521336844515
588,3437.66650390625,2972.9525294919886
589,3464.110107421875,2667.5941736843574
590,3472.924560546875,2853.368683588247
591,3464.110107421875,2928.6638822057535
592,3525.811767578125,2955.108869480045
593,3613.957275390625,2983.393005323577
594,3702.102294921875,3003.182188117782
595,3719.731689453125,3028.7707219336003
596,3658.029541015625,3048.465026330791
597,3605.142578125,3076.660714154599
598,3605.142578125,3087.6933610043834
599,3658.029541015625,3116.7997358460843
600,3658.029541015625,3138.939873677569
601,3675.65869140625,3159.7581746601086
602,3702.102294921875,3201.6052046556506
603,3702.102294921875,2801.6210109679155
604,3693.287841796875,2997.008540606668
605,3702.102294921875,3084.411502692303
606,3702.102294921875,3150.496035135177
607,3746.175048828125,3197.0941888239345
608,3781.433349609375,3236.5887926817322
609,4001.796142578125,3270.9488388513464
610,4054.683349609375,3279.5597661816787
611,4081.127685546875,3339.782293130806
612,4125.2001953125,3390.7318406678114
613,4116.38525390625,3451.614323001416
614,4142.82861328125,3491.6123617039866
615,4152.65283203125,3522.559606454132
616,4250.88720703125,3551.5374040819756
617,4295.5390625,3576.399760243405
618,4295.5390625,3591.3118961777695
619,4295.5390625,3583.869037782806
620,4295.5390625,3594.3274398076924
621,4295.5390625,3626.114736004423
622,4295.5390625,3674.1411007551465
623,4295.5390625,3637.70088061275
624,4295.5390625,3667.9908695236018
625,4465.2177734375,3702.327749652385
626,4465.2177734375,3733.085154195588
627,4465.2177734375,3762.9537107381148
628,4393.7744140625,3807.86431503547
629,4375.91357421875,3839.914832053586
630,4375.91357421875,3536.727335221126
631,4375.91357421875,3237.1107300272015
632,4349.1220703125,3463.3031716545934
633,4375.91357421875,3655.3506283509996
634,4487.54345703125,3767.022683629009
635,4576.84765625,3832.0325241010946
636,4554.52197265625,3870.2834414264144
637,4554.52197265625,3898.0674334437394
638,4666.15234375,3955.533531394113
639,4532.19580078125,3967.3165304770646
640,4420.5654296875,3973.336819556176
641,4268.748046875,3981.315279848353
642,4268.748046875,3981.756549323982
643,4286.609375,3983.187793582784
644,4268.748046875,3986.8117358339723
645,4268.748046875,3962.196069571174
646,4438.4267578125,3958.5569006718715
647,4456.287109375,3973.160348164286
648,4411.63525390625,3984.3022507640853
649,4429.49609375,4068.1497601830783
650,4393.7744140625,4131.740671175515
651,4277.67919921875,4133.470078683246
652,4295.5390625,4130.905328767017
653,4304.4697265625,4126.556513136079
654,4331.26123046875,4123.900221339353
655,4358.05224609375,4120.611993313918
656,4411.63525390625,4120.832203404176
657,4438.4267578125,4117.1737433729995
658,4438.4267578125,4133.398616565802
659,4447.3564453125,4124.213793228208
660,4420.5654296875,4114.2113413516345
661,4420.5654296875,4113.760850957626
662,4375.91357421875,4119.3450269957275
663,4295.5390625,4126.064589273296
664,4331.26123046875,4127.571663452985
665,4304.4697265625,4166.3048590751505
666,4250.88720703125,4169.406424167329
667,4206.23486328125,4165.300203619295
668,4241.95703125,4151.804479611206
669,4241.95703125,4139.3894229716725
670,4224.09619140625,4125.980084409459
671,4224.09619140625,4116.19329282789
672,4224.09619140625,4113.626237682065
673,4179.44384765625,4110.205883602476
674,4277.67919921875,4107.406606906925
675,4233.0263671875,4102.592074233864
676,4233.0263671875,4096.082773160932
677,4241.95703125,4084.363228555779
678,4241.95703125,4075.080432960398
679,4250.88720703125,4065.6753388686093
680,4259.81787109375,4054.2402474626906
681,4295.5390625,4047.9325326514468
682,4375.91357421875,4040.7855322758182
683,4375.91357421875,4042.508752062006
684,4384.84375,4034.982602081939
685,4402.70458984375,4036.747376664773
686,4402.70458984375,4038.3513311513884
687,4259.81787109375,4047.4182237960185
688,4268.748046875,4050.6167905229954
689,4358.05224609375,4059.2189367484893
690,4384.84375,4065.964948502464
691,4331.26123046875,4069.485640733372
692,4322.3310546875,4074.5023663074876
693,4313.400390625,4079.7702405795835
694,4268.748046875,4086.566239417407
695,4268.748046875,4091.9337845375176
696,4259.81787109375,4094.362889891264
697,4268.748046875,4097.043689918421
698,4295.5390625,4098.712676145189
699,4295.5390625,4101.5234183247785
700,4286.609375,4104.110917217275
701,4259.81787109375,4104.728961404478
702,4313.400390625,4103.471943971907
703,4197.3046875,4108.284110751437
704,3804.365478515625,4101.176602598606
705,3625.756591796875,3769.155688307673
706,3750.782958984375,3847.349258161347
707,3929.391357421875,3892.9967169659517
708,3875.80908203125,3914.3711090903284
709,4018.69580078125,3918.229638784775
710,4072.2783203125,3914.557226048155
711,4072.2783203125,3903.168785209566
712,4072.2783203125,3889.0652085556426
713,3911.530517578125,3877.519769448848
714,3929.391357421875,3861.2918933911783
715,3920.461181640625,3849.058282586344
716,3920.461181640625,3837.3031282503425
717,3902.600341796875,3824.504918186547
718,3902.600341796875,3810.763808554467
719,3875.80908203125,3797.0310705456523
720,3831.156982421875,3783.6934367566305
721,3795.435302734375,3768.752879767918
722,3536.452392578125,3751.8349210982024
723,3706.130859375,3713.1374565347596
724,3527.521728515625,3696.3387025006796
725,3527.521728515625,3725.0713268283093
726,3482.86962890625,3728.219785143564
727,3420.3564453125,3716.000794347477
728,3420.3564453125,3683.160068889775
729,3500.73046875,3647.651040175879
730,3393.565185546875,3595.5888250437056
731,3393.565185546875,3533.979835195557
732,3384.635009765625,3467.831249218509
733,3366.77392578125,3399.2822102233226
734,3366.77392578125,3341.348453984851
735,3206.0263671875,3291.4230994828185
736,3214.95654296875,3241.933338586837
737,3107.791748046875,3185.6904606732946
738,3134.5830078125,3105.637996138981
739,3116.7216796875,2743.8243552264084
740,3107.791748046875,2881.5281247098715
741,3081.000244140625,2924.1591299255024
742,3072.069580078125,2931.561131159092
743,3081.000244140625,2917.702363821762
744,2955.974365234375,2663.0657321368208
745,2920.25244140625,2760.995464504015
746,2920.25244140625,2860.1140280389177
747,2938.11328125,2846.43740417156
748,2964.904541015625,2800.4124640207765
749,2964.904541015625,2748.2295276545497
750,2964.904541015625,2702.468172308772
751,2964.904541015625,2674.0469966322116
752,2964.904541015625,2628.250031555585
753,2991.69580078125,2555.6406377400135
754,3089.9306640625,2736.938331106507
755,3089.9306640625,2808.646137494693
756,3098.861083984375,2758.766610805349
757,3089.9306640625,2708.5645946284544
758,3089.9306640625,2665.4472163002497
759,3054.208984375,2602.182252639757
760,3089.9306640625,2580.8342493278487
761,3089.9306640625,2561.479662976235
762,3081.000244140625,2551.503478584257
763,3125.65234375,2551.4191557122303
764,3170.304443359375,2509.554002365596
765,3179.23486328125,2497.9163540750014
766,3125.65234375,2508.9856419425587
767,3107.791748046875,2528.476297504213
768,3098.861083984375,2539.8295532595102
769,3054.208984375,2542.5554872555795
770,3045.278564453125,2549.8339463820585
771,3036.347900390625,2553.9476892582443
772,3098.861083984375,2558.7398369386597
773,3072.069580078125,2522.448425433013
774,3009.556884765625,2504.7337672824838
775,2982.765625,2505.2719170650394
776,3027.417724609375,2385.847010675478
777,3054.208984375,2478.922536155003
778,3081.000244140625,2525.019059751104
779,3081.000244140625,2544.9237466808054
780,3214.95654296875,2552.7623159349287
781,3152.44384765625,2560.2685074798173
782,3232.817626953125,2567.4846040793586
783,3259.60888671875,2573.381806030885
784,3170.304443359375,2579.4822321703905
785,3241.748046875,2582.1208707615333
786,3125.65234375,2449.595405247614
787,3125.65234375,2578.886390984024
788,3143.51318359375,2717.2302559956834
789,3143.51318359375,2750.6520206391947
790,3125.65234375,2767.212790049561
791,3107.791748046875,2756.0179278330143
792,3170.304443359375,2731.2382262853516
793,2991.69580078125,2713.1885212123725
794,3179.23486328125,2700.1997050594337
795,3054.208984375,2708.853294303258
796,2947.043701171875,2642.498291698562
797,2857.7392578125,2550.140784573938
798,2893.461181640625,2533.2025034854246
799,2857.7392578125,2689.1631757177
800,2857.7392578125,2730.094286430809
801,2839.878173828125,2721.7308527962696
802,2795.22607421875,2709.6140200696027
803,2822.017333984375,2667.0791368616883
804,2777.365234375,2646.3614318521986
805,2777.365234375,2619.18083368136
806,2723.78271484375,2577.0724786124547
807,2696.991455078125,2459.9538937687385
808,2643.408935546875,2503.2155309384398
809,2589.826171875,2542.739966287115
810,2500.52197265625,2612.5104091925264
811,2402.287109375,2672.308974845467
812,2455.86962890625,2770.5216438134776
813,2491.591552734375,2839.819696643727
814,2491.591552734375,2876.20835243992
815,2491.591552734375,2931.365186643518
816,2518.382568359375,2849.96561873062
817,2545.174072265625,2793.4535825128864
818,2571.96533203125,2752.9400823400897
819,2571.96533203125,2640.2814494593645
820,2625.5478515625,2717.9099347425836
821,2679.130615234375,2659.697791698549
822,2679.130615234375,2555.376931607135
823,2670.199951171875,2470.811828480798
824,2670.199951171875,2390.0429531859063
825,2670.199951171875,2405.592090787695
826,2670.199951171875,2504.79358192408
827,2670.199951171875,2478.599136708401
828,2625.5478515625,2418.3956999418574
829,2634.478271484375,2403.8905886908497
830,2634.478271484375,2501.7017230617757
831,2634.478271484375,2563.495100945555
832,2598.7568359375,2747.74106163616
833,2598.7568359375,2730.4855688225894
834,2598.7568359375,2842.4523901690727
835,2813.0869140625,2858.7877323906246
836,2786.295654296875,2793.023535865548
837,2786.295654296875,2767.5188396102635
838,2786.295654296875,2873.560856914017
839,2786.295654296875,3074.3363147556147
840,2527.313232421875,3165.297611044887
841,2527.313232421875,3084.2402180670024
842,2563.03466796875,2910.4678557174293
843,2500.52197265625,2858.4259326720853
844,2482.660888671875,2876.0909373904174
845,2482.660888671875,2813.1475835903934
846,2473.73046875,2773.055758441669
847,2509.452392578125,2770.100272109089
848,2509.452392578125,2764.4982608735936
849,2518.382568359375,2624.966656645087
850,2527.313232421875,2608.6145105130663
851,2545.174072265625,2504.5182283153526
852,2554.1044921875,2418.02188876385
853,2563.03466796875,2404.9660389608466
854,2563.03466796875,2361.446458732254
855,2491.591552734375,2311.6647223088867
856,2509.452392578125,2304.535253810968
857,2491.591552734375,2296.2898115333296
858,2482.660888671875,2236.1507392036356
859,2571.96533203125,2165.8109045882625
860,2589.826171875,2139.9143193018303
861,2589.826171875,2148.8645551961663
862,2536.24365234375,2300.9029399365136
863,2536.24365234375,2390.2052898805428
864,2536.24365234375,2359.7761985628144
865,2545.174072265625,2327.577843530936
866,2637.014892578125,2304.3224447209886
867,2600.64208984375,2266.0671595922263
868,2591.549072265625,2234.0982355689857
869,2591.549072265625,2206.20010435474
870,2591.549072265625,2192.409735606051
871,2591.549072265625,2396.422494098215
872,2591.549072265625,2634.672340543274
873,2591.549072265625,2791.4320174859586
874,2591.549072265625,2838.1054551201732
875,2591.549072265625,2807.0453375327866
876,2591.549072265625,2714.5974411424645
877,2600.64208984375,2627.6996883217507
878,2600.64208984375,2594.9440137033166
879,2600.64208984375,2495.519582599522
880,2536.990234375,2479.3825507870756
881,2527.89697265625,2501.534472588266
882,2582.4560546875,2449.4440487255224
883,2527.89697265625,2475.6793814345438
884,2573.363037109375,2594.7155533176665
885,2536.990234375,2584.9720757869086
886,2455.15185546875,2548.4684618306505
887,2446.05859375,2535.5642112054857
888,2436.965576171875,2545.1261215736704
889,2400.5927734375,2509.627223737205
890,2355.127197265625,2487.915418796846
891,2373.3134765625,2417.477126612193
892,2346.033935546875,2346.417271732008
893,2318.75439453125,2285.3553795970793
894,2346.033935546875,2229.2691435511138
895,2327.84765625,2186.4564195130674
896,2273.288818359375,2141.9158652296437
897,2182.357421875,2103.0826954397808
898,2227.822998046875,2080.6133799217228
899,2300.568359375,2072.3861368250978
900,2318.75439453125,2110.096053162836
901,2418.779052734375,2101.344188341542
902,2418.779052734375,2087.6721142694378
903,2327.84765625,2063.0859913438176
904,2355.127197265625,2057.6440722373004
905,2364.220458984375,2043.9097569661315
906,2391.5,2032.0914514720146
907,2373.3134765625,2011.8675509073448
908,2373.3134765625,2017.700752405642
909,2336.94091796875,2012.2312918718587
910,2382.40673828125,2010.9034796251478
911,2346.033935546875,2011.5346272226798
912,2318.75439453125,2010.3681810476178
913,2309.661376953125,2009.9168413584946
914,2309.661376953125,2009.7485595980606
915,2236.916259765625,2006.0424783765666
916,2209.63671875,2005.5470966693917
917,2209.63671875,2002.828260353918
918,2209.63671875,2012.2022945101112
919,2209.63671875,2013.5518244461643
920,2191.450439453125,2011.3895190860692
921,2291.47509765625,2006.362541306649
922,2291.47509765625,2015.8486824178826
923,2291.47509765625,2024.0730136455456
924,2300.568359375,2019.7060594975317
925,2300.568359375,2016.2000479393075
926,2300.568359375,2013.133607266485
927,2309.661376953125,2025.7071787726425
928,2309.661376953125,2012.141023934034
929,2346.033935546875,2000.1757903852053
930,2373.3134765625,2007.9929452696701
931,2273.288818359375,2004.9235927278853
932,2136.891357421875,2007.168279714033
933,2091.42578125,2003.173802137419
934,2036.8665771484373,1992.1795555595722
935,2055.052978515625,1982.8995505052799
936,2055.052978515625,1974.1755910948723
937,2064.14599609375,1969.9129789179997
938,2073.2392578125,1966.0768342161991
939,2182.357421875,1957.0887440253557
940,2173.26416015625,1936.205669124394
941,2200.543701171875,1933.7987667714838
942,2282.382080078125,1931.336902891914
943,2427.872314453125,1925.1824251848
944,2436.965576171875,1908.0639115403208
945,2409.68603515625,1904.4565912077908
946,2500.617431640625,1911.672445151585
947,2664.29443359375,1910.8191462178204
948,2773.412109375,1903.0368124330273
949,2818.8779296875,1911.9790406877178
950,2827.97119140625,1933.3987487728173
951,2900.71630859375,1936.056678495834
952,2791.598388671875,1943.8454426579185
953,2818.8779296875,2024.0732563012925
954,2818.8779296875,2085.0331116946745
955,2800.691650390625,2169.1925550762307
956,2773.412109375,2468.7262630006408
957,2727.946533203125,2612.9404558398646
958,2637.014892578125,2827.0381691625275
959,2709.760009765625,2661.676588650096
960,2664.29443359375,2502.048781443694
961,2627.921630859375,2413.0357378138356
962,2600.64208984375,2506.353858376264
963,2609.7353515625,2686.774472545803
964,2500.617431640625,2609.5674802948456
965,2582.4560546875,2525.442858012961
966,2482.431396484375,2493.1709176258532
967,2509.710693359375,2461.0010139802916
968,2536.990234375,2438.717148116757
969,2509.710693359375,2406.5382662085626
970,2573.363037109375,2379.618826285261
971,2582.4560546875,2359.8155694577395
972,2591.549072265625,2338.6937819658233
973,2591.549072265625,2415.2360187983113
974,2618.82861328125,2421.07546868209
975,2546.08349609375,2386.7386492172436
976,2555.176513671875,2394.858577809828
977,2591.549072265625,2323.258813892923
978,2564.269775390625,2320.757761110239
979,2536.990234375,2291.524901960497
980,2491.5244140625,2266.256552402635
981,2455.15185546875,2244.3379441020315
982,2464.2451171875,2194.8649264525825
983,2455.15185546875,2182.9861996775026
984,2500.617431640625,2176.3074642293395
985,2464.2451171875,2184.3392481218843
986,2464.2451171875,2186.099108925845
987,2455.15185546875,2187.982481504947
988,2473.338134765625,2179.8853018886284
989,2482.431396484375,2176.9433436139348
990,2482.431396484375,2176.309769458934
991,2455.15185546875,2177.778807350306
992,2455.15185546875,2174.1767041163334
993,2455.15185546875,2158.6976940253817
994,2473.338134765625,2155.1255587761434
995,2455.15185546875,2147.8234407143477
996,2446.05859375,2142.2143317982573
997,2436.965576171875,2138.454138345218
998,2427.872314453125,2132.670438619276
999,2446.05859375,2147.5875793284185
1000,2455.15185546875,2145.2038505993314
1001,2464.2451171875,2145.814615114129
1002,2455.15185546875,2144.1161462141195
1003,2455.15185546875,2144.66600413646
1004,2455.15185546875,2147.2308753805632
1005,2455.15185546875,2138.9726936762163
1006,2455.15185546875,2060.9438264107102
1007,2482.431396484375,2081.171852123076
1008,2482.431396484375,2075.822870167599
1009,2573.363037109375,2067.4613171150977
1010,2573.363037109375,2074.8886455422635
1011,2573.363037109375,2212.0627885262784
1012,2682.48046875,2380.275574064085
1013,2637.014892578125,2431.9617941165293
1014,2609.7353515625,2377.4426895475963
1015,2609.7353515625,2303.3620132749943
1016,2609.7353515625,2359.849783918044
1017,2627.921630859375,2658.5693211478674
1018,2637.014892578125,2686.4275961556946
1019,2646.108154296875,2799.281748904437
1020,2646.108154296875,2902.9357303395973
1021,2655.201171875,2730.3980914258536
1022,2637.014892578125,2868.4689687223176
1023,2637.014892578125,2904.493428574471
1024,2609.7353515625,2960.2877800889555
1025,2637.014892578125,2877.167964922769
1026,2627.921630859375,2778.2880229829157
1027,2627.921630859375,2645.4575391952176
1028,2573.363037109375,2522.577214970649
1029,2527.89697265625,2615.802701701721
1030,2455.15185546875,2642.4165167118767
1031,2446.05859375,2784.582877039577
1032,2427.872314453125,2910.767171581157
1033,2409.68603515625,2915.0399146354603
1034,2336.94091796875,2942.620348813155
1035,2409.68603515625,2941.355748388496
1036,2409.68603515625,2920.383558164507
1037,2382.40673828125,2810.8537588155104
1038,2436.965576171875,2725.930374478964
1039,2427.872314453125,2606.904454801145
1040,2464.2451171875,2517.825105488462
1041,2464.2451171875,2494.894258739914
1042,2564.269775390625,2395.3015458756854
1043,2727.946533203125,2341.580657385984
1044,2909.8095703125,2282.399347289069
1045,2873.436767578125,2301.9748716981812
1046,2900.71630859375,2305.390979302201
1047,2882.530029296875,2260.397750723046
1048,2837.064208984375,2231.7471440378486
1049,2800.691650390625,2282.346812319878
1050,2755.225830078125,2780.1225004290295
1051,2773.412109375,2652.698204689126
1052,2718.853271484375,2503.5946198789416
1053,2755.225830078125,2405.9622014655633
1054,2755.225830078125,2356.071633939738
1055,2709.760009765625,2395.6152390924135
1056,2718.853271484375,2370.936664327247
1057,2718.853271484375,2674.335756970952
1058,2727.946533203125,3123.4397677026263
1059,2727.946533203125,3090.577051567867
1060,2691.57373046875,2884.0865655766834
1061,2700.6669921875,3266.072186307094
1062,2727.946533203125,3170.51621103439
1063,2727.946533203125,2862.7645264296875
1064,2727.946533203125,3092.5414408344454
1065,2718.853271484375,3026.6452395830884
1066,2664.29443359375,3132.4541102120806
1067,2718.853271484375,3127.059220822498
1068,2718.853271484375,3056.959312076814
1069,2709.760009765625,3043.4424770187507
1070,2746.1328125,2806.3352661535946
1071,2918.90283203125,2745.6817636405985
1072,2918.90283203125,2650.5668986006904
1073,3091.672607421875,2566.04832471381
1074,3091.672607421875,2542.193080897673
1075,2991.64794921875,2462.947659045383
1076,3000.7412109375,2415.310938760148
1077,3137.138671875,2469.7779330074472
1078,3173.510986328125,2500.2697508357337
1079,3155.32470703125,2483.157606904609
1080,3128.04541015625,2705.04032322528
1081,3091.672607421875,2851.82248116938
1082,3091.672607421875,2647.16407639881
1083,3082.57958984375,2782.428094007634
1084,3082.57958984375,2615.0607210918197
1085,3064.393310546875,2515.881918267764
1086,3073.486328125,2775.8760248593217
1087,3073.486328125,2652.7256247885193
1088,3073.486328125,2905.142108049712
1089,3091.672607421875,3049.6628660931
1090,3055.300048828125,3098.2220421999486
1091,3064.393310546875,3055.5589457617975
1092,3064.393310546875,3028.4125620512636
1093,3046.20703125,2992.709712059579
1094,3046.20703125,2968.9727325880585
1095,3064.393310546875,2918.750575984176
1096,3046.20703125,2847.0198386279135
1097,3028.020751953125,2777.5981526946484
1098,2955.275634765625,2731.0154076458157
1099,3000.7412109375,2583.899719377684
1100,3009.83447265625,2693.7994170807706
1101,2991.64794921875,2709.418318209776
1102,2991.64794921875,2662.7198263697
1103,2946.182373046875,2653.9270740550633
1104,2873.436767578125,2633.2979990571066
1105,2809.78466796875,2607.805374925227
1106,2791.598388671875,2588.9688585931176
1107,2800.691650390625,2525.4349717011887
1108,2746.1328125,2497.517610019006
1109,2764.319091796875,2420.6471812889163
1110,2727.946533203125,2530.4246411595323
1111,2827.97119140625,2470.047766197934
1112,2827.97119140625,2648.708034252019
1113,2818.8779296875,2662.9769201334775
1114,2727.946533203125,2613.155266839755
1115,2727.946533203125,2751.080793343862
1116,2727.946533203125,2738.0127500895796
1117,2773.412109375,2815.4062232819842
1118,2691.57373046875,2802.0369835819365
1119,2773.412109375,2693.342253653723
1120,2727.946533203125,2800.6648866614273
1121,2709.760009765625,2762.2282163619016
1122,2673.3876953125,2797.206253637774
1123,2673.3876953125,2873.8521954700677
1124,2718.853271484375,2979.295581046366
1125,2718.853271484375,2954.088411068676
1126,2718.853271484375,3051.8200756825117
1127,2718.853271484375,3085.897678145796
1128,2718.853271484375,3100.706169744291
1129,2718.853271484375,2979.614794681335
1130,2768.253173828125,2970.499734870957
1131,2786.89453125,2869.3802320476084
1132,2758.932373046875,2910.0591931077815
1133,2721.6494140625,2911.4497925289875
1134,2703.008056640625,2820.0863853352325
1135,2665.72509765625,2809.2155898685905
1136,2665.72509765625,2858.8611357540435
1137,2675.0458984375,2903.2371694411095
1138,2675.0458984375,2946.3733839216625
1139,2665.72509765625,2942.080439776435
1140,2647.083740234375,2893.134561405028
1141,2647.083740234375,2867.943528034503
1142,2647.083740234375,2906.4988266622654
1143,2637.76318359375,2865.9458039347023
1144,2665.72509765625,2848.16389981033
1145,2675.0458984375,2830.6530724871463
1146,2777.57373046875,2744.093521113591
1147,2870.781005859375,2629.1021778745517
1148,2814.856689453125,2600.8563209750837
1149,2749.611572265625,2536.239704140753
1150,2712.328857421875,2516.3771179831288
1151,2740.291015625,2483.841956774636
1152,2740.291015625,2510.5717612317812
1153,2712.328857421875,2496.050877357229
1154,2777.57373046875,2491.6376366255054
1155,2777.57373046875,2492.934085616937
1156,2730.97021484375,2490.389536791631
1157,2703.008056640625,2474.0617775621686
1158,2712.328857421875,2295.0997064229505
1159,2656.404541015625,2579.5991922403678
1160,2665.72509765625,2645.5956709791067
1161,2619.12158203125,2557.7672120413863
1162,2628.4423828125,2544.2887772552604
1163,2628.4423828125,2570.399142254659
1164,2581.8388671875,2543.1933078861493
1165,2665.72509765625,2535.9359598096453
1166,2619.12158203125,2531.3174323160947
1167,2609.801025390625,2439.45706615281
1168,2591.159423828125,2316.8334110444616
1169,2507.27294921875,2274.887574662003
1170,2497.952392578125,2260.6996144721156
1171,2581.8388671875,2263.0653866759367
1172,2619.12158203125,2262.4107014709607
1173,2609.801025390625,2263.9480469550685
1174,2600.480224609375,2255.4872477021095
1175,2581.8388671875,2230.6328688483572
1176,2609.801025390625,2219.085488495588
1177,2600.480224609375,2210.6915409008834
1178,2581.8388671875,2171.7525732053973
1179,2544.555908203125,2161.2766393028023
1180,2497.952392578125,2169.2001987322565
1181,2516.59375,2185.4837339518576
1182,2516.59375,2175.8782062131786
1183,2516.59375,2309.6879272672513
1184,2479.310791015625,2397.408343733691
1185,2497.952392578125,2390.3087218926335
1186,2479.310791015625,2370.086034606698
1187,2460.66943359375,2355.8947379002916
1188,2497.952392578125,2347.6128365966906
1189,2423.38671875,2333.5721684451355
1190,2395.424560546875,2313.6929603688527
1191,2404.7451171875,2284.7947234940043
1192,2423.38671875,2218.355943992712
1193,2469.990234375,2200.458626728748
1194,2497.952392578125,2193.7115836878497
1195,2497.952392578125,2215.1483990031015
1196,2479.310791015625,2184.368852122999
1197,2497.952392578125,2171.9458485077557
1198,2488.631591796875,2153.162959095698
1199,2460.66943359375,2139.4649208586816
1200,2432.707275390625,2152.2169656666406
1201,2442.028076171875,2143.1529242270362
1202,2423.38671875,2040.9263045587281
1203,2414.06591796875,2069.5072690445827
1204,2404.7451171875,2076.2239801171263
1205,2348.82080078125,2075.078038352672
1206,2311.5380859375,2076.227619953329
1207,2320.858642578125,2073.276804743876
1208,2339.500244140625,2071.6137635829045
1209,2274.255126953125,2060.857198309088
1210,2227.651611328125,2059.3405998913354
1211,2190.36865234375,2052.96542678247
1212,2283.575927734375,2045.5058251409744
1213,2302.21728515625,2010.3177086522749
1214,2292.896728515625,2043.1166366575835
1215,2274.255126953125,2034.9436271203772
1216,2274.255126953125,2014.8789087256348
1217,2311.5380859375,2003.565084529199
1218,2274.255126953125,1993.2995331591144
1219,2274.255126953125,1977.469278874611
1220,2283.575927734375,1972.8412271429968
1221,2236.972412109375,1965.2401572010933
1222,2199.689453125,1951.1911174262723
1223,2171.727294921875,1937.4288967442167
1224,2171.727294921875,1926.939374119798
1225,2162.406494140625,1918.1975795119977
1226,2236.972412109375,1911.575140197102
1227,2255.61376953125,1911.8528596993608
1228,2255.61376953125,1904.0267265522627
1229,2236.972412109375,1905.349685684037
1230,2162.406494140625,1901.177341444989
1231,2153.0859375,1892.5616064976723
1232,2134.4443359375,1876.528977320304
1233,2087.840576171875,1898.4531667030847
1234,2087.840576171875,1892.757551013246
1235,2050.557861328125,1880.1257421278465
1236,2050.557861328125,1872.0591371356297
1237,2031.9163818359373,1866.305769378043
1238,2022.5958251953125,1858.6855296321392
1239,2003.9542236328125,1843.8983310754295
1240,1957.3507080078125,1835.8568409530105
1241,1938.7093505859373,1814.7289264034869
1242,1882.784912109375,1800.8882065873283
1243,1864.1434326171875,1778.260800850204
1244,1910.7470703125,1734.2163562411956
1245,2003.9542236328125,1734.1509605174222
1246,2031.9163818359373,1713.5354135773518
1247,2003.9542236328125,1681.9504922734861
1248,2069.19921875,1686.2074020403081
1249,2041.2371826171875,1686.8958163940943
1250,2050.557861328125,1686.2066740730675
1251,2041.2371826171875,1679.1088721501112
1252,2022.5958251953125,1663.648182568046
1253,2041.2371826171875,1662.505152672554
1254,1985.3128662109373,1656.6536306653702
1255,1985.3128662109373,1659.9783783807045
1256,2003.9542236328125,1660.2212767832918
1257,2003.9542236328125,1657.9327904348395
1258,1985.3128662109373,1677.420958775089
1259,1957.3507080078125,1667.4629735641245
1260,1994.6336669921875,1672.9821785260103
1261,2087.840576171875,1680.3166911300095
1262,2302.21728515625,1656.6404059271674
1263,2693.687255859375,1707.7088851120927
1264,2563.197265625,1799.5071314041859
1265,2535.235107421875,1803.24548584001
1266,2535.235107421875,1821.6214415646161
1267,2497.952392578125,1845.2409453226976
1268,2442.028076171875,1872.0628982997057
1269,2423.38671875,1896.1286459762268
1270,2358.1416015625,1917.8166099894584
1271,2358.1416015625,1941.533782685643
1272,2320.858642578125,1959.1769180547913
1273,2423.38671875,1978.804613449474
1274,2507.27294921875,2010.1658061547528
1275,2479.310791015625,2033.7929535688597
1276,2469.990234375,2056.6613164625965
1277,2404.7451171875,2088.9169382507293
1278,2451.348876953125,2118.7843421784582
1279,2497.952392578125,2160.8636392216795
1280,2460.66943359375,2192.5445308734206
1281,2460.66943359375,2230.8373063150702
1282,2386.103759765625,2277.1544646489865
1283,2386.103759765625,2264.915272761975
1284,2376.782958984375,2104.4037133255797
1285,2404.7451171875,2064.44898867382
1286,2460.66943359375,2029.4846007837077
1287,2451.348876953125,2019.2829892029154
1288,2404.7451171875,2023.4137179813802
1289,2376.782958984375,2017.694928667718
1290,2302.21728515625,2011.5975963889848
1291,2264.9345703125,2009.4349270452694
1292,2199.689453125,2004.9415492531516
1293,2181.048095703125,2003.5612020372496
1294,2190.36865234375,1998.5064401748164
1295,2227.651611328125,1983.1191539561705
1296,2292.896728515625,1966.8859698040385
1297,2292.896728515625,1967.4689502358228
1298,2292.896728515625,1973.386110622527
1299,2302.21728515625,1976.4651693941853
1300,2236.972412109375,1950.8077213462643
1301,2218.330810546875,1942.7386897965791
1302,2330.179443359375,1931.6118318530841
1303,2320.858642578125,1907.0752106998193
1304,2246.29296875,1936.2358797648756
1305,2236.972412109375,1944.5383461430213
1306,2264.9345703125,1958.1748711482137
1307,2227.651611328125,1961.2654560678468
1308,2227.651611328125,1963.1804952219115
1309,2181.048095703125,1956.1590085313367
1310,2171.727294921875,1947.272227114799
1311,2143.76513671875,1940.9572326311502
1312,2106.482177734375,1938.5141745719604
1313,2097.161376953125,1920.510574090881
1314,2097.161376953125,1916.8552079204765
1315,2050.557861328125,1913.9673618773284
1316,2050.557861328125,1891.3957669619774
1317,2022.5958251953125,1860.2834177250834
1318,2003.9542236328125,1837.7479785160117
1319,1948.030029296875,1820.725435219408
1320,1892.1055908203125,1809.946545616882
1321,1957.3507080078125,1796.358551761058
1322,1901.4263916015625,1786.862461764204
1323,1798.8984375,1758.9507418281355
1324,1864.1434326171875,1736.7535647301593
1325,1733.6534423828125,1710.5679764492402
1326,1612.484130859375,1704.132260731538
1327,1500.6356201171875,1677.7469667709693
1328,1398.107666015625,1647.485125926751
1329,1300.2401123046875,1610.9125370744534
1330,1211.693359375,1571.8419286363069
1331,1127.806884765625,1536.8015894974333
1332,1053.2410888671875,1489.0988668490584
1333,983.3357543945312,1406.9154905418973
1334,918.0906372070312,1314.5184911944752
1335,899.44921875,1309.6156318295639
1336,852.8456420898438,1252.7114032609993
1337,899.44921875,1204.7182216836563
1338,946.0527954101562,1154.902452791795
1339,946.0527954101562,1116.1199980530214
1340,932.0717163085938,1097.0455577611351
1341,927.411376953125,1052.381613030443
1342,946.0527954101562,1035.237256548925
1343,946.0527954101562,1008.4225832443221
1344,946.0527954101562,988.4367279673029
1345,946.0527954101562,962.0617468759751
1346,922.7510375976562,949.4907232551591
1347,922.7510375976562,938.700792816152
1348,908.7699584960938,932.176507750853
1349,932.0717163085938,928.1571579601878
1350,927.411376953125,931.8314512788461
1351,918.0906372070312,932.6026112423046
1352,908.7699584960938,932.5929050124314
1353,890.1285400390625,911.8402575753962
1354,880.8078002929688,884.6104002879492
1355,908.7699584960938,883.4767126387105
1356,904.109619140625,884.116838498876
1357,894.7888793945312,880.8730164751128
1358,885.4681396484375,878.8252446275264
1359,885.4681396484375,881.5347386967469
1360,894.7888793945312,879.8536196826362
1361,848.185302734375,881.3401287877805
1362,852.8456420898438,845.8978304042657
1363,838.8645629882812,872.9983521786467
1364,782.9403076171875,872.9748145712033
1365,731.6763305664062,871.6406932750747
1366,703.7141723632812,899.3245594648602
1367,754.9781494140625,917.5569843152102
1368,787.6006469726562,921.4620432491133
1369,838.8645629882812,927.1617840866484
1370,871.4871215820312,931.498042282687
1371,899.44921875,955.4117661338128
1372,894.7888793945312,957.3217095171935
1373,964.6942749023438,961.1995910074506
1374,1039.260009765625,980.9770049979343
1375,987.99609375,1048.2334130382055
1376,1015.9581909179688,1073.9384216125072
1377,1160.4293212890625,1094.8393317108616
1378,1248.9761962890625,1201.8696858714966
1379,1193.0518798828125,1408.1884625898222
1380,1169.7501220703125,1353.8119789360944
1381,1127.806884765625,1375.4107669623622
1382,1053.2410888671875,1320.6831604429565
1383,1202.37255859375,1321.2490336445883
1384,1169.7501220703125,1370.574031288465
1385,1151.108642578125,1332.1481591696736
1386,1104.505126953125,1268.0533128549864
1387,1081.2032470703125,1303.6504256049852
1388,1011.2979125976562,1280.953377668518
1389,1025.2789306640625,1292.356013868297
1390,1020.6185913085938,1302.6036087131156
1391,1057.9013671875,1238.1151747770532
1392,1034.599609375,1270.8552587637528
1393,1015.9581909179688,1224.9297468052373
1394,1029.939208984375,1206.0195844539617
1395,1025.2789306640625,1176.8361057487023
1396,1020.6185913085938,1160.9074545588555
1397,1020.6185913085938,1136.5627741013413
1398,1015.9581909179688,1074.2999786752994
1399,997.3168334960938,984.3703029617509
1400,992.6564331054688,973.3166057259282
1401,950.7131958007812,969.2492100973886
1402,932.0717163085938,966.2628458210233
1403,922.7510375976562,962.7741841486986
1404,932.0717163085938,951.0755079377741
1405,922.7510375976562,943.3944829272868
1406,918.0906372070312,944.8166882595183
1407,876.1474609375,933.944012210839
1408,894.7888793945312,939.6663200328303
1409,1001.9771118164062,942.3207312475179
1410,1057.9013671875,948.0287223804453
1411,1020.6185913085938,954.3173887155622
1412,1043.9202880859375,950.7260836623236
1413,1062.561767578125,969.4193117759241
1414,1048.5806884765625,1000.0965792587331
1415,1039.260009765625,999.9604493847555
1416,969.3546752929688,1015.5365217744434
1417,922.7510375976562,1028.0007768666496
1418,922.7510375976562,1052.5114338550025
1419,974.0150146484375,1055.9724327721879
1420,950.7131958007812,1099.2095617114578
1421,941.3924560546875,1079.766769995868
1422,946.0527954101562,1077.4503782365286
1423,1006.6375122070312,1072.2704060087258
1424,969.3546752929688,1084.3978549243175
1425,969.3546752929688,1100.9685732203043
1426,987.99609375,1085.7118357934587
1427,1020.6185913085938,1078.205765576443
1428,1020.6185913085938,1078.8121622877975
1429,978.6753540039062,1040.4628480571341
1430,1006.6375122070312,1001.6927687614493
1431,1001.9771118164062,972.6820609479405
1432,974.0150146484375,963.5353952265368
1433,969.3546752929688,958.893633445226
1434,960.0338745117188,947.8724520794804
1435,950.7131958007812,945.1804292240322
1436,941.3924560546875,945.7402360319934
1437,932.0717163085938,948.5002024965565
1438,932.0717163085938,947.2861957951136
1439,960.0338745117188,948.3332553427304
1440,960.0338745117188,942.22148504706
1441,894.7888793945312,943.0831556040903
1442,857.5060424804688,942.5427612558765
1443,885.4681396484375,973.61216042558
1444,890.1285400390625,1007.9908986706932
1445,876.1474609375,975.6327548295203
1446,866.8267211914062,1001.1768826436669
1447,866.8267211914062,1021.8305265359909
1448,862.1663818359375,1023.4754898438223
1449,848.185302734375,1020.7104276085752
1450,815.5628051757812,997.6508519863282
1451,792.260986328125,1001.7250419757793
1452,810.9024658203125,996.3880714797706
1453,810.9024658203125,988.0101391643575
1454,820.22314453125,979.3783889377492
1455,801.5817260742188,984.2009292504563
1456,801.5817260742188,996.2694128195658
1457,792.260986328125,993.1432788330203
1458,806.2420654296875,999.4397101520358
1459,806.2420654296875,1012.5814600894205
1460,806.2420654296875,975.2823599310827
1461,810.9024658203125,973.0217789935173
1462,801.5817260742188,974.7880701747686
1463,820.22314453125,940.3093577619575
1464,843.5249633789062,909.8007360232023
1465,857.5060424804688,906.4600943564501
1466,838.8645629882812,902.2953937734273
1467,838.8645629882812,907.6626962377914
1468,838.8645629882812,906.09683870343
1469,820.22314453125,909.0783498648584
1470,815.5628051757812,913.5696650831283
1471,810.9024658203125,910.6905546468661
1472,801.5817260742188,917.2364360736337
1473,801.5817260742188,907.4663877385974
1474,773.6195678710938,910.2899300088325
1475,764.2988891601562,907.5804359396125
1476,759.6384887695312,900.3655526188054
1477,759.6384887695312,902.68073109941
1478,764.2988891601562,901.1476320908723
1479,782.9403076171875,895.0407149101388
1480,792.260986328125,897.3852547361112
1481,890.1285400390625,917.2570618121154
1482,899.44921875,961.4031791790499
1483,890.1285400390625,950.9214215385305
1484,880.8078002929688,947.3179836979498
1485,894.7888793945312,960.9828994255222
1486,955.37353515625,964.1912937102466
1487,1062.561767578125,996.7780192649429
1488,1137.1275634765625,1108.2540693634419
1489,1099.8447265625,1236.9052932233067
1490,1099.8447265625,1252.0686081876192
1491,1137.1275634765625,1269.9768449601906
1492,1123.146484375,1523.6382431985799
1493,1132.46728515625,1509.1588534567372
1494,1146.4483642578125,1528.3907773283233
1495,1071.882568359375,1548.019928657487
1496,1085.8636474609375,1664.9059886317934
1497,1132.46728515625,1684.3768070861438
1498,1253.636474609375,1699.6101282334196
1499,1379.4661865234375,1694.4091662835149
1500,1379.4661865234375,1535.221293946135
1501,1365.485107421875,1278.3996685887691
1502,1332.8625488281252,1301.1090919683256
1503,1323.5418701171875,1346.5870254017939
1504,1342.183349609375,1408.2890433968876
1505,1318.881591796875,1461.207166012104
1506,1328.2022705078127,1486.989339113901
1507,1328.2022705078127,1500.8212019952998
1508,1416.7490234375,1496.0843191612275
1509,1533.258056640625,1499.2354466896975
1510,1481.9940185546875,1560.1716431477628
1511,1398.107666015625,1625.0442011310736
1512,1351.5040283203125,1624.0616880121165
1513,1300.2401123046875,1637.872682499287
1514,1211.693359375,1657.5560673878697
1515,1272.2779541015625,1677.8595590375032
1516,1248.9761962890625,1664.8140221037409
1517,1290.91943359375,1668.4329899121192
1518,1272.2779541015625,1690.7641129823512
1519,1323.5418701171875,1647.1522022420859
1520,1290.91943359375,1539.0971128625438
1521,1370.1455078125,1512.487726319768
1522,1356.1644287109375,1505.0292166291333
1523,1398.107666015625,1507.588142807439
1524,1547.2391357421875,1484.7721935550198
1525,1440.05078125,1537.3300937140516
1526,1388.786865234375,1624.1638460815363
1527,1407.4283447265625,1652.1066259532006
1528,1360.82470703125,1666.9652866273548
1529,1323.5418701171875,1628.4177226515228
1530,1342.183349609375,1555.9649631205368
1531,1258.296875,1524.2001125803888
1532,1216.3536376953125,1501.8282233446876
1533,1146.4483642578125,1496.386182910297
1534,1132.46728515625,1488.2800250313453
1535,1155.76904296875,1467.8708568039629
1536,1193.0518798828125,1463.0810750170792
1537,1183.731201171875,1462.7497285947686
1538,1160.4293212890625,1424.920910941078
1539,1155.76904296875,1423.0152140332668
1540,1174.410400390625,1414.1016191567035
1541,1165.0897216796875,1413.7263520442148
1542,1230.334716796875,1429.4053104705629
1543,1216.3536376953125,1436.5273779682034
1544,1216.3536376953125,1479.5537603913426
1545,1281.5986328125,1730.6450702870713
1546,1253.636474609375,1519.2567297057553
1547,1239.6553955078125,1420.1401074168277
1548,1216.3536376953125,1298.2392024504434
1549,1211.693359375,1274.6608288414513
1550,1234.9951171875,1183.9653315908745
1551,1225.6744384765625,1167.3924293931664
1552,1272.2779541015625,1155.4399352710466
1553,1221.0140380859375,1121.0832786988958
1554,1295.5797119140625,1093.0495029221665
1555,1272.2779541015625,1067.7254638704044
1556,1272.2779541015625,1048.4585975712735
1557,1239.6553955078125,1040.5625795690853
1558,1179.07080078125,1041.5147607196873
1559,1211.693359375,1052.2032610565152
1560,1197.7122802734375,1055.5419614772927
1561,1267.6175537109375,1051.8293285506338
1562,1309.560791015625,1052.8215478994648
1563,1365.485107421875,1075.8139078798367
1564,1393.447265625,1107.2514158174972
1565,1328.2022705078127,1405.9201166683577
1566,1304.9005126953125,1242.7729518376555
1567,1304.9005126953125,1195.6863321305086
1568,1304.9005126953125,1245.936697464961
1569,1253.636474609375,1244.3698693076126
1570,1234.9951171875,1258.5868268592471
1571,1216.3536376953125,1323.289040508276
1572,1244.3157958984375,1321.459173521352
1573,1253.636474609375,1351.3510856795122
1574,1225.6744384765625,1364.9933130947552
1575,1202.37255859375,1306.4710560062586
1576,1193.0518798828125,1344.0868219142233
1577,1174.410400390625,1342.1194904467145
1578,1253.636474609375,1357.4890627958412
1579,1239.6553955078125,1353.090320744991
1580,1244.3157958984375,1330.946285255573
1581,1221.0140380859375,1327.4889261745902
1582,1202.37255859375,1299.3799271163402
1583,1197.7122802734375,1199.8862177968226
1584,1202.37255859375,1210.692648826615
1585,1216.3536376953125,1054.8421423034051
1586,1225.6744384765625,1044.5865398189403
1587,1286.259033203125,1041.5683876397393
1588,1262.957275390625,1039.793603507348
1589,1314.22119140625,1037.4328057463376
1590,1286.259033203125,1037.669637755254
1591,1300.2401123046875,1032.332909914992
1592,1272.2779541015625,1142.965973948967
1593,1244.3157958984375,1117.4844513175053
1594,1234.9951171875,1110.2324416674319
1595,1276.9383544921875,1127.5905778619158
1596,1272.2779541015625,1124.3370496082794
1597,1221.0140380859375,1130.3466618345296
1598,1234.9951171875,1160.1030507580795
1599,1211.693359375,1161.9583965984211
1600,1202.37255859375,1161.3558823790167
1601,1193.0518798828125,1161.519432352387
1602,1207.032958984375,1156.3329084194193
1603,1207.032958984375,1156.5539678047912
1604,1165.0897216796875,1139.620236511531
1605,1183.731201171875,1146.03775304822
1606,1169.7501220703125,1150.365760948866
1607,1174.410400390625,1142.071544866113
1608,1151.108642578125,1121.3116177566726
1609,1141.7879638671875,1116.2803935016832
1610,1137.1275634765625,1098.1591049833855
1611,1165.0897216796875,1098.5172648657222
1612,1141.7879638671875,1017.146057343236
1613,1141.7879638671875,1013.5996436031633
1614,1160.4293212890625,1000.1953401476972
1615,1165.0897216796875,1005.9431268231065
1616,1146.4483642578125,1002.2530608809038
1617,1160.4293212890625,1000.9344695525729
1618,1183.731201171875,990.3066331524556
1619,1188.3914794921875,952.4911615648411
1620,1183.731201171875,991.0908965262438
1621,1193.0518798828125,989.6048727325929
1622,1239.6553955078125,989.723288737051
1623,1193.0518798828125,999.693528063231
1624,1211.693359375,1110.5539605319955
1625,1174.410400390625,1095.5204663922427
1626,1127.806884765625,1102.182337266
1627,1174.410400390625,1162.0651651270314
1628,1165.0897216796875,1180.7317011084788
1629,1188.3914794921875,1170.703224403057
1630,1165.0897216796875,1172.6997958880602
1631,1137.1275634765625,1175.459034385383
1632,1099.8447265625,1180.588534217843
1633,1071.882568359375,1193.0918568852903
1634,1127.806884765625,1174.8836976096245
1635,1090.5240478515625,1169.239282282369
1636,1053.2410888671875,1176.210053921854
1637,1062.561767578125,1181.9270233174148
1638,1053.2410888671875,1177.3570876371691
1639,1053.2410888671875,1166.8753299966493
1640,1071.882568359375,1105.1034271464655
1641,1085.8636474609375,1097.4182769882818
1642,1113.8258056640625,1080.600049830518
1643,1081.2032470703125,1068.2947342524922
1644,1053.2410888671875,985.9526610868975
1645,1029.939208984375,981.0621771650754
1646,1039.260009765625,979.8251181676824
1647,1006.6375122070312,977.9307047520992
1648,1039.260009765625,963.0794450782237
