,y_actual,y_predict
0,280.38104248046875,213.55591802692217
1,227.6264190673828,210.83120755761573
2,200.2721710205078,209.87723999332758
3,186.5950469970703,218.37807096814223
4,191.479736328125,211.5881858093124
5,190.5028076171875,204.88470401393033
6,193.43360900878903,207.4640256440611
7,190.5028076171875,203.86160677726411
8,195.38748168945312,197.09091913363574
9,204.17991638183597,198.09730023914943
10,211.99542236328125,199.83081511091328
11,207.11073303222656,204.14800445883978
12,212.9723663330078,210.3159979523828
13,218.833984375,216.98159306655606
14,223.7186737060547,222.20449328914532
15,229.58029174804688,227.21248228406523
16,227.6264190673828,232.3328764491718
17,227.6264190673828,257.51353803204967
18,235.44192504882807,228.84476124407954
19,244.2343597412109,228.85619461622522
20,243.2574157714844,233.41304745830195
21,234.4649810791016,235.2424277277259
22,234.4649810791016,246.62046180920254
23,248.14210510253903,248.7658495856487
24,256.9345397949219,253.38491835713015
25,257.9114685058594,253.08264524779017
26,255.9576110839844,255.20308730870588
27,268.6578063964844,261.4961797936201
28,254.0037384033203,269.26790178557354
29,237.3957977294922,268.8687237929539
30,239.34967041015625,267.02510683708755
31,235.44192504882807,328.84260295529054
32,220.7878570556641,262.5201313090464
33,240.3266143798828,233.58495724098287
34,262.7961730957031,224.44875134757925
35,229.58029174804688,229.20412073158593
36,223.7186737060547,243.15636434600464
37,225.67254638671875,244.25488925793974
38,226.6494903564453,277.5880300153956
39,224.6956024169922,238.23167516634115
40,220.7878570556641,225.60683577953964
41,222.74172973632807,226.00001588195425
42,219.81092834472656,227.6212779428393
43,221.76480102539065,235.3520624311674
44,214.92623901367188,238.82172482717374
45,212.9723663330078,236.62802036280672
46,207.11073303222656,235.90266206126682
47,210.0415496826172,234.52897599700924
48,218.833984375,230.5255212509816
49,206.13380432128903,228.0595418553244
50,196.3644256591797,223.06451503760135
51,191.479736328125,217.72489170689278
52,194.4105529785156,215.7635993063267
53,188.5489196777344,212.88025382871598
54,200.2721710205078,201.07158470892574
55,192.4566802978516,198.92277399942265
56,189.5258636474609,197.30835198663493
57,188.5489196777344,196.3948089708483
58,182.6873016357422,195.41577836102968
59,178.77955627441406,195.09571957516562
60,190.5028076171875,190.87669374142752
61,183.66424560546875,190.3258303612455
62,180.73342895507807,188.27216943336964
63,175.84873962402344,186.50796646376284
64,175.84873962402344,191.11196657243843
65,174.87179565429688,192.5102977547059
66,173.89486694335938,189.87495929178033
67,170.96405029296875,188.00443400947492
68,179.75648498535156,189.4154833758712
69,182.6873016357422,184.73856024804172
70,184.64117431640625,187.50041923771002
71,186.5950469970703,194.42895548774214
72,205.1568603515625,203.02361652410173
73,201.2491149902344,207.94024193285827
74,188.5489196777344,209.5109958529305
75,179.75648498535156,212.72990367594662
76,179.75648498535156,212.0847835796743
77,175.84873962402344,208.680330482576
78,178.77955627441406,199.11763488763455
79,179.75648498535156,189.71585011512903
80,178.77955627441406,185.17158358213982
81,178.77955627441406,182.14817372014534
82,178.77955627441406,181.14755632967143
83,178.77955627441406,181.44176954678215
84,172.9179229736328,180.6024120597358
85,185.6181182861328,180.27220471370916
86,181.7103576660156,181.49231259569413
87,181.7103576660156,182.00538795853095
88,179.75648498535156,182.42809013130952
89,182.6873016357422,182.66811046380676
90,194.4105529785156,184.98709039937964
91,194.4105529785156,186.4671007156747
92,195.38748168945312,187.9913861377429
93,206.13380432128903,192.72862852158917
94,200.2721710205078,199.68820582913355
95,209.06460571289065,207.2893561822074
96,207.11073303222656,211.58262863385934
97,198.31829833984372,214.0324528521242
98,204.17991638183597,215.42877342484678
99,200.2721710205078,212.4678796049429
100,197.34136962890625,214.99639346640967
101,196.3644256591797,210.72925748433744
102,187.57199096679688,207.2186672814
103,187.57199096679688,202.6964810908015
104,190.5028076171875,199.06502256417767
105,185.6181182861328,195.5258785057934
106,183.66424560546875,193.30776358341643
107,184.64117431640625,191.20590426728913
108,194.4105529785156,190.87719021217117
109,190.5028076171875,191.71204455442535
110,189.5258636474609,194.11206752088546
111,187.57199096679688,194.3152811414918
112,184.64117431640625,194.5245629533362
113,183.66424560546875,193.13561623172734
114,182.6873016357422,191.3459536217968
115,182.6873016357422,188.4992795871927
116,182.6873016357422,187.62839232924577
117,183.66424560546875,186.18697485591554
118,180.73342895507807,186.1202771144459
119,181.7103576660156,185.76970671057353
120,175.84873962402344,184.48298253935033
121,178.77955627441406,184.07613252226997
122,176.82568359375,183.29561457570364
123,177.8026123046875,183.1775321122644
124,175.84873962402344,182.00441053175436
125,162.17161560058594,180.83187075289706
126,162.17161560058594,180.00990913526752
127,154.35610961914062,177.53151554684507
128,166.07936096191406,175.00582924141057
129,164.12548828125,173.5365124394928
130,164.12548828125,171.27942456373796
131,155.3330535888672,169.89478705303702
132,164.12548828125,169.18863887240104
133,164.12548828125,169.55711325246693
134,156.30999755859375,168.91771323611047
135,154.35610961914062,168.49596521804241
136,154.35610961914062,167.5746590288694
137,151.42530822753906,166.87434050079383
138,153.37918090820312,165.47086425257731
139,151.42530822753906,164.04967796205156
140,154.35610961914062,162.8105529233775
141,155.3330535888672,162.36113054002763
142,156.30999755859375,162.2667972200531
143,149.47142028808594,163.7611508864269
144,149.47142028808594,163.2982229473782
145,150.4483642578125,163.01748813522252
146,155.3330535888672,162.37626514035412
147,157.28692626953125,162.08371199729254
148,158.2638702392578,161.6124216291552
149,158.2638702392578,162.1350113883531
150,158.2638702392578,163.31172074572166
151,158.2638702392578,164.78834885507547
152,158.2638702392578,165.1748823584423
153,157.28692626953125,165.2654494823848
154,150.4483642578125,165.18722431083566
155,158.2638702392578,165.0400129779828
156,157.28692626953125,164.94171952809194
157,151.42530822753906,164.7320653631898
158,151.42530822753906,163.95553081860587
159,159.2407989501953,163.18264223104575
160,158.2638702392578,164.16233027673192
161,151.42530822753906,164.11898993228078
162,160.21774291992188,163.43210326502805
163,151.42530822753906,164.6824570755999
164,157.28692626953125,165.11347125465718
165,154.35610961914062,163.95803256571264
166,156.30999755859375,163.7326270907321
167,154.35610961914062,164.81037974432573
168,156.30999755859375,163.80361077104354
169,156.30999755859375,164.57206990868752
170,156.30999755859375,164.82475800250364
171,156.30999755859375,164.6200452729721
172,156.30999755859375,164.07149940270682
173,155.3330535888672,164.08090519609271
174,152.40223693847656,163.9228917458874
175,155.3330535888672,163.49771109806818
176,155.3330535888672,163.1173640856088
177,155.3330535888672,163.0640012380199
178,147.51754760742188,163.21988529417618
179,148.49449157714844,162.4723128358654
180,148.49449157714844,161.99364910144908
181,151.42530822753906,161.6890643002089
182,148.49449157714844,160.9125452703357
183,146.54061889648438,159.9095075849864
184,151.42530822753906,159.89552495193232
185,146.54061889648438,160.4492798863284
186,152.40223693847656,159.43133256395834
187,151.42530822753906,159.38030855901343
188,143.60980224609375,159.615081040603
189,141.6559295654297,159.65725390307097
190,133.84042358398438,158.64981003987162
191,140.67898559570312,158.09953040068118
192,136.771240234375,156.52504713201495
193,144.5867462158203,154.8081659695028
194,146.54061889648438,154.3740643630083
195,136.771240234375,154.6486049269012
196,136.771240234375,155.3067816219303
197,136.771240234375,155.0505910821647
198,136.771240234375,155.22736957500956
199,136.771240234375,154.30020658253238
200,136.771240234375,153.1002135230213
201,131.8865509033203,152.52322143061494
202,141.6559295654297,152.20255563169317
203,141.6559295654297,154.21729596833984
204,149.47142028808594,154.46321964827354
205,141.6559295654297,155.55498208566502
206,141.6559295654297,156.96333383173143
207,150.4483642578125,158.50350243891933
208,149.47142028808594,157.56078594892566
209,140.67898559570312,158.44553560091845
210,140.67898559570312,157.57108383817908
211,140.67898559570312,156.86237960894874
212,140.67898559570312,156.88644680398357
213,140.67898559570312,155.63527847109788
214,140.67898559570312,154.50126171900706
215,140.67898559570312,154.50125396165168
216,140.67898559570312,154.50125396165168
217,140.67898559570312,154.50125396165168
218,137.74818420410156,154.50277440330416
219,147.51754760742188,154.39709595110128
220,129.93267822265625,154.98515778962036
221,124.07105255126952,155.77843270709235
222,124.07105255126952,154.4715045038085
223,124.07105255126952,152.85762550589664
224,134.81736755371094,151.3305745866391
225,144.5867462158203,149.95206150800266
226,144.5867462158203,149.99478902137955
227,135.79429626464844,151.60024353135975
228,135.79429626464844,153.57183745743956
229,141.6559295654297,155.1616919257711
230,122.11717987060548,155.55774758285435
231,131.8865509033203,153.45673381846234
232,131.8865509033203,151.97786383340667
233,125.04798889160156,150.77718812662306
234,127.9788055419922,150.86964028792045
235,127.9788055419922,149.15413217730875
236,127.9788055419922,149.60891489321915
237,127.9788055419922,149.1164779743437
238,130.9096221923828,148.67926566834592
239,130.9096221923828,149.48516956035996
240,144.5867462158203,149.5016616978762
241,144.5867462158203,150.48855244802323
242,135.79429626464844,151.8480444912929
243,135.79429626464844,152.98200694189615
244,141.6559295654297,153.403277882609
245,141.6559295654297,154.70999663729788
246,141.6559295654297,154.14168502555032
247,141.6559295654297,153.63875240485953
248,145.5636749267578,154.31919658847767
249,145.5636749267578,155.35153380505872
250,145.5636749267578,155.67713328199568
251,145.5636749267578,156.11860825476919
252,145.5636749267578,156.6173208741388
253,145.5636749267578,157.14509254672373
254,145.5636749267578,157.14382421912077
255,142.6328582763672,157.1440763331703
256,142.6328582763672,157.8478546417408
257,142.6328582763672,157.346694576752
258,145.5636749267578,156.8202571692907
259,145.5636749267578,156.54220252341526
260,127.00186920166016,156.40775204014574
261,127.00186920166016,155.03848960778777
262,127.00186920166016,153.6871660597225
263,127.00186920166016,152.0879019193274
264,116.25555419921876,150.06336404284866
265,116.25555419921876,148.13917531543376
266,116.25555419921876,147.33095197416412
267,126.0249252319336,146.43713397374404
268,126.0249252319336,146.00432784559632
269,126.0249252319336,145.67857322155197
270,130.9096221923828,145.8616080215026
271,130.9096221923828,146.99561701623804
272,122.11717987060548,148.3203250780295
273,122.11717987060548,148.31165235472608
274,122.11717987060548,148.13912877130153
275,122.11717987060548,147.86576732542483
276,126.0249252319336,147.0372041983756
277,126.0249252319336,146.89911551543764
278,126.0249252319336,147.32354369978597
279,126.0249252319336,147.52123214403017
280,127.00186920166016,148.1607717927833
281,118.2094268798828,148.99595970131838
282,108.44005584716795,148.257824065815
283,125.04798889160156,146.84250233594878
284,114.30168151855467,146.47675854497305
285,125.04798889160156,145.6410741656943
286,125.04798889160156,144.70563019635983
287,125.04798889160156,145.1097961684822
288,122.11717987060548,146.5622756305698
289,122.11717987060548,146.75881598621928
290,127.00186920166016,147.28342265781333
291,127.00186920166016,147.26165551864563
292,127.00186920166016,147.32020803697696
293,123.0941162109375,147.4538284832219
294,116.25555419921876,147.61587187954183
295,116.25555419921876,147.72521180347928
296,121.14024353027344,146.84196707842824
297,111.37086486816406,146.92775567146296
298,120.1633071899414,145.83448054977436
299,120.1633071899414,145.12780874765093
300,120.1633071899414,144.9848251734746
301,114.30168151855467,145.26440801835787
302,114.30168151855467,144.45959791345098
303,114.30168151855467,144.92307662473092
304,121.14024353027344,144.41805727544565
305,118.2094268798828,144.22979401797576
306,118.2094268798828,144.03623248678832
307,118.2094268798828,144.34981582025745
308,118.2094268798828,144.6572010267861
309,118.2094268798828,145.01320157941737
310,124.07105255126952,144.75855863204802
311,124.07105255126952,144.99313330107566
312,123.0941162109375,145.36293418890983
313,123.0941162109375,145.77536174450105
314,113.32474517822266,146.2309512253699
315,102.57843017578124,146.20806702702896
316,116.25555419921876,145.01788702206073
317,116.25555419921876,144.18100801005505
318,122.11717987060548,143.4384661967016
319,122.11717987060548,143.48130231305367
320,122.11717987060548,143.85508272419253
321,122.11717987060548,145.327172780655
322,122.11717987060548,145.79083766846384
323,122.11717987060548,146.321782099395
324,122.11717987060548,146.14792425084687
325,122.11717987060548,146.14792425084687
326,122.11717987060548,146.14792425084687
327,122.11717987060548,146.14792425084687
328,121.14024353027344,146.14793200820222
329,121.14024353027344,146.09837026474452
330,112.3478012084961,146.03379028129086
331,112.3478012084961,145.5239846437424
332,112.3478012084961,144.88677995895557
333,109.4169921875,144.15014149303857
334,109.4169921875,143.8048305761069
335,109.4169921875,142.8699063495822
336,119.18636322021484,142.6856536448385
337,119.18636322021484,142.95948828939277
338,119.18636322021484,143.28341217756986
339,119.18636322021484,143.5187780968452
340,119.18636322021484,144.30268212903047
341,107.46311950683594,145.15555680780872
342,107.46311950683594,145.63327026619226
343,121.14024353027344,144.76620738444265
344,121.14024353027344,144.52480624268958
345,121.14024353027344,144.40929146387776
346,121.14024353027344,144.43622500172174
347,121.14024353027344,144.56381022548896
348,109.4169921875,145.77921715011985
349,104.53230285644533,145.79170649226523
350,123.0941162109375,145.40618920245186
351,120.1633071899414,146.53624194594875
352,120.1633071899414,146.163407932165
353,120.1633071899414,146.05721749450768
354,110.39392852783205,146.47451666927117
355,110.39392852783205,146.7454423055617
356,119.18636322021484,144.6651135292633
357,119.18636322021484,144.3261170996027
358,119.18636322021484,144.0853132742131
359,119.18636322021484,143.92057807557984
360,127.00186920166016,144.30011444440308
361,144.5867462158203,145.44491392045796
362,144.5867462158203,146.8989448536195
363,144.5867462158203,148.8557377456537
364,144.5867462158203,151.35443621175665
365,144.5867462158203,154.3176140879822
366,144.5867462158203,156.60013833199469
367,144.5867462158203,156.60009954521783
368,144.5867462158203,156.60009954521783
369,144.5867462158203,156.60009954521783
370,144.5867462158203,156.60009954521783
371,130.9096221923828,156.60009954521783
372,122.11717987060548,155.60009498581815
373,110.39392852783205,153.72935055822353
374,112.3478012084961,151.51370247485417
375,122.11717987060548,149.3358482268465
376,114.30168151855467,146.73594730258907
377,105.50923919677734,145.346597198501
378,122.11717987060548,144.37205615810268
379,114.30168151855467,144.58283901821113
380,103.55536651611328,144.06446926033442
381,107.46311950683594,143.30128512434192
382,96.71680450439452,142.97013913831552
383,95.7398681640625,142.93430791386237
384,99.64762115478516,141.2709525034019
385,97.69374084472656,140.32907768646587
386,98.67068481445312,139.84819146973607
387,103.55536651611328,139.2174719340384
388,102.57843017578124,139.28603144079676
389,101.60149383544922,139.45943936273346
390,101.60149383544922,139.65284574681354
391,100.6245574951172,139.81651043040574
392,102.57843017578124,139.94902933218822
393,102.57843017578124,139.9396506895461
394,96.71680450439452,139.84888187436397
395,98.67068481445312,139.71820146580416
396,95.7398681640625,139.62398062748247
397,95.7398681640625,139.5508985825435
398,92.8090591430664,139.3219945402912
399,101.60149383544922,139.21711509569138
400,114.30168151855467,139.37619518226006
401,110.39392852783205,140.2418850121092
402,116.25555419921876,141.2181249133335
403,116.25555419921876,142.40132329846892
404,116.25555419921876,143.64274839301015
405,109.4169921875,144.43520103081295
406,111.37086486816406,143.81956179395416
407,103.55536651611328,143.54803108394478
408,104.53230285644533,143.04366335251058
409,109.4169921875,142.2901603960196
410,105.50923919677734,141.70918102295315
411,105.50923919677734,141.45062061112205
412,109.4169921875,141.29325490009012
413,114.30168151855467,141.36313315726136
414,113.32474517822266,141.9405441468577
415,109.4169921875,142.10451136730933
416,109.4169921875,142.52015046802364
417,109.4169921875,142.6588054379036
418,110.39392852783205,142.67008463261132
419,110.39392852783205,142.20538025918293
420,110.39392852783205,142.19594731505325
421,108.44005584716795,142.21451842380856
422,110.39392852783205,142.250124684956
423,110.39392852783205,142.54806143264423
424,112.3478012084961,142.49385303332002
425,112.3478012084961,142.65506639261537
426,112.3478012084961,142.7078862253284
427,112.3478012084961,142.9873604672365
428,112.3478012084961,142.90694772147305
429,112.3478012084961,143.07878865762507
430,111.37086486816406,142.75608267424101
431,112.3478012084961,142.75533021077013
432,111.37086486816406,142.74204961837705
433,111.37086486816406,142.72763645209994
434,111.37086486816406,142.66497253542263
435,112.3478012084961,142.63775973278533
436,112.3478012084961,142.64181682964374
437,112.3478012084961,142.6222139926242
438,112.3478012084961,142.6548802160865
439,112.3478012084961,142.72876126862855
440,112.3478012084961,142.76169899952876
441,111.37086486816406,142.76133440382637
442,111.37086486816406,142.76604311853583
443,114.30168151855467,142.6996401565703
444,115.27861785888672,143.01686168970787
445,112.3478012084961,143.15013305496117
446,111.37086486816406,143.3392573788771
447,112.3478012084961,143.40582324530544
448,112.3478012084961,143.87490276716238
449,112.3478012084961,143.4415691388495
450,112.3478012084961,143.21848311312456
451,112.3478012084961,143.03900118193332
452,112.3478012084961,143.0929846179518
453,112.3478012084961,142.75630763754674
454,126.0249252319336,142.75626885076989
455,127.9788055419922,143.78262126768317
456,130.9096221923828,144.735441713046
457,130.9096221923828,145.902815093227
458,130.9096221923828,147.43326373413655
459,130.9096221923828,149.28098045231587
460,131.8865509033203,149.6580034379993
461,131.8865509033203,149.9523562875067
462,131.8865509033203,150.00500545840157
463,131.8865509033203,150.10158453275568
464,131.8865509033203,150.3480357128545
465,131.8865509033203,150.40350080374864
466,131.8865509033203,150.30490481699837
467,131.8865509033203,150.45476140803234
468,123.0941162109375,150.45509497431323
469,123.0941162109375,150.20257754231523
470,123.0941162109375,149.52060515968924
471,123.0941162109375,148.7452574904769
472,123.0941162109375,147.69462455125614
473,123.0941162109375,146.84317722586593
474,123.0941162109375,146.52359745669594
475,149.47142028808594,146.52343455223317
476,149.47142028808594,148.74514888750173
477,146.54061889648438,150.62086190121067
478,146.54061889648438,153.01084103180574
479,141.6559295654297,155.94371867795684
480,132.86349487304688,159.08912071049693
481,132.86349487304688,157.09818769748017
482,141.6559295654297,155.25620366491916
483,146.54061889648438,154.38743804366584
484,151.42530822753906,153.77933895622658
485,152.40223693847656,154.00966259451155
486,152.40223693847656,157.05048384063355
487,152.40223693847656,159.51766417186894
488,152.40223693847656,160.84255065283392
489,152.40223693847656,161.62149773493786
490,152.40223693847656,161.7126001164009
491,152.40223693847656,161.56232462817698
492,155.3330535888672,161.4709003164661
493,155.3330535888672,161.72838633457846
494,155.3330535888672,161.91017220031455
495,146.54061889648438,162.6025316817807
496,146.54061889648438,163.49185429476398
497,140.67898559570312,162.95900155441183
498,146.54061889648438,161.38920372838896
499,146.54061889648438,159.98709277471755
500,146.54061889648438,158.23654856857812
501,151.42530822753906,156.96317092726866
502,151.42530822753906,157.36188347856609
503,156.30999755859375,158.65471268846534
504,156.30999755859375,159.9098140005235
505,156.30999755859375,161.12401077771668
506,156.30999755859375,162.5146641175069
507,156.30999755859375,163.21696077120177
508,156.30999755859375,163.9897523918198
509,156.30999755859375,163.62787952117358
510,156.30999755859375,163.62787952117358
511,156.30999755859375,163.62787952117358
512,156.30999755859375,163.62787952117358
513,152.40223693847656,163.62787952117358
514,152.40223693847656,163.57221273903983
515,152.40223693847656,163.1427733031226
516,152.40223693847656,162.63797891714304
517,152.40223693847656,162.08204804456574
518,146.54061889648438,161.50123545463973
519,146.54061889648438,161.13251671787967
520,146.54061889648438,160.50992689060956
521,146.54061889648438,159.7869180980773
522,146.54061889648438,158.99925950589306
523,131.8865509033203,158.18460531702186
524,131.8865509033203,156.59372687778153
525,131.8865509033203,155.19200379187862
526,131.8865509033203,153.5781209152891
527,131.8865509033203,151.88849134219112
528,160.21774291992188,150.21804570892263
529,155.3330535888672,154.80412438735513
530,155.3330535888672,156.5332311419301
531,165.10243225097656,158.75799023918128
532,150.4483642578125,162.53738929006275
533,150.4483642578125,167.7338360823802
534,150.4483642578125,165.28324485560313
535,150.4483642578125,164.6058687060338
536,150.4483642578125,163.88516384804635
537,151.42530822753906,161.6093109296519
538,151.42530822753906,160.50623051077588
539,136.771240234375,160.49320978978764
540,136.771240234375,159.31377372200657
541,127.00186920166016,157.8786125557821
542,127.00186920166016,155.54296594219716
543,127.00186920166016,152.79606313368186
544,127.00186920166016,150.12319652481597
545,127.00186920166016,149.11093146525428
546,127.00186920166016,148.09474894123085
547,115.27861785888672,148.0947411838755
548,108.44005584716795,147.47022753247367
549,104.53230285644533,150.4811829604219
550,115.27861785888672,148.27810955010702
551,145.5636749267578,147.12506400529406
552,141.6559295654297,149.88779957611916
553,141.6559295654297,151.90658925226887
554,145.5636749267578,151.65339693035367
555,144.5867462158203,155.8978494356552
556,150.4483642578125,159.310531147462
557,146.54061889648438,157.67143298724292
558,146.54061889648438,157.40111630334889
559,147.51754760742188,158.97218633565242
560,159.2407989501953,159.21429339674415
561,156.30999755859375,160.85813130109418
562,156.30999755859375,162.2596992398897
563,156.30999755859375,163.5047780488101
564,156.30999755859375,164.0854587636948
565,156.30999755859375,165.47481274646057
566,156.30999755859375,164.82375730366095
567,156.30999755859375,163.63906174893916
568,156.30999755859375,163.62953959522272
569,205.1568603515625,164.72406752980353
570,186.5950469970703,183.1534532811965
571,195.38748168945312,191.13900095590222
572,228.60336303710935,193.662061396544
573,216.88011169433597,213.7971344466505
574,214.92623901367188,222.46090018640052
575,234.4649810791016,224.76905642947634
576,228.60336303710935,224.7319782101475
577,226.6494903564453,222.33659414219852
578,224.6956024169922,222.5942753062819
579,226.6494903564453,222.69871379371241
580,224.6956024169922,225.24284563571217
581,224.6956024169922,223.22372457503775
582,224.6956024169922,221.8697007400517
583,224.6956024169922,221.35378291251524
584,224.6956024169922,221.37362174283015
585,240.3266143798828,220.998209135638
586,222.74172973632807,222.7128428468491
587,230.55723571777344,223.35198856739987
588,230.55723571777344,223.5696231116387
589,234.4649810791016,225.42948081822382
590,228.60336303710935,225.85819639591813
591,244.2343597412109,224.5048792075228
592,244.2343597412109,225.93005617255162
593,230.55723571777344,229.2110141115014
594,224.6956024169922,230.16786353330946
595,224.6956024169922,230.69717019258817
596,220.7878570556641,230.6954849071341
597,244.2343597412109,227.7281810875212
598,220.7878570556641,222.91797883708304
599,218.833984375,221.32198890669738
600,224.6956024169922,219.86007950039487
601,234.4649810791016,220.29645659527267
602,234.4649810791016,221.59973834912248
603,232.5111083984375,220.41989426263027
604,238.3727264404297,222.33086824426618
605,240.3266143798828,224.76770567997258
606,238.3727264404297,226.47469185087581
607,244.2343597412109,229.49190601010335
608,248.14210510253903,230.76070778141403
609,277.4502258300781,233.99210203756726
610,298.9428405761719,235.02658707191634
611,283.3118591308594,241.48176658827447
612,273.54248046875,246.9221589349063
613,283.3118591308594,252.27793792784195
614,265.7269897460937,257.22252084535126
615,267.68084716796875,260.1968887066978
616,250.09597778320312,259.60843900041027
617,289.1734924316406,252.35093076319413
618,279.40411376953125,248.59197234371211
619,285.2657165527344,249.13063146455858
620,285.2657165527344,250.80179077452107
621,285.2657165527344,253.94003470739364
622,273.54248046875,259.55940087844
623,283.3118591308594,262.0540655197506
624,283.3118591308594,261.71240055984276
625,312.6199951171875,261.1987744247747
626,314.5738525390625,260.5569424775098
627,334.11260986328125,263.232291440094
628,336.06646728515625,269.9333354865511
629,336.06646728515625,274.20313127184573
630,320.4354858398437,278.16071289689404
631,310.6661071777344,280.44378403446007
632,341.9281005859375,280.3340174559773
633,298.9428405761719,278.53417913514045
634,298.9428405761719,277.65240442893196
635,295.0350952148437,275.28262545171987
636,285.2657165527344,273.53774023632275
637,283.3118591308594,271.92272478584925
638,287.2196044921875,269.1035932414856
639,293.08123779296875,265.5917841640857
640,293.08123779296875,263.38290049459886
641,293.08123779296875,263.09429972409816
642,293.08123779296875,261.9859210315045
643,322.38934326171875,262.7427286213831
644,322.38934326171875,264.25103777006717
645,293.08123779296875,267.7054462964082
646,293.08123779296875,267.7260188028489
647,306.75836181640625,269.47411944204686
648,318.4815979003906,271.71349727549244
649,341.9281005859375,273.4918128138558
650,339.9742431640625,273.8928215423427
651,302.8506164550781,278.45178438508
652,339.9742431640625,278.74974052615664
653,332.1587219238281,280.5154038179118
654,330.2048645019531,280.82375093650637
655,330.2048645019531,280.9675451543188
656,334.11260986328125,281.061932775781
657,302.8506164550781,283.00229171046425
658,302.8506164550781,281.13986704650375
659,302.8506164550781,280.065562537372
660,312.6199951171875,276.89196251806266
661,312.6199951171875,275.6394288906319
662,310.6661071777344,273.1336595951094
663,308.71221923828125,272.8172409482526
664,308.71221923828125,272.2500037302238
665,308.71221923828125,272.8012879469346
666,308.71221923828125,272.762667953226
667,308.71221923828125,273.27416081556737
668,312.6199951171875,272.5881817588929
669,312.6199951171875,273.5855139093677
670,324.3432312011719,273.44891463866077
671,334.11260986328125,274.5618391415011
672,338.0203552246094,275.754780764981
673,336.06646728515625,277.7908344355062
674,332.1587219238281,279.3285594757526
675,345.8358459472656,280.7028719464563
676,345.8358459472656,281.88017862018836
677,345.8358459472656,282.7419936510303
678,345.8358459472656,282.8893213442137
679,345.8358459472656,283.25778796692424
680,345.8358459472656,283.7692342851334
681,341.9281005859375,283.7976300844646
682,341.9281005859375,283.6268092405437
683,341.9281005859375,283.51411426040886
684,341.9281005859375,283.3682061632581
685,341.9281005859375,283.1945926714041
686,257.9114685058594,283.00442110451326
687,302.8506164550781,276.2740464974029
688,322.38934326171875,264.2948551918735
689,302.8506164550781,258.88223029878793
690,312.6199951171875,257.34686349457394
691,312.6199951171875,255.2207895936598
692,312.6199951171875,258.37687738322177
693,283.3118591308594,263.69870631038145
694,302.8506164550781,268.4099809471272
695,273.54248046875,269.44105371478304
696,279.40411376953125,268.6627272211087
697,238.3727264404297,267.0734545544299
698,259.8653564453125,261.9390627263932
699,275.4963684082031,258.5101720205412
700,275.4963684082031,256.8382757618185
701,275.4963684082031,254.4393019776722
702,271.5885925292969,250.27987978391803
703,271.5885925292969,253.47839448933632
704,308.71221923828125,257.16222680073946
705,308.71221923828125,256.8203446348812
706,287.2196044921875,259.47526460209906
707,283.3118591308594,262.10192064502695
708,257.9114685058594,261.45743956090325
709,273.54248046875,261.9846449465462
710,232.5111083984375,259.46722798193593
711,234.4649810791016,250.95123234704275
712,244.2343597412109,243.11141241097542
713,287.2196044921875,241.15213522588402
714,291.1273498535156,237.4731803516697
715,289.1734924316406,238.4610562859487
716,283.3118591308594,246.3983764823203
717,293.08123779296875,254.0276074921634
718,277.4502258300781,260.3259749787291
719,277.4502258300781,264.2039622590055
720,277.4502258300781,261.8130638817991
721,277.4502258300781,260.6871535660697
722,277.4502258300781,260.4719141053013
723,277.4502258300781,258.7203730789969
724,277.4502258300781,258.2795148159753
725,291.1273498535156,258.2795148159753
726,287.2196044921875,259.7853765190402
727,285.2657165527344,260.6901440265648
728,285.2657165527344,247.09396108428143
729,281.35797119140625,250.41156864867588
730,281.35797119140625,252.80946997844237
731,281.35797119140625,252.22310894008814
732,273.54248046875,251.7853555585533
733,273.54248046875,258.301503039771
734,273.54248046875,257.0074442890457
735,244.2343597412109,258.1070920781706
736,248.14210510253903,247.8115513640879
737,263.7731018066406,248.572770949833
738,273.54248046875,247.86330262109874
739,273.54248046875,249.37251744102227
740,281.35797119140625,248.84081666794253
741,254.0037384033203,254.09648892916962
742,254.0037384033203,253.61476491805988
743,252.0498504638672,255.21545253316535
744,252.0498504638672,249.61349968558537
745,269.6347351074219,246.60325211631462
746,263.7731018066406,244.28224945032906
747,263.7731018066406,243.5053619460758
748,263.7731018066406,244.7581845349941
749,273.54248046875,248.18354952283053
750,293.08123779296875,251.7522297117854
751,277.4502258300781,249.9348675251681
752,263.7731018066406,250.9198189364727
753,265.7269897460937,251.50422318193492
754,263.7731018066406,251.98919364626693
755,271.5885925292969,251.1684072679759
756,271.5885925292969,249.34277186185673
757,265.7269897460937,250.2823776523471
758,265.7269897460937,250.74025555305005
759,277.4502258300781,251.7331582536087
760,263.7731018066406,253.6015541418651
761,263.7731018066406,253.43323892372868
762,263.7731018066406,252.54191297372114
763,267.68084716796875,252.4408191185418
764,263.7731018066406,252.63730905138135
765,267.68084716796875,250.6981505674416
766,267.68084716796875,250.3117508784549
767,265.7269897460937,250.89646929680958
768,273.54248046875,250.68356867868516
769,273.54248046875,250.49545862898384
770,279.40411376953125,251.50420766722416
771,279.40411376953125,253.17065244446064
772,273.54248046875,254.57200317730582
773,289.1734924316406,256.2578316462726
774,289.1734924316406,258.54712030416755
775,289.1734924316406,260.1027725926736
776,283.3118591308594,261.5759331641771
777,285.2657165527344,261.9653407677084
778,275.4963684082031,259.48934420209525
779,275.4963684082031,258.61892626414823
780,275.4963684082031,257.44115414909396
781,275.4963684082031,255.8439651012603
782,273.54248046875,254.85582153822102
783,273.54248046875,256.88480825800434
784,273.54248046875,256.87962634461735
785,273.54248046875,256.66628355723685
786,273.54248046875,256.21650045686226
787,273.54248046875,255.72682515649848
788,273.54248046875,255.7019550751829
789,273.54248046875,252.75122193630932
790,273.54248046875,253.08887828282982
791,273.54248046875,253.4258306493505
792,273.54248046875,253.47001654553694
793,273.54248046875,253.49701989957924
794,273.54248046875,256.17563083009645
795,273.54248046875,248.76801388779688
796,273.54248046875,249.81113770701967
797,273.54248046875,250.5546569471497
798,228.60336303710935,250.97306930240876
799,271.5885925292969,246.23642811360364
800,271.5885925292969,242.36670241679613
801,271.5885925292969,243.01140070687018
802,271.5885925292969,243.09678203874796
803,263.7731018066406,242.93621060060946
804,265.7269897460937,248.6796731248455
805,265.7269897460937,253.5634461336109
806,265.7269897460937,252.82512432157864
807,265.7269897460937,251.98285782626863
808,265.7269897460937,251.10149425989476
809,273.54248046875,251.3820351381662
810,273.54248046875,251.64409993528562
811,273.54248046875,252.55147779289211
812,273.54248046875,253.4539665772768
813,263.7731018066406,254.41202711619195
814,273.54248046875,253.68265729225644
815,273.54248046875,253.6491144876374
816,273.54248046875,253.42893747017612
817,273.54248046875,253.1695121132213
818,332.1587219238281,253.00541301772836
819,332.1587219238281,253.41014527679275
820,332.1587219238281,259.96484681419844
821,312.6199951171875,266.17512953053995
822,308.71221923828125,270.7565964612051
823,308.71221923828125,274.75601350376274
824,308.71221923828125,276.5478501125357
825,308.71221923828125,274.66369709618436
826,279.40411376953125,272.937549772683
827,293.08123779296875,270.28443726926633
828,279.40411376953125,270.0149583797522
829,279.40411376953125,268.0245295948345
830,265.7269897460937,265.15727141775665
831,265.7269897460937,260.78712648339814
832,265.7269897460937,259.2659983049654
833,265.7269897460937,256.10822716928817
834,265.7269897460937,253.49262923643994
835,265.7269897460937,251.5242953389543
836,265.7269897460937,251.52432248969808
837,291.1273498535156,251.40266776411107
838,263.7731018066406,249.948101573429
839,285.2657165527344,250.21696763186887
840,295.0350952148437,251.31631288413436
841,295.0350952148437,254.56161607846565
842,302.8506164550781,257.8876752815355
843,291.1273498535156,261.50399920783286
844,289.1734924316406,264.89722159369455
845,265.7269897460937,264.8772386462619
846,265.7269897460937,262.58238020721143
847,265.7269897460937,259.9489054489135
848,287.2196044921875,255.48736335358788
849,287.2196044921875,252.32497077344908
850,287.2196044921875,253.4650595954556
851,287.2196044921875,256.0738504489669
852,291.1273498535156,258.7653812548525
853,263.7731018066406,261.87257831219625
854,273.54248046875,261.56947516583176
855,273.54248046875,260.50413040215216
856,263.7731018066406,259.48170708573366
857,263.7731018066406,257.22470841956556
858,263.7731018066406,254.11658823693278
859,263.7731018066406,253.08197811522837
860,263.7731018066406,251.74640975591916
861,263.7731018066406,250.3147995191152
862,263.7731018066406,250.32044687382444
863,283.3118591308594,250.30693356077023
864,289.1734924316406,250.17748269303655
865,263.7731018066406,253.01360478499888
866,263.7731018066406,253.59810599740322
867,279.40411376953125,254.3392243360463
868,291.1273498535156,256.33645244294564
869,291.1273498535156,258.3754228790899
870,291.1273498535156,257.96684685043977
871,291.1273498535156,261.00436346317423
872,291.1273498535156,263.9498545691567
873,265.7269897460937,265.315370198871
874,257.9114685058594,262.803107996904
875,267.68084716796875,260.11428450804243
876,283.3118591308594,257.8347390884919
877,271.5885925292969,256.80413176215836
878,271.5885925292969,254.25737260086177
879,271.5885925292969,253.74392876364487
880,289.1734924316406,256.1327210188684
881,271.5885925292969,257.6254999421021
882,283.3118591308594,255.32184078338457
883,281.35797119140625,256.234513036031
884,269.6347351074219,257.80781330800335
885,281.35797119140625,258.22230432012293
886,271.5885925292969,259.71470313294355
887,281.35797119140625,261.31055403697593
888,265.7269897460937,260.9881234397075
889,265.7269897460937,258.31347263910664
890,265.7269897460937,257.8581120002212
891,265.7269897460937,255.28729727992283
892,265.7269897460937,254.3590598937269
893,285.2657165527344,251.5242953389543
894,283.3118591308594,252.75697013663836
895,273.54248046875,253.01587381144455
896,283.3118591308594,253.68648554713144
897,279.40411376953125,255.99692075576448
898,283.3118591308594,257.70981075893883
899,283.3118591308594,257.125968921741
900,293.08123779296875,258.20124310029394
901,277.4502258300781,258.63856788794453
902,279.40411376953125,258.7894057844328
903,271.5885925292969,259.7690434073091
904,293.08123779296875,259.3066972699131
905,271.5885925292969,258.52435634483487
906,273.54248046875,254.2907680157288
907,287.2196044921875,253.97483032490493
908,285.2657165527344,255.0080441226428
909,285.2657165527344,256.4388378977941
910,285.2657165527344,256.1026379947442
911,285.2657165527344,258.05441963520957
912,285.2657165527344,261.4060897470328
913,259.8653564453125,262.3726794981771
914,306.75836181640625,260.0742061315243
915,304.8044738769531,257.24893464038547
916,304.8044738769531,257.48962210544454
917,293.08123779296875,260.42867460647
918,293.08123779296875,262.68229106569686
919,293.08123779296875,267.02546755411225
920,273.54248046875,269.11179276611153
921,293.08123779296875,266.4262196091499
922,267.68084716796875,263.497783048948
923,283.3118591308594,258.7050639381746
924,269.6347351074219,257.51825838279217
925,255.9576110839844,254.58085819846048
926,269.6347351074219,252.79252597497586
927,269.6347351074219,250.8626336520253
928,273.54248046875,252.67895829236187
929,273.54248046875,250.34953307778355
930,273.54248046875,251.36729422362473
931,273.54248046875,253.8098042254453
932,267.68084716796875,254.3824172907454
933,267.68084716796875,254.40788080974679
934,267.68084716796875,255.0992008055934
935,267.68084716796875,254.4098822074322
936,263.7731018066406,253.62270457128088
937,263.7731018066406,252.40419664384092
938,263.7731018066406,251.92431112595384
939,263.7731018066406,251.43461255352392
940,302.8506164550781,250.89095769581934
941,302.8506164550781,247.12440870410794
942,302.8506164550781,251.95875184445694
943,330.2048645019531,256.14324775010516
944,328.2509765625,261.0089480601978
945,320.4354858398437,268.50374410148214
946,312.6199951171875,271.86830305925236
947,302.8506164550781,274.02519305437306
948,302.8506164550781,274.8833504921582
949,302.8506164550781,274.52798604266724
950,302.8506164550781,272.78514489041004
951,302.8506164550781,271.5232442563702
952,302.8506164550781,270.6632987481724
953,302.8506164550781,270.6633258989162
954,275.4963684082031,270.66331426288315
955,293.08123779296875,268.7665439080228
956,293.08123779296875,265.5585981978137
957,293.08123779296875,265.3121625324256
958,283.3118591308594,264.59551477129656
959,291.1273498535156,260.2681283797365
960,298.9428405761719,261.3821505483616
961,298.9428405761719,261.5038324246924
962,298.9428405761719,262.59540092819964
963,298.9428405761719,263.34869055741797
964,298.9428405761719,267.4871737096902
965,298.9428405761719,269.0364882388591
966,298.9428405761719,268.9628321496228
967,298.9428405761719,268.9628321496228
968,298.9428405761719,268.9628321496228
969,298.9428405761719,268.9628321496228
970,298.9428405761719,268.9628321496228
971,298.9428405761719,268.9628321496228
972,298.9428405761719,268.9628321496228
973,298.9428405761719,268.9628321496228
974,298.9428405761719,268.9628321496228
975,298.9428405761719,268.9628321496228
976,298.9428405761719,268.9628321496228
977,302.8506164550781,268.9628321496228
978,302.8506164550781,269.77060944295863
979,254.0037384033203,270.02972450569865
980,300.896728515625,266.4887361360752
981,283.3118591308594,263.7281571100429
982,283.3118591308594,263.83027881480876
983,283.3118591308594,260.1998248657053
984,283.3118591308594,258.21273950095195
985,283.3118591308594,262.33366775802233
986,254.0037384033203,262.7523516207193
987,271.5885925292969,258.9763037473576
988,267.68084716796875,255.9611787408981
989,273.54248046875,254.56501380011764
990,289.1734924316406,252.72191852639986
991,289.1734924316406,252.62436202526916
992,289.1734924316406,255.94292568371293
993,289.1734924316406,259.53165281828217
994,254.0037384033203,262.0792071085042
995,259.8653564453125,261.27279123103574
996,254.0037384033203,259.2834174464483
997,254.0037384033203,257.0360068715173
998,257.9114685058594,252.99239229674015
999,257.9114685058594,248.84691394926318
1000,257.9114685058594,247.59489230728684
1001,257.9114685058594,246.27029866648707
1002,263.7731018066406,245.57354658254275
1003,254.0037384033203,247.55397225771108
1004,254.0037384033203,247.349463158758
1005,257.9114685058594,247.14229716559072
1006,257.9114685058594,247.37730042850254
1007,257.9114685058594,247.3903502395734
1008,259.8653564453125,246.28049377078185
1009,259.8653564453125,246.49302591452616
1010,254.0037384033203,247.34559029908962
1011,254.0037384033203,246.85729774732047
1012,291.1273498535156,246.4804551201494
1013,279.40411376953125,244.2160753303469
1014,279.40411376953125,246.53394596410192
1015,279.40411376953125,249.33625374400725
1016,279.40411376953125,253.09822589605045
1017,279.40411376953125,256.8262014381854
1018,279.40411376953125,259.61066924007906
1019,279.40411376953125,259.3297017072623
1020,279.40411376953125,259.3297017072623
1021,279.40411376953125,259.3297017072623
1022,279.40411376953125,259.3297017072623
1023,254.0037384033203,259.3297017072623
1024,255.9576110839844,255.68606801138552
1025,255.9576110839844,253.48425129264052
1026,255.9576110839844,251.52918635151497
1027,255.9576110839844,248.94341738940244
1028,255.9576110839844,245.8820915136992
1029,255.9576110839844,245.17881937256658
1030,254.0037384033203,245.33228507318634
1031,254.0037384033203,245.14114771555194
1032,254.0037384033203,244.91059523528355
1033,254.0037384033203,244.6457145181649
1034,254.0037384033203,244.35530434452423
1035,254.0037384033203,244.04975181320168
1036,254.0037384033203,244.05374297253945
1037,254.0037384033203,244.05374297253945
1038,254.0037384033203,244.05511214576222
1039,254.0037384033203,244.05220895551508
1040,291.1273498535156,244.05164072923424
1041,291.1273498535156,243.17312605161993
1042,291.1273498535156,247.76797054162031
1043,259.8653564453125,252.4681288881212
1044,259.8653564453125,253.24050742956578
1045,259.8653564453125,255.50550392912018
1046,259.8653564453125,256.75617966993985
1047,259.8653564453125,253.62617598780886
1048,259.8653564453125,249.75322904918403
1049,259.8653564453125,247.85125544820943
1050,259.8653564453125,247.85125544820943
1051,257.9114685058594,247.85125544820943
1052,263.7731018066406,246.904412045159
1053,263.7731018066406,247.71576547932034
1054,263.7731018066406,248.97951430327703
1055,261.8192443847656,249.96252249706146
1056,263.7731018066406,249.93838548582832
1057,285.2657165527344,246.20333911427372
1058,257.9114685058594,248.00079980568975
1059,322.38934326171875,248.87613590694127
1060,341.9281005859375,253.42661414224287
1061,336.06646728515625,261.78147205205556
1062,328.2509765625,269.01880146861595
1063,289.1734924316406,272.56481272584136
1064,300.896728515625,276.60664698756113
1065,289.1734924316406,276.4641870348723
1066,293.08123779296875,275.0666180127699
1067,287.2196044921875,271.8032576344765
1068,306.75836181640625,270.09297410270636
1069,312.6199951171875,267.5130483685262
1070,304.8044738769531,268.27097301757794
1071,312.6199951171875,269.75873293188744
1072,316.5277404785156,270.9476989107403
1073,316.5277404785156,272.5252618494884
1074,314.5738525390625,275.5945176817184
1075,316.5277404785156,275.78527492893966
1076,330.2048645019531,276.252306508979
1077,328.2509765625,276.7998284083355
1078,316.5277404785156,277.10618576527764
1079,289.1734924316406,277.23790953813466
1080,289.1734924316406,275.5392814328077
1081,289.1734924316406,273.75569865014825
1082,289.1734924316406,271.266568881894
1083,289.1734924316406,268.28020039179034
1084,310.6661071777344,265.44261409900196
1085,296.9889831542969,266.15691526013165
1086,296.9889831542969,266.63921331553877
1087,281.35797119140625,267.5229196032343
1088,281.35797119140625,267.24555536198676
1089,281.35797119140625,266.9404197885153
1090,298.9428405761719,263.91260374867085
1091,295.0350952148437,263.7961891166361
1092,310.6661071777344,263.1831330791155
1093,306.75836181640625,265.80918792700226
1094,306.75836181640625,268.25913917196135
1095,306.75836181640625,271.06522284459294
1096,308.71221923828125,271.9439333954303
1097,308.71221923828125,271.9813936645111
1098,308.71221923828125,272.63200693805464
1099,283.3118591308594,272.5486696693168
1100,283.3118591308594,270.94363017784883
1101,302.8506164550781,269.3803058648821
1102,302.8506164550781,268.66990277482574
1103,302.8506164550781,267.61987103064615
1104,302.8506164550781,266.65549600445996
1105,293.08123779296875,268.6613619265636
1106,293.08123779296875,268.9068667093073
1107,293.08123779296875,267.7698245886222
1108,293.08123779296875,266.46862131360126
1109,271.5885925292969,265.487001686428
1110,271.5885925292969,262.5213336991287
1111,271.5885925292969,259.9151299236333
1112,257.9114685058594,259.0922762101362
1113,271.5885925292969,257.68678304952357
1114,269.6347351074219,254.52684373302048
1115,269.6347351074219,253.6226502697933
1116,269.6347351074219,253.39195815712824
1117,279.40411376953125,253.1983190523871
1118,293.08123779296875,254.59373540837436
1119,293.08123779296875,256.12534377391165
1120,293.08123779296875,258.2132708797948
1121,283.3118591308594,260.71696896143357
1122,273.54248046875,263.002177250404
1123,273.54248046875,263.42370418384405
1124,273.54248046875,262.62364933777883
1125,273.54248046875,261.30374307896125
1126,296.9889831542969,259.34543362395226
1127,296.9889831542969,259.9677247930406
1128,296.9889831542969,260.6280619115402
1129,293.08123779296875,263.09780217004766
1130,293.08123779296875,265.39373112413915
1131,298.9428405761719,267.7061638517799
1132,298.9428405761719,267.7486276150742
1133,293.08123779296875,267.84635477802306
1134,296.9889831542969,267.5209492349703
1135,296.9889831542969,267.8160894560478
1136,296.9889831542969,268.2748982393951
1137,298.9428405761719,267.71131861442313
1138,298.9428405761719,267.2919094389991
1139,298.9428405761719,267.8800876378487
1140,259.8653564453125,262.88941633274845
1141,259.8653564453125,260.1556040614197
1142,259.8653564453125,257.1952925280033
1143,298.9428405761719,253.25294634890128
1144,300.896728515625,249.07266074787998
1145,300.896728515625,251.9181285137241
1146,298.9428405761719,256.7267560210222
1147,296.9889831542969,261.5191027787379
1148,295.0350952148437,266.1498599454228
1149,296.9889831542969,268.79561847594886
1150,298.9428405761719,268.22031360833546
1151,298.9428405761719,268.16193563049995
1152,293.08123779296875,268.43403262745136
1153,293.08123779296875,268.2708178704706
1154,293.08123779296875,267.80900699059515
1155,306.75836181640625,267.4690913143232
1156,306.75836181640625,267.9984959102134
1157,295.0350952148437,268.43162008993136
1158,295.0350952148437,268.7211711364648
1159,295.0350952148437,269.18871470195853
1160,296.9889831542969,269.5789717359029
1161,296.9889831542969,268.9047024071591
1162,296.9889831542969,267.795726398202
1163,296.9889831542969,268.0522155961494
1164,296.9889831542969,268.3081617792208
1165,296.9889831542969,268.5513005685767
1166,296.9889831542969,268.0819960834141
1167,296.9889831542969,268.0819960834141
1168,296.9889831542969,268.08201935548016
1169,254.0037384033203,268.0819572966372
1170,254.0037384033203,262.53681738044685
1171,254.0037384033203,259.51169702159336
1172,261.8192443847656,255.76640318359526
1173,261.8192443847656,251.35285390660383
1174,254.0037384033203,246.37391754083927
1175,234.4649810791016,245.61242644765625
1176,257.9114685058594,243.50817786607502
1177,250.09597778320312,243.48253398856127
1178,252.0498504638672,244.05513735716718
1179,244.2343597412109,243.42356451237885
1180,244.2343597412109,241.27063076849672
1181,244.2343597412109,241.29366429592852
1182,244.2343597412109,240.5035039566375
1183,252.0498504638672,239.21017051863922
1184,240.3266143798828,237.76734508530936
1185,240.3266143798828,237.63310598997367
1186,254.0037384033203,237.66648589012996
1187,248.14210510253903,238.25750522038376
1188,248.14210510253903,238.84234775642437
1189,242.28048706054688,238.91618420417305
1190,246.188232421875,239.38550420404647
1191,246.188232421875,239.11665559965618
1192,246.188232421875,238.53796270708497
1193,242.28048706054688,238.48669628478476
1194,242.28048706054688,233.05245358162236
1195,242.28048706054688,234.05989938416056
1196,236.4188537597656,234.5342829977516
1197,240.3266143798828,233.77857501299675
1198,240.3266143798828,232.61038323182424
1199,240.3266143798828,234.192245684786
1200,240.3266143798828,234.66286989003098
1201,236.4188537597656,235.48757955080026
1202,236.4188537597656,235.70851484974895
1203,279.40411376953125,234.99336134919804
1204,244.2343597412109,233.4841009548117
1205,250.09597778320312,234.787220296609
1206,252.0498504638672,236.05935579138986
1207,250.09597778320312,238.27001589525642
1208,244.2343597412109,240.58187069992215
1209,252.0498504638672,239.44698318469105
1210,238.3727264404297,238.78660146139808
1211,238.3727264404297,235.92187412150957
1212,230.55723571777344,236.04998975445025
1213,230.55723571777344,235.0433778676143
1214,230.55723571777344,234.15710001661367
1215,230.55723571777344,231.22533942963582
1216,218.833984375,229.44690365226424
1217,255.9576110839844,225.77784037581583
1218,252.0498504638672,222.40623652728306
1219,257.9114685058594,226.333453196823
1220,248.14210510253903,231.89032805234902
1221,275.4963684082031,237.69658248962597
1222,267.68084716796875,242.8846455201275
1223,267.68084716796875,248.69496287227938
1224,287.2196044921875,248.26423183669309
1225,287.2196044921875,250.20443174559125
1226,287.2196044921875,253.47099397231352
1227,287.2196044921875,258.47524064931093
1228,287.2196044921875,261.0147777127582
1229,287.2196044921875,263.36927857856944
1230,244.2343597412109,263.36930185063557
1231,273.54248046875,256.1158875577159
1232,265.7269897460937,251.45849551136874
1233,285.2657165527344,252.83383195298126
1234,246.188232421875,253.24071687816075
1235,248.14210510253903,249.93435941839138
1236,240.3266143798828,247.71926404659212
1237,244.2343597412109,248.4170827668998
1238,252.0498504638672,246.87705767078623
1239,236.4188537597656,246.1184232237181
1240,244.2343597412109,244.0972404034368
1241,248.14210510253903,244.25893277942626
1242,248.14210510253903,240.15469253309521
1243,252.0498504638672,240.8669127836469
1244,255.9576110839844,238.3153052752442
1245,285.2657165527344,238.79544484651967
1246,273.54248046875,242.18706339915863
1247,279.40411376953125,246.40285635504637
1248,263.7731018066406,250.28431311251188
1249,283.3118591308594,255.38860834105253
1250,277.4502258300781,257.15348038255996
1251,279.40411376953125,257.7698332961128
1252,291.1273498535156,257.6868606230773
1253,261.8192443847656,259.0258111893277
1254,269.6347351074219,258.19293497269285
1255,265.7269897460937,258.71708396032005
1256,269.6347351074219,259.796543232095
1257,263.7731018066406,257.3481357008546
1258,267.68084716796875,254.16190282832554
1259,263.7731018066406,252.14370465052275
1260,254.0037384033203,251.04752439924818
1261,269.6347351074219,248.9300572841168
1262,259.8653564453125,248.17103690861904
1263,259.8653564453125,247.68658036908027
1264,263.7731018066406,249.96245462020198
1265,267.68084716796875,250.88496513879613
1266,267.68084716796875,252.76523172010718
1267,265.7269897460937,254.10149242338315
1268,255.9576110839844,253.29978913930185
1269,265.7269897460937,251.6263297734722
1270,254.0037384033203,249.99957550498536
1271,263.7731018066406,248.90375403139663
1272,263.7731018066406,248.38949373252706
1273,263.7731018066406,248.36873892823513
1274,263.7731018066406,249.9073890331094
1275,263.7731018066406,250.78650490576484
1276,248.14210510253903,251.12116497377377
1277,263.7731018066406,249.19116986586457
1278,248.14210510253903,247.79969036772746
1279,248.14210510253903,246.14646994205765
1280,263.7731018066406,244.2860389184272
1281,265.7269897460937,242.191933078992
1282,265.7269897460937,244.45064224201917
1283,265.7269897460937,244.52056704332264
1284,265.7269897460937,247.016736611575
1285,265.7269897460937,249.49772503536866
1286,265.7269897460937,251.44160193071212
1287,265.7269897460937,251.52429727829312
1288,263.7731018066406,251.5242953389543
1289,263.7731018066406,251.33450970049307
1290,263.7731018066406,251.12410113278122
1291,246.188232421875,250.8768625811124
1292,248.14210510253903,248.85340491636887
1293,248.14210510253903,244.19972282522735
1294,248.14210510253903,242.9636716386186
1295,255.9576110839844,241.88278501345556
1296,254.0037384033203,241.81380660950722
1297,254.0037384033203,241.68476106359162
1298,263.7731018066406,244.91439246073708
1299,242.28048706054688,246.92356689490592
1300,240.3266143798828,245.3870655774691
1301,259.8653564453125,242.37473903695923
1302,236.4188537597656,243.53614507152201
1303,238.3727264404297,239.58973209886742
1304,238.3727264404297,237.7897134195182
1305,240.3266143798828,238.15813543743536
1306,240.3266143798828,237.05985294285554
1307,240.3266143798828,233.57676256470407
1308,240.3266143798828,234.01563785375927
1309,240.3266143798828,232.94342686090795
1310,240.3266143798828,233.57843718379453
1311,234.4649810791016,233.6602763132766
1312,230.55723571777344,232.865420834648
1313,226.6494903564453,231.8028532041908
1314,234.4649810791016,231.30100273457407
1315,224.6956024169922,229.91132488222163
1316,224.6956024169922,224.85718047131206
1317,232.5111083984375,225.06447785468592
1318,224.6956024169922,224.98222225218743
1319,224.6956024169922,224.87178223829162
1320,224.6956024169922,223.18024581027677
1321,224.6956024169922,223.05162376748086
1322,224.6956024169922,223.28059253516705
1323,244.2343597412109,221.7616482946883
1324,230.55723571777344,219.76954952691207
1325,224.6956024169922,222.31693409468318
1326,232.5111083984375,223.22620159557428
1327,226.6494903564453,223.93213378234668
1328,261.8192443847656,224.3401740686416
1329,261.8192443847656,225.77027695433026
1330,263.7731018066406,229.11962955623682
1331,263.7731018066406,235.5428477988019
1332,263.7731018066406,240.2545684834815
1333,263.7731018066406,247.4715096307912
1334,228.60336303710935,252.1652778558062
1335,228.60336303710935,247.3398576134713
1336,263.7731018066406,243.5363487021005
1337,222.74172973632807,235.14854627370164
1338,230.55723571777344,230.0364452063201
1339,230.55723571777344,225.82320151134078
1340,230.55723571777344,226.22608364114947
1341,234.4649810791016,226.56688801944597
1342,273.54248046875,225.16320135296507
1343,257.9114685058594,230.75705115802657
1344,263.7731018066406,235.82327910442874
1345,263.7731018066406,240.8447558373719
1346,263.7731018066406,245.91293475864956
1347,216.88011169433597,250.28951441928731
1348,216.88011169433597,243.18367993360056
1349,242.28048706054688,237.3111757421266
1350,242.28048706054688,235.0560320535613
1351,242.28048706054688,231.39114805231836
1352,242.28048706054688,226.796395680913
1353,218.833984375,231.83406104484354
1354,218.833984375,233.20431544901942
1355,218.833984375,229.9002910138775
1356,218.833984375,225.5200096402242
1357,218.833984375,220.26052945687778
1358,218.833984375,215.74653700319084
1359,201.2491149902344,215.7465176098024
1360,201.2491149902344,218.25404964312403
1361,201.2491149902344,216.36480404418108
1362,195.38748168945312,211.71202035175833
1363,197.34136962890625,209.63375697132713
1364,209.06460571289065,202.08070028220726
1365,209.06460571289065,213.41752050427354
1366,202.0,215.88120566208013
1367,199.0,217.60705044872208
1368,200.0,216.1048817316479
1369,200.0,214.66114820290505
1370,240.0,209.12183939377925
1371,280.0,218.08077953545381
1372,298.0,221.8771518010931
1373,236.0,231.50645047352694
1374,240.0,235.87486357829914
1375,224.0,239.7560808274176
1376,224.0,238.14791124305796
1377,224.0,235.6291241355555
1378,210.0,227.80243643245984
1379,204.0,221.13080767152167
1380,204.0,217.19912967418335
1381,254.0,214.00040236874443
1382,260.0,216.92792113683913
1383,260.0,222.40683966166304
1384,260.0,231.18312971972983
1385,260.0,238.8024768891624
1386,260.0,245.32674050343576
1387,260.0,247.61714815984283
1388,260.0,246.6255254229202
1389,260.0,246.72330494801778
1390,260.0,247.93710028207056
1391,262.0,247.93710028207056
1392,198.0,248.13344088581925
1393,200.0,221.45883810969767
1394,200.0,208.01263842151644
1395,200.0,201.61972137869526
1396,200.0,198.9814836042002
1397,200.0,197.96994191802673
1398,138.0,198.37138117973666
1399,138.0,194.21412328813065
1400,186.0,184.86940356106427
1401,186.0,178.8500177243407
1402,135.0,173.44278419323712
1403,135.0,174.51110002402334
1404,135.0,174.58722683094496
1405,165.0,174.07995009124707
1406,165.0,168.13783139268446
1407,201.98736572265625,163.14400284394873
1408,200.0636749267578,178.95168950249507
1409,246.23220825195312,186.5744159698606
1410,261.6217346191406,217.78179772654684
1411,253.92697143554688,231.0978928685958
1412,221.2242584228516,226.08897044564927
1413,230.8426971435547,224.03026166118386
1414,230.8426971435547,227.9468197244457
1415,230.8426971435547,229.5248961031523
1416,184.67416381835935,226.21803247594502
1417,228.91900634765625,223.2853133707443
1418,244.3085174560547,223.51758919599155
1419,288.5533752441406,225.14752325292798
1420,221.2242584228516,228.63992439686206
1421,219.30056762695312,231.80949640939562
1422,259.6980285644531,237.55631398982908
1423,236.61376953125,237.61180623146703
1424,213.5294952392578,238.53151634477268
1425,213.5294952392578,226.31286517567153
1426,259.6980285644531,223.19218316810412
1427,259.6980285644531,222.4953898732094
1428,259.6980285644531,222.9486160272814
1429,259.6980285644531,226.5488162904426
1430,259.6980285644531,233.79137561902635
1431,259.6980285644531,241.0977076812706
1432,259.6980285644531,247.74448902691591
1433,259.6980285644531,247.74448902691591
1434,259.6980285644531,247.74448902691591
1435,259.6980285644531,247.74448902691591
1436,259.6980285644531,247.74448902691591
1437,242.3848419189453,247.74448902691591
1438,240.46115112304688,245.99212959961994
1439,298.1718139648437,243.82262420532905
1440,288.5533752441406,235.80112409749256
1441,271.2401733398437,240.1357199811995
1442,290.47705078125,244.07534526790553
1443,271.2401733398437,251.08728472419614
1444,253.92697143554688,257.86184716683175
1445,273.1638488769531,263.65998159237535
1446,288.5533752441406,259.7682909438382
1447,288.5533752441406,260.20884667000036
1448,282.7823181152344,259.75432770417257
1449,282.7823181152344,260.38408144912665
1450,282.7823181152344,260.2580709684995
1451,278.9349365234375,261.5638084177341
1452,259.6980285644531,260.8341981157821
1453,259.6980285644531,258.05393480049895
1454,273.1638488769531,254.4429013905638
1455,273.1638488769531,251.49800178292833
1456,255.8506622314453,250.19659681666775
1457,240.46115112304688,247.5820034613399
1458,226.9953155517578,246.07157849397868
1459,226.9953155517578,242.41356460058512
1460,226.9953155517578,239.06477634628175
1461,213.5294952392578,231.88096589408707
1462,200.0636749267578,223.60519785852992
1463,200.0636749267578,220.4638875582279
1464,200.0636749267578,220.29272540582184
1465,190.4452209472656,219.87768590928476
1466,180.8267822265625,213.25881713427503
1467,180.8267822265625,203.34065769872694
1468,168.3227996826172,193.7516724264372
1469,168.3227996826172,187.4977584648182
1470,159.66619873046875,180.87824422329777
1471,153.89512634277344,176.8374378111645
1472,146.20037841796875,172.7990478152289
1473,140.42930603027344,168.32661439296413
1474,134.6582489013672,164.74439567955014
1475,134.6582489013672,160.38729085956828
1476,129.84901428222656,156.52972869598062
1477,122.15425872802734,153.82065463092619
1478,122.15425872802734,150.98287440425355
1479,122.15425872802734,149.2791186870271
1480,115.42134857177734,148.10273901726174
1481,115.42134857177734,146.5450853310703
1482,115.42134857177734,145.391613131712
1483,135.62008666992188,144.8745776389589
1484,140.42930603027344,145.50874144044073
1485,142.35299682617188,146.39499601937524
1486,142.35299682617188,148.53296194607134
1487,142.35299682617188,151.21533131526522
1488,150.04776000976562,154.37812145986672
1489,159.66619873046875,155.71090492859815
1490,159.66619873046875,167.79409909757055
1491,159.66619873046875,174.68141663984517
1492,160.6280517578125,176.15468193564618
1493,162.55174255371094,189.6272281480455
1494,162.55174255371094,193.0968856957047
1495,162.55174255371094,191.03103214452636
1496,217.3768768310547,185.63610953639468
1497,259.6980285644531,211.7886523564484
1498,288.5533752441406,223.19800724506536
1499,278.9349365234375,232.30165794215543
1500,259.6980285644531,239.01977398844264
1501,244.3085174560547,242.69598275885608
1502,244.3085174560547,250.88011097367348
1503,257.7743530273437,254.07860822504222
1504,240.46115112304688,246.3175778081272
1505,240.46115112304688,240.06010903840996
1506,240.46115112304688,236.3764561158498
1507,240.46115112304688,234.9359278293788
1508,240.46115112304688,234.40633220861255
1509,250.07958984375,235.12695852337689
1510,242.3848419189453,231.55093114921743
1511,242.3848419189453,232.64943472842526
1512,282.7823181152344,231.56317516499925
1513,263.54541015625,233.0503406719535
1514,261.6217346191406,237.77633392084414
1515,244.3085174560547,241.83532745264193
1516,230.8426971435547,244.7816485956489
1517,244.3085174560547,241.6022286204734
1518,244.3085174560547,240.44601031731415
1519,228.91900634765625,236.08582485758106
1520,236.61376953125,235.23358434260433
1521,252.00328063964844,227.96106707725178
1522,252.00328063964844,232.58523000703764
1523,234.6900787353516,234.32280100599047
1524,221.2242584228516,234.24899073931616
1525,221.2242584228516,232.9787868260224
1526,236.61376953125,234.98793604878628
1527,236.61376953125,224.34398826331
1528,232.76638793945312,223.4354126215509
1529,221.2242584228516,224.38693395230666
1530,223.14794921875,225.23845400290347
1531,234.6900787353516,228.42684148088648
1532,230.8426971435547,230.01704890888732
1533,230.8426971435547,228.29573635712018
1534,230.8426971435547,225.78200801498826
1535,230.8426971435547,227.83161378534453
1536,230.8426971435547,227.93051812697075
1537,226.9953155517578,227.07875081067155
1538,250.07958984375,225.9110651969369
1539,234.6900787353516,225.82412754563805
1540,225.07164001464844,229.8789660439659
1541,215.45318603515625,232.16474643789485
1542,232.76638793945312,229.8091081498525
1543,238.53746032714844,225.9063181802853
1544,246.23220825195312,225.07685035166605
1545,230.8426971435547,224.40440788011188
1546,228.91900634765625,224.58572685002164
1547,230.8426971435547,226.6232214493068
1548,215.45318603515625,229.24553822157475
1549,236.61376953125,226.93807456488307
1550,244.3085174560547,224.0086467601153
1551,228.91900634765625,223.78028209647857
1552,219.30056762695312,223.89198074128313
1553,205.83474731445312,223.21924373264227
1554,207.7584228515625,221.97815135592123
1555,196.2162933349609,220.32540356833886
1556,187.5596923828125,218.4121272127198
1557,203.9110565185547,217.77824122152714
1558,209.6821136474609,216.0718940627725
1559,205.83474731445312,219.79718098432198
1560,201.98736572265625,215.343336821812
1561,207.7584228515625,209.8506991715992
1562,240.46115112304688,217.38241270950581
1563,225.07164001464844,221.2409938744465
1564,228.91900634765625,222.50478839407464
1565,215.45318603515625,224.46319408877372
1566,213.5294952392578,224.22196433609085
1567,213.5294952392578,221.6795668690596
1568,221.2242584228516,221.82287903996104
1569,221.2242584228516,220.44073200395985
1570,221.2242584228516,221.1696677796207
1571,221.2242584228516,218.8929489464331
1572,213.5294952392578,221.7293435155028
1573,216.0,223.35236067804027
1574,220.0,223.72829739155458
1575,228.0,221.55786269033212
1576,214.0,221.55054701938366
1577,216.0,221.34290576699132
1578,202.0,221.97954828593117
1579,188.0,220.64489865809642
1580,244.0,220.22592475060935
1581,228.0,218.37157769807166
1582,214.0,224.79415826178362
1583,200.0,223.4129584715983
1584,186.0,218.75150981322744
1585,180.0,221.01707902378377
1586,186.0,214.1379751875503
1587,186.0,210.00678200998686
1588,187.0,203.62706313765796
1589,186.0,190.88038236390585
1590,186.0,189.15667084999058
1591,186.0,188.00085398997174
1592,187.0,187.71884309285772
1593,186.0,187.21611216340654
1594,187.0,186.91543706927277
1595,187.0,186.9244162081133
1596,186.0,187.2651192559553
1597,185.0,190.53511605176757
1598,182.0,191.09120013211344
1599,184.0,190.3030062824087
1600,188.0,189.96521612150804
1601,187.0,189.8591284688094
1602,187.0,188.33298128145242
1603,184.0,187.16418830523872
1604,184.0,187.1613995359833
1605,181.0,187.43866681028868
1606,182.0,186.46625904261705
1607,182.0,185.43600855463046
1608,180.0,184.15323675596818
1609,181.0,183.0569323870077
1610,182.0,182.7513468869248
1611,179.0,182.77240810675383
1612,180.0,182.80798721715746
1613,178.0,182.62060441952207
1614,182.0,182.36104718752594
1615,173.0,182.2996011756417
1616,184.0,183.03882284089684
1617,180.0,183.7476007650032
1618,179.0,183.68519671973078
1619,184.0,183.99000648427668
1620,183.0,184.25570754172566
1621,181.0,184.37460840615643
1622,181.0,183.65634711511046
1623,183.0,183.36330525866057
1624,183.0,183.82479808696587
1625,182.0,186.2486458311055
1626,182.0,185.91374140640244
1627,184.0,186.1857026496349
1628,181.0,186.84002781772284
1629,179.0,186.87893871225782
1630,180.0,184.02065579534278
1631,183.0,183.30787119718792
1632,180.0,183.07567415758115
1633,172.0,183.51117596671986
1634,168.0,182.63814767869087
1635,171.0,182.29823200241893
1636,171.0,180.92845370592886
1637,171.0,178.6904605604168
1638,171.0,176.65068723799172
1639,169.0,175.647986997601
1640,171.0,174.31395071597734
1641,180.0,173.91359360534153
1642,181.0,176.0842218768222
1643,175.0,177.5292736711432
1644,182.0,179.1166108776572
1645,181.0,181.43922513422086
1646,180.0,183.64140256999053
1647,232.0,182.99447404024767
1648,216.0,195.1190090953246
1649,202.0,209.52860117094227
1650,188.0,214.55079982276953
1651,181.0,215.01384363731407
1652,204.0,216.04031289939257
1653,230.0,214.5756092997463
1654,228.0,211.97910124879374
1655,284.0,216.093364967932
1656,352.0,222.77621825846424
1657,440.0,241.0251027136869
1658,452.0,274.8116027123428
1659,422.0,304.79889719251923
1660,394.0,359.7744989628155
1661,368.0,342.248639542088
1662,344.0,278.1168605669885
1663,320.0,268.4871317249577
1664,298.0,209.68526387164383
1665,278.0,232.60644152562693
1666,260.0,243.91946702976574
1667,242.0,201.56517165573476
1668,230.0,218.84017311247007
1669,234.0,208.3515262482019
1670,228.0,233.00253596948707
1671,238.0,250.91431703217665
1672,222.0,259.1555529578878
1673,210.0,246.62622940292
1674,196.0,245.72339153754368
1675,196.0,243.51831479020453
1676,189.0,240.91817920594713
1677,188.0,223.45554586774384
1678,185.0,213.0630636653609
1679,185.0,208.71080137446864
1680,199.0,206.27707948661265
1681,228.0,202.2139949195267
1682,214.0,219.82865287807897
1683,204.0,221.16741511634652
1684,198.0,225.64448028581046
1685,204.0,229.67627701451642
1686,199.0,232.44039436426678
1687,200.0,215.91100214889028
1688,195.0,211.496134121486
1689,197.0,209.81876795755824
1690,194.0,209.67368020073786
1691,192.0,204.2392435636912
1692,191.0,200.8230506789101
1693,188.0,197.20449069492742
1694,188.0,195.56192887553573
1695,185.0,194.13919499261368
1696,194.0,192.20477625280483
1697,191.0,192.66704287730826
1698,195.0,193.26463850557684
1699,230.0,194.60716521265275
1700,214.0,215.12405383955706
1701,202.0,220.60774759235233
1702,202.0,224.49365673847623
1703,204.0,228.75514051749215
1704,204.0,231.18914263981085
1705,198.0,217.25759152842377
1706,194.0,212.63542926907127
1707,192.0,208.7603611785875
1708,192.0,201.65224990909968
1709,197.0,199.42150601218069
1710,196.0,200.99704428117724
1711,195.0,201.6449366623248
1712,200.0,201.97982557231714
1713,228.0,204.70646713827594
1714,254.0,218.05115443771388
1715,242.0,238.0168817535065
1716,234.0,238.37766859440094
1717,240.0,247.64841418066084
1718,260.0,249.79765930206463
1719,252.0,251.98836748792002
1720,266.0,243.85271886548622
1721,276.0,244.92608667395706
1722,258.0,259.98572961485394
1723,240.0,264.5735924850215
1724,230.0,263.3244216711435
1725,222.0,258.0473914712445
1726,210.0,251.18143962499718
1727,206.0,235.5488374468168
1728,204.0,228.0998946482887
1729,212.0,221.50857899958095
1730,224.0,218.55683970747418
1731,218.0,218.567554069744
1732,214.0,218.7514944197254
