,y_actual,y_predict
0,1750.0,1715.5522172877183
1,1750.0,1715.5522172877183
2,1750.0,1715.5522172877183
3,1750.0,1715.5522172877183
4,1750.0,1715.5522172877183
5,1750.0,1715.5522172877183
6,1750.0,1715.5522172877183
7,1750.0,1715.5522172877183
8,1750.0,1715.5522172877183
9,1750.0,1715.5522172877183
10,1750.0,1715.5522172877183
11,1750.0,1715.5522172877183
12,1750.0,1715.5522172877183
13,1750.0,1715.5522172877183
14,1750.0,1715.5522172877183
15,1750.0,1715.5522172877183
16,1750.0,1715.5522172877183
17,1750.0,1715.5522172877183
18,1750.0,1715.5522172877183
19,1750.0,1715.5522172877183
20,1750.0,1715.5522172877183
21,1750.0,1715.5522172877183
22,1750.0,1715.5522172877183
23,1750.0,1715.5522172877183
24,1750.0,1715.5522172877183
25,1750.0,1715.5522172877183
26,1750.0,1715.5522172877183
27,1750.0,1715.5522172877183
28,1750.0,1715.5522172877183
29,1750.0,1715.5522172877183
30,1750.0,1715.5522172877183
31,1750.0,1715.5522172877183
32,1750.0,1715.5522172877183
33,1750.0,1715.5522172877183
34,1750.0,1715.5522172877183
35,1750.0,1715.5522172877183
36,1750.0,1715.5522172877183
37,1750.0,1715.5522172877183
38,1750.0,1715.5522172877183
39,1750.0,1715.5522172877183
40,1750.0,1715.5522172877183
41,1750.0,1715.5522172877183
42,1750.0,1715.5522172877183
43,1750.0,1715.5522172877183
44,1750.0,1715.5522172877183
45,1750.0,1715.5522172877183
46,1750.0,1715.5522172877183
47,1750.0,1715.5522172877183
48,1750.0,1715.5522172877183
49,1750.0,1715.5522172877183
50,1750.0,1715.5522172877183
51,1750.0,1715.5522172877183
52,1750.0,1715.5522172877183
53,1750.0,1715.5522172877183
54,1750.0,1715.5522172877183
55,1750.0,1715.5522172877183
56,1750.0,1715.5522172877183
57,1750.0,1715.5522172877183
58,1750.0,1715.5522172877183
59,1750.0,1715.5522172877183
60,1750.0,1715.5522172877183
61,1750.0,1715.5522172877183
62,1750.0,1715.5522172877183
63,1750.0,1715.5522172877183
64,1750.0,1715.5522172877183
65,1750.0,1715.5522172877183
66,1750.0,1715.5522172877183
67,1750.0,1715.5522172877183
68,1750.0,1715.5522172877183
69,1750.0,1715.5522172877183
70,1750.0,1715.5522172877183
71,1750.0,1715.5522172877183
72,1750.0,1715.5522172877183
73,1750.0,1715.5522172877183
74,1750.0,1715.5522172877183
75,1750.0,1715.5522172877183
76,1750.0,1715.5522172877183
77,1750.0,1715.5522172877183
78,1750.0,1715.5522172877183
79,1750.0,1715.5522172877183
80,1750.0,1715.5522172877183
81,1750.0,1715.5522172877183
82,1750.0,1715.5522172877183
83,1750.0,1715.5522172877183
84,1750.0,1715.5522172877183
85,1750.0,1715.5522172877183
86,1750.0,1715.5522172877183
87,1750.0,1715.5522172877183
88,1750.0,1715.5522172877183
89,1750.0,1715.5522172877183
90,1750.0,1715.5522172877183
91,1750.0,1715.5522172877183
92,1750.0,1715.5522172877183
93,1750.0,1715.5522172877183
94,1750.0,1715.5522172877183
95,1750.0,1715.5522172877183
96,1750.0,1715.5522172877183
97,1750.0,1715.5522172877183
98,1750.0,1715.5522172877183
99,1750.0,1715.5522172877183
100,1750.0,1715.5522172877183
101,1750.0,1715.5522172877183
102,1750.0,1715.5522172877183
103,1750.0,1715.5522172877183
104,1750.0,1715.5522172877183
105,1750.0,1715.5522172877183
106,1750.0,1715.5522172877183
107,1750.0,1715.5522172877183
108,1750.0,1715.5522172877183
109,1750.0,1715.5522172877183
110,1750.0,1715.5522172877183
111,1750.0,1715.5522172877183
112,1750.0,1715.5522172877183
113,1750.0,1715.5522172877183
114,1750.0,1715.5522172877183
115,1750.0,1715.5522172877183
116,1750.0,1715.5522172877183
117,1750.0,1715.5522172877183
118,1750.0,1715.5522172877183
119,1750.0,1715.5522172877183
120,1750.0,1715.5522172877183
121,1750.0,1715.5522172877183
122,1750.0,1715.5522172877183
123,1750.0,1715.5522172877183
124,1750.0,1715.5522172877183
125,1750.0,1715.5522172877183
126,1750.0,1715.5522172877183
127,1750.0,1715.5522172877183
128,1750.0,1715.5522172877183
129,1750.0,1715.5522172877183
130,1750.0,1715.5522172877183
131,1750.0,1715.5522172877183
132,1750.0,1715.5522172877183
133,1750.0,1715.5522172877183
134,1750.0,1715.5522172877183
135,1750.0,1715.5522172877183
136,1750.0,1715.5522172877183
137,1750.0,1715.5522172877183
138,1750.0,1715.5522172877183
139,1750.0,1715.5522172877183
140,1750.0,1715.5522172877183
141,1750.0,1715.5522172877183
142,1750.0,1715.5522172877183
143,1750.0,1715.5522172877183
144,1750.0,1715.5522172877183
145,1750.0,1715.5522172877183
146,1750.0,1715.5522172877183
147,1750.0,1715.5522172877183
148,1750.0,1715.5522172877183
149,1750.0,1715.5522172877183
150,1750.0,1715.5522172877183
151,1750.0,1715.5522172877183
152,1750.0,1715.5522172877183
153,1750.0,1715.5522172877183
154,1750.0,1715.5522172877183
155,1750.0,1715.5522172877183
156,1750.0,1715.5522172877183
157,1750.0,1715.5522172877183
158,1750.0,1715.5522172877183
159,1750.0,1715.5522172877183
160,1750.0,1715.5522172877183
161,1750.0,1715.5522172877183
162,1750.0,1715.5522172877183
163,1750.0,1715.5522172877183
164,1750.0,1715.5522172877183
165,1750.0,1715.5522172877183
166,1750.0,1715.5522172877183
167,1750.0,1715.5522172877183
168,1750.0,1715.5522172877183
169,1750.0,1715.5522172877183
170,1750.0,1715.5522172877183
171,1750.0,1715.5522172877183
172,1750.0,1715.5522172877183
173,1750.0,1715.5522172877183
174,1750.0,1715.5522172877183
175,1750.0,1715.5522172877183
176,1750.0,1715.5522172877183
177,1750.0,1715.5522172877183
178,1750.0,1715.5522172877183
179,1750.0,1715.5522172877183
180,1750.0,1715.5522172877183
181,1750.0,1715.5522172877183
182,1750.0,1715.5522172877183
183,1750.0,1715.5522172877183
184,1750.0,1715.5522172877183
185,1750.0,1715.5522172877183
186,1750.0,1715.5522172877183
187,1750.0,1715.5522172877183
188,1750.0,1715.5522172877183
189,1750.0,1715.5522172877183
190,1750.0,1715.5522172877183
191,1750.0,1715.5522172877183
192,1750.0,1715.5522172877183
193,1750.0,1715.5522172877183
194,1750.0,1715.5522172877183
195,1750.0,1715.5522172877183
196,1750.0,1715.5522172877183
197,1750.0,1715.5522172877183
198,1750.0,1715.5522172877183
199,1750.0,1715.5522172877183
200,1750.0,1715.5522172877183
201,1750.0,1715.5522172877183
202,1750.0,1715.5522172877183
203,1750.0,1715.5522172877183
204,1750.0,1715.5522172877183
205,1750.0,1715.5522172877183
206,1750.0,1715.5522172877183
207,1750.0,1715.5522172877183
208,1750.0,1715.5522172877183
209,1750.0,1715.5522172877183
210,1750.0,1715.5522172877183
211,1750.0,1715.5522172877183
212,1750.0,1715.5522172877183
213,1750.0,1715.5522172877183
214,1750.0,1715.5522172877183
215,1750.0,1715.5522172877183
216,1750.0,1715.5522172877183
217,1750.0,1715.5522172877183
218,1750.0,1715.5522172877183
219,1750.0,1715.5522172877183
220,1750.0,1715.5522172877183
221,1750.0,1715.5522172877183
222,1750.0,1715.5522172877183
223,1750.0,1715.5522172877183
224,1750.0,1715.5522172877183
225,1750.0,1715.5522172877183
226,1750.0,1715.5522172877183
227,1750.0,1715.5522172877183
228,1750.0,1715.5522172877183
229,1750.0,1715.5522172877183
230,1750.0,1715.5522172877183
231,1750.0,1715.5522172877183
232,1750.0,1715.5522172877183
233,1750.0,1715.5522172877183
234,1750.0,1715.5522172877183
235,1750.0,1715.5522172877183
236,1750.0,1715.5522172877183
237,1750.0,1715.5522172877183
238,1750.0,1715.5522172877183
239,1750.0,1715.5522172877183
240,1750.0,1715.5522172877183
241,1750.0,1715.5522172877183
242,1750.0,1715.5522172877183
243,1750.0,1715.5522172877183
244,1750.0,1715.5522172877183
245,1750.0,1715.5522172877183
246,1750.0,1715.5522172877183
247,1750.0,1715.5522172877183
248,1750.0,1715.5522172877183
249,1750.0,1715.5522172877183
250,1750.0,1715.5522172877183
251,1750.0,1715.5522172877183
252,1750.0,1715.5522172877183
253,1750.0,1715.5522172877183
254,1750.0,1715.5522172877183
255,1750.0,1715.5522172877183
256,1750.0,1715.5522172877183
257,1750.0,1715.5522172877183
258,1750.0,1715.5522172877183
259,1750.0,1715.5522172877183
260,1750.0,1715.5522172877183
261,1750.0,1715.5522172877183
262,1750.0,1715.5522172877183
263,1750.0,1715.5522172877183
264,1750.0,1715.5522172877183
265,1750.0,1715.5522172877183
266,1750.0,1715.5522172877183
267,1750.0,1715.5522172877183
268,1750.0,1715.5522172877183
269,1750.0,1715.5522172877183
270,1750.0,1715.5522172877183
271,1750.0,1715.5522172877183
272,1750.0,1715.5522172877183
273,1750.0,1715.5522172877183
274,1750.0,1715.5522172877183
275,1750.0,1715.5522172877183
276,1750.0,1715.5522172877183
277,1750.0,1715.5522172877183
278,1750.0,1715.5522172877183
279,1750.0,1715.5522172877183
280,1750.0,1715.5522172877183
281,1750.0,1715.5522172877183
282,1750.0,1715.5522172877183
283,1750.0,1715.5522172877183
284,1750.0,1715.5522172877183
285,1750.0,1715.5522172877183
286,1750.0,1715.5522172877183
287,1750.0,1715.5522172877183
288,1750.0,1715.5522172877183
289,1750.0,1715.5522172877183
290,1750.0,1715.5522172877183
291,1750.0,1715.5522172877183
292,1750.0,1715.5522172877183
293,1750.0,1715.5522172877183
294,1750.0,1715.5522172877183
295,1750.0,1715.5522172877183
296,1750.0,1715.5522172877183
297,1750.0,1715.5522172877183
298,1750.0,1715.5522172877183
299,1750.0,1715.5522172877183
300,1750.0,1715.5522172877183
301,1750.0,1715.5522172877183
302,1750.0,1715.5522172877183
303,1750.0,1715.5522172877183
304,1750.0,1715.5522172877183
305,1750.0,1715.5522172877183
306,1750.0,1715.5522172877183
307,1750.0,1715.5522172877183
308,1750.0,1715.5522172877183
309,1750.0,1715.5522172877183
310,1750.0,1715.5522172877183
311,1750.0,1715.5522172877183
312,1750.0,1715.5522172877183
313,1750.0,1715.5522172877183
314,1750.0,1715.5522172877183
315,1750.0,1715.5522172877183
316,1750.0,1715.5522172877183
317,1750.0,1715.5522172877183
318,1750.0,1715.5522172877183
319,1750.0,1715.5522172877183
320,1750.0,1715.5522172877183
321,1750.0,1715.5522172877183
322,1750.0,1715.5522172877183
323,1750.0,1715.5522172877183
324,1750.0,1715.5522172877183
325,1750.0,1715.5522172877183
326,1750.0,1715.5522172877183
327,1750.0,1715.5522172877183
328,1750.0,1715.5522172877183
329,1750.0,1715.5522172877183
330,1750.0,1715.5522172877183
331,1750.0,1715.5522172877183
332,1750.0,1715.5522172877183
333,1750.0,1715.5522172877183
334,1750.0,1715.5522172877183
335,1750.0,1715.5522172877183
336,1750.0,1715.5522172877183
337,1750.0,1715.5522172877183
338,1750.0,1715.5522172877183
339,1750.0,1715.5522172877183
340,1750.0,1715.5522172877183
341,1750.0,1715.5522172877183
342,1750.0,1715.5522172877183
343,1750.0,1715.5522172877183
344,1750.0,1715.5522172877183
345,1750.0,1715.5522172877183
346,1750.0,1715.5522172877183
347,1750.0,1715.5522172877183
348,1750.0,1715.5522172877183
349,1750.0,1715.5522172877183
350,1750.0,1715.5522172877183
351,1750.0,1715.5522172877183
352,1750.0,1715.5522172877183
353,1750.0,1715.5522172877183
354,1750.0,1715.5522172877183
355,1750.0,1715.5522172877183
356,1750.0,1715.5522172877183
357,1750.0,1715.5522172877183
358,1750.0,1715.5522172877183
359,1750.0,1715.5522172877183
360,1750.0,1715.5522172877183
361,1750.0,1715.5522172877183
362,1750.0,1715.5522172877183
363,1750.0,1715.5522172877183
364,1750.0,1715.5522172877183
365,1750.0,1715.5522172877183
366,1750.0,1715.5522172877183
367,1750.0,1715.5522172877183
368,1750.0,1715.5522172877183
369,1750.0,1715.5522172877183
370,1750.0,1715.5522172877183
371,1750.0,1715.5522172877183
372,1750.0,1715.5522172877183
373,1750.0,1715.5522172877183
374,1750.0,1715.5522172877183
375,1750.0,1715.5522172877183
376,1750.0,1715.5522172877183
377,1750.0,1715.5522172877183
378,1750.0,1715.5522172877183
379,1750.0,1715.5522172877183
380,1750.0,1715.5522172877183
381,1750.0,1715.5522172877183
382,1750.0,1715.5522172877183
383,1750.0,1715.5522172877183
384,1750.0,1715.5522172877183
385,1750.0,1715.5522172877183
386,1750.0,1715.5522172877183
387,1750.0,1715.5522172877183
388,1750.0,1715.5522172877183
389,1750.0,1715.5522172877183
390,1750.0,1715.5522172877183
391,1750.0,1715.5522172877183
392,1750.0,1715.5522172877183
393,1750.0,1715.5522172877183
394,1750.0,1715.5522172877183
395,1750.0,1715.5522172877183
396,1750.0,1715.5522172877183
397,1750.0,1715.5522172877183
398,1750.0,1715.5522172877183
399,1750.0,1715.5522172877183
400,1750.0,1715.5522172877183
401,1750.0,1715.5522172877183
402,1750.0,1715.5522172877183
403,1750.0,1715.5522172877183
404,1750.0,1715.5522172877183
405,1750.0,1715.5522172877183
406,1750.0,1715.5522172877183
407,1750.0,1715.5522172877183
408,1750.0,1715.5522172877183
409,1750.0,1715.5522172877183
410,1750.0,1715.5522172877183
411,1750.0,1715.5522172877183
412,1750.0,1715.5522172877183
413,1750.0,1715.5522172877183
414,1750.0,1715.5522172877183
415,1750.0,1715.5522172877183
416,1750.0,1715.5522172877183
417,1750.0,1715.5522172877183
418,1750.0,1715.5522172877183
419,1750.0,1715.5522172877183
420,1750.0,1715.5522172877183
421,1750.0,1715.5522172877183
422,1750.0,1715.5522172877183
423,1750.0,1715.5522172877183
424,1750.0,1715.5522172877183
425,1750.0,1715.5522172877183
426,1750.0,1715.5522172877183
427,1750.0,1715.5522172877183
428,1750.0,1715.5522172877183
429,1750.0,1715.5522172877183
430,1750.0,1715.5522172877183
431,1750.0,1715.5522172877183
432,1750.0,1715.5522172877183
433,1750.0,1715.5522172877183
434,1750.0,1715.5522172877183
435,1750.0,1715.5522172877183
436,1750.0,1715.5522172877183
437,1750.0,1715.5522172877183
438,1750.0,1715.5522172877183
439,1750.0,1715.5522172877183
440,1750.0,1715.5522172877183
441,1750.0,1715.5522172877183
442,1750.0,1715.5522172877183
443,1750.0,1715.5522172877183
444,1750.0,1715.5522172877183
445,1750.0,1715.5522172877183
446,1750.0,1715.5522172877183
447,1750.0,1715.5522172877183
448,1750.0,1715.5522172877183
449,1750.0,1715.5522172877183
450,1750.0,1715.5522172877183
451,1750.0,1715.5522172877183
452,1750.0,1715.5522172877183
453,1750.0,1715.5522172877183
454,1750.0,1715.5522172877183
455,1750.0,1715.5522172877183
456,1750.0,1715.5522172877183
457,1750.0,1715.5522172877183
458,1750.0,1715.5522172877183
459,1750.0,1715.5522172877183
460,1750.0,1715.5522172877183
461,1750.0,1715.5522172877183
462,1750.0,1715.5522172877183
463,1750.0,1715.5522172877183
464,1750.0,1715.5522172877183
465,1750.0,1715.5522172877183
466,1750.0,1715.5522172877183
467,1750.0,1715.5522172877183
468,1750.0,1715.5522172877183
469,1750.0,1715.5522172877183
470,1750.0,1715.5522172877183
471,1750.0,1715.5522172877183
472,1750.0,1715.5522172877183
473,1750.0,1715.5522172877183
474,1750.0,1715.5522172877183
475,1750.0,1715.5522172877183
476,1750.0,1715.5522172877183
477,1750.0,1715.5522172877183
478,1750.0,1715.5522172877183
479,1750.0,1715.5522172877183
480,1750.0,1715.5522172877183
481,1750.0,1715.5522172877183
482,1750.0,1715.5522172877183
483,1750.0,1715.5522172877183
484,1750.0,1715.5522172877183
485,1750.0,1715.5522172877183
486,1750.0,1715.5522172877183
487,1750.0,1715.5522172877183
488,1750.0,1715.5522172877183
489,1750.0,1715.5522172877183
490,1750.0,1715.5522172877183
491,1750.0,1715.5522172877183
492,1750.0,1715.5522172877183
493,1750.0,1715.5522172877183
494,1750.0,1715.5522172877183
495,1750.0,1715.5522172877183
496,1750.0,1715.5522172877183
497,1750.0,1715.5522172877183
498,1750.0,1715.5522172877183
499,1750.0,1715.5522172877183
500,1750.0,1715.5522172877183
501,1750.0,1715.5522172877183
502,1750.0,1715.5522172877183
503,1750.0,1715.5522172877183
504,1750.0,1715.5522172877183
505,1750.0,1715.5522172877183
506,1750.0,1715.5522172877183
507,1750.0,1715.5522172877183
508,1750.0,1715.5522172877183
509,1750.0,1715.5522172877183
510,1750.0,1715.5522172877183
511,1750.0,1715.5522172877183
512,1750.0,1715.5522172877183
513,1750.0,1715.5522172877183
514,1750.0,1715.5522172877183
515,1750.0,1715.5522172877183
516,1750.0,1715.5522172877183
517,1750.0,1715.5522172877183
518,1750.0,1715.5522172877183
519,1750.0,1715.5522172877183
520,1750.0,1715.5522172877183
521,1750.0,1715.5522172877183
522,1750.0,1715.5522172877183
523,1750.0,1715.5522172877183
524,1750.0,1715.5522172877183
525,1750.0,1715.5522172877183
526,1750.0,1715.5522172877183
527,1750.0,1715.5522172877183
528,1750.0,1715.5522172877183
529,1750.0,1715.5522172877183
530,1750.0,1715.5522172877183
531,1750.0,1715.5522172877183
532,1750.0,1715.5522172877183
533,1750.0,1715.5522172877183
534,1750.0,1715.5522172877183
535,1750.0,1715.5522172877183
536,1750.0,1715.5522172877183
537,1750.0,1715.5522172877183
538,1750.0,1715.5522172877183
539,1750.0,1715.5522172877183
540,1750.0,1715.5522172877183
541,1750.0,1715.5522172877183
542,1750.0,1715.5522172877183
543,1750.0,1715.5522172877183
544,1750.0,1715.5522172877183
545,1750.0,1715.5522172877183
546,1750.0,1715.5522172877183
547,1750.0,1715.5522172877183
548,1750.0,1715.5522172877183
549,1750.0,1715.5522172877183
550,1750.0,1715.5522172877183
551,1750.0,1715.5522172877183
552,1750.0,1715.5522172877183
553,1750.0,1715.5522172877183
554,1750.0,1715.5522172877183
555,1750.0,1715.5522172877183
556,1750.0,1715.5522172877183
557,1750.0,1715.5522172877183
558,1750.0,1715.5522172877183
559,1750.0,1715.5522172877183
560,1750.0,1715.5522172877183
561,1750.0,1715.5522172877183
562,1750.0,1715.5522172877183
563,1750.0,1715.5522172877183
564,1750.0,1715.5522172877183
565,1750.0,1715.5522172877183
566,1750.0,1715.5522172877183
567,1750.0,1715.5522172877183
568,1750.0,1715.5522172877183
569,1750.0,1715.5522172877183
570,1750.0,1715.5522172877183
571,1750.0,1715.5522172877183
572,1750.0,1715.5522172877183
573,1750.0,1715.5522172877183
574,1750.0,1715.5522172877183
575,1750.0,1715.5522172877183
576,1750.0,1715.5522172877183
577,1750.0,1715.5522172877183
578,1750.0,1715.5522172877183
579,1750.0,1715.5522172877183
580,1750.0,1715.5522172877183
581,1750.0,1715.5522172877183
582,1750.0,1715.5522172877183
583,1750.0,1715.5522172877183
584,1750.0,1715.5522172877183
585,1750.0,1715.5522172877183
586,1750.0,1715.5522172877183
587,1750.0,1715.5522172877183
588,1750.0,1715.5522172877183
589,1750.0,1715.5522172877183
590,1750.0,1715.5522172877183
591,1750.0,1715.5522172877183
592,1750.0,1715.5522172877183
593,1750.0,1715.5522172877183
594,1750.0,1715.5522172877183
595,1750.0,1715.5522172877183
596,1750.0,1715.5522172877183
597,1750.0,1715.5522172877183
598,1750.0,1715.5522172877183
599,1750.0,1715.5522172877183
600,1750.0,1715.5522172877183
601,1750.0,1715.5522172877183
602,1750.0,1715.5522172877183
603,1750.0,1715.5522172877183
604,1750.0,1715.5522172877183
605,1750.0,1715.5522172877183
606,1750.0,1715.5522172877183
607,1750.0,1715.5522172877183
608,1750.0,1715.5522172877183
609,1750.0,1715.5522172877183
610,1750.0,1715.5522172877183
611,1750.0,1715.5522172877183
612,1750.0,1715.5522172877183
613,1750.0,1715.5522172877183
614,1750.0,1715.5522172877183
615,1750.0,1715.5522172877183
616,1750.0,1715.5522172877183
617,1750.0,1715.5522172877183
618,1750.0,1715.5522172877183
619,1750.0,1715.5522172877183
620,1750.0,1715.5522172877183
621,1750.0,1715.5522172877183
622,1750.0,1715.5522172877183
623,1750.0,1715.5522172877183
624,1750.0,1715.5522172877183
625,1750.0,1715.5522172877183
626,1750.0,1715.5522172877183
627,1750.0,1715.5522172877183
628,1750.0,1715.5522172877183
629,1750.0,1715.5522172877183
630,1750.0,1715.5522172877183
631,1750.0,1715.5522172877183
632,1750.0,1715.5522172877183
633,1750.0,1715.5522172877183
634,1750.0,1715.5522172877183
635,1750.0,1715.5522172877183
636,1750.0,1715.5522172877183
637,1750.0,1715.5522172877183
638,1750.0,1715.5522172877183
639,1750.0,1715.5522172877183
640,1750.0,1715.5522172877183
641,1750.0,1715.5522172877183
642,1750.0,1715.5522172877183
643,1750.0,1715.5522172877183
644,1750.0,1715.5522172877183
645,1750.0,1715.5522172877183
646,1750.0,1715.5522172877183
647,1750.0,1715.5522172877183
648,1750.0,1715.5522172877183
649,1750.0,1715.5522172877183
650,1750.0,1715.5522172877183
651,1750.0,1715.5522172877183
652,1750.0,1715.5522172877183
653,1750.0,1715.5522172877183
654,1750.0,1715.5522172877183
655,1750.0,1715.5522172877183
656,1750.0,1715.5522172877183
657,1750.0,1715.5522172877183
658,1750.0,1715.5522172877183
659,1750.0,1715.5522172877183
660,1750.0,1715.5522172877183
661,1750.0,1715.5522172877183
662,1750.0,1715.5522172877183
663,1750.0,1715.5522172877183
664,1750.0,1715.5522172877183
665,1750.0,1715.5522172877183
666,1750.0,1715.5522172877183
667,1750.0,1715.5522172877183
668,1750.0,1715.5522172877183
669,1750.0,1715.5522172877183
670,1750.0,1715.5522172877183
671,1750.0,1715.5522172877183
672,1750.0,1715.5522172877183
673,1750.0,1715.5522172877183
674,1750.0,1715.5522172877183
675,1750.0,1715.5522172877183
676,1750.0,1715.5522172877183
677,1750.0,1715.5522172877183
678,1750.0,1715.5522172877183
679,1750.0,1715.5522172877183
680,1750.0,1715.5522172877183
681,1750.0,1715.5522172877183
682,1750.0,1715.5522172877183
683,1750.0,1715.5522172877183
684,1750.0,1715.5522172877183
685,1750.0,1715.5522172877183
686,1750.0,1715.5522172877183
687,1750.0,1715.5522172877183
688,1750.0,1715.5522172877183
689,1750.0,1715.5522172877183
690,1750.0,1715.5522172877183
691,1750.0,1715.5522172877183
692,1750.0,1715.5522172877183
693,1750.0,1715.5522172877183
694,1750.0,1715.5522172877183
695,1750.0,1715.5522172877183
696,1750.0,1715.5522172877183
697,1750.0,1715.5522172877183
698,1750.0,1715.5522172877183
699,1750.0,1715.5522172877183
700,1750.0,1715.5522172877183
701,1750.0,1715.5522172877183
702,1750.0,1715.5522172877183
703,1750.0,1715.5522172877183
704,1750.0,1715.5522172877183
705,1750.0,1715.5522172877183
706,1750.0,1715.5522172877183
707,1750.0,1715.5522172877183
708,1750.0,1715.5522172877183
709,1750.0,1715.5522172877183
710,1750.0,1715.5522172877183
711,1750.0,1715.5522172877183
712,1750.0,1715.5522172877183
713,1750.0,1715.5522172877183
714,1750.0,1715.5522172877183
715,1750.0,1715.5522172877183
716,1750.0,1715.5522172877183
717,1750.0,1715.5522172877183
718,1750.0,1715.5522172877183
719,1750.0,1715.5522172877183
720,1750.0,1715.5522172877183
721,1750.0,1715.5522172877183
722,1750.0,1715.5522172877183
723,1750.0,1715.5522172877183
724,1750.0,1715.5522172877183
725,1750.0,1715.5522172877183
726,1750.0,1715.5522172877183
727,1750.0,1715.5522172877183
728,1750.0,1715.5522172877183
729,1750.0,1715.5522172877183
730,1750.0,1715.5522172877183
731,1750.0,1715.5522172877183
732,1750.0,1715.5522172877183
733,1750.0,1715.5522172877183
734,1750.0,1715.5522172877183
735,1750.0,1715.5522172877183
736,1750.0,1715.5522172877183
737,1750.0,1715.5522172877183
738,1750.0,1715.5522172877183
739,1750.0,1715.5522172877183
740,1750.0,1715.5522172877183
741,1750.0,1715.5522172877183
742,1750.0,1715.5522172877183
743,1750.0,1715.5522172877183
744,1750.0,1715.5522172877183
745,1750.0,1715.5522172877183
746,1750.0,1715.5522172877183
747,1750.0,1715.5522172877183
748,1750.0,1715.5522172877183
749,1750.0,1715.5522172877183
750,1750.0,1715.5522172877183
751,1750.0,1715.5522172877183
752,1750.0,1715.5522172877183
753,1750.0,1715.5522172877183
754,1750.0,1715.5522172877183
755,1750.0,1715.5522172877183
756,1750.0,1715.5522172877183
757,1750.0,1715.5522172877183
758,1750.0,1715.5522172877183
759,1750.0,1715.5522172877183
760,1750.0,1715.5522172877183
761,1750.0,1715.5522172877183
762,1750.0,1715.5522172877183
763,1750.0,1715.5522172877183
764,1750.0,1715.5522172877183
765,1750.0,1715.5522172877183
766,1750.0,1715.5522172877183
767,1750.0,1715.5522172877183
768,1750.0,1715.5522172877183
769,1750.0,1715.5522172877183
770,1750.0,1715.5522172877183
771,1750.0,1715.5522172877183
772,1750.0,1715.5522172877183
773,1750.0,1715.5522172877183
774,1750.0,1715.5522172877183
775,1750.0,1715.5522172877183
776,1750.0,1715.5522172877183
777,1750.0,1715.5522172877183
778,1750.0,1715.5522172877183
779,1750.0,1715.5522172877183
780,1750.0,1715.5522172877183
781,1750.0,1715.5522172877183
782,1750.0,1715.5522172877183
783,1750.0,1715.5522172877183
784,1750.0,1715.5522172877183
785,1750.0,1715.5522172877183
786,1750.0,1715.5522172877183
787,1750.0,1715.5522172877183
788,1750.0,1715.5522172877183
789,1750.0,1715.5522172877183
790,1750.0,1715.5522172877183
791,1750.0,1715.5522172877183
792,1750.0,1715.5522172877183
793,1750.0,1715.5522172877183
794,1750.0,1715.5522172877183
795,1750.0,1715.5522172877183
796,1750.0,1715.5522172877183
797,1750.0,1715.5522172877183
798,1750.0,1715.5522172877183
799,1750.0,1715.5522172877183
800,1750.0,1715.5522172877183
801,1750.0,1715.5522172877183
802,1750.0,1715.5522172877183
803,1750.0,1715.5522172877183
804,1750.0,1715.5522172877183
805,1750.0,1715.5522172877183
806,1750.0,1715.5522172877183
807,1750.0,1715.5522172877183
808,1750.0,1715.5522172877183
809,1750.0,1715.5522172877183
810,1750.0,1715.5522172877183
811,1750.0,1715.5522172877183
812,1750.0,1715.5522172877183
813,1750.0,1715.5522172877183
814,1750.0,1715.5522172877183
815,1750.0,1715.5522172877183
816,1750.0,1715.5522172877183
817,1750.0,1715.5522172877183
818,1750.0,1715.5522172877183
819,1750.0,1715.5522172877183
820,1750.0,1715.5522172877183
821,1750.0,1715.5522172877183
822,1750.0,1715.5522172877183
823,1750.0,1715.5522172877183
824,1750.0,1715.5522172877183
825,1750.0,1715.5522172877183
826,1750.0,1715.5522172877183
827,1750.0,1715.5522172877183
828,1750.0,1715.5522172877183
829,1750.0,1715.5522172877183
830,1750.0,1715.5522172877183
831,1750.0,1715.5522172877183
832,1750.0,1715.5522172877183
833,1750.0,1715.5522172877183
834,1750.0,1715.5522172877183
835,1750.0,1715.5522172877183
836,1750.0,1715.5522172877183
837,1750.0,1715.5522172877183
838,1750.0,1715.5522172877183
839,1750.0,1715.5522172877183
840,1750.0,1715.5522172877183
841,1750.0,1715.5522172877183
842,1750.0,1715.5522172877183
843,1750.0,1715.5522172877183
844,1750.0,1715.5522172877183
845,1750.0,1715.5522172877183
846,1750.0,1715.5522172877183
847,1750.0,1715.5522172877183
848,1750.0,1715.5522172877183
849,1750.0,1715.5522172877183
850,1750.0,1715.5522172877183
851,1750.0,1715.5522172877183
852,1750.0,1715.5522172877183
853,1750.0,1715.5522172877183
854,1750.0,1715.5522172877183
855,1750.0,1715.5522172877183
856,1750.0,1715.5522172877183
857,1750.0,1715.5522172877183
858,1750.0,1715.5522172877183
859,1750.0,1715.5522172877183
860,1750.0,1715.5522172877183
861,1750.0,1715.5522172877183
862,1750.0,1715.5522172877183
863,1750.0,1715.5522172877183
864,1750.0,1715.5522172877183
865,1750.0,1715.5522172877183
866,1750.0,1715.5522172877183
867,1750.0,1715.5522172877183
868,1750.0,1715.5522172877183
869,1750.0,1715.5522172877183
870,1750.0,1715.5522172877183
871,1750.0,1715.5522172877183
872,1750.0,1715.5522172877183
873,1750.0,1715.5522172877183
874,1750.0,1715.5522172877183
875,1750.0,1715.5522172877183
876,1750.0,1715.5522172877183
877,1750.0,1715.5522172877183
878,1750.0,1715.5522172877183
879,1750.0,1715.5522172877183
880,1750.0,1715.5522172877183
881,1750.0,1715.5522172877183
882,1750.0,1715.5522172877183
883,1750.0,1715.5522172877183
884,1750.0,1715.5522172877183
885,1750.0,1715.5522172877183
886,1750.0,1715.5522172877183
887,1750.0,1715.5522172877183
888,1750.0,1715.5522172877183
889,1750.0,1715.5522172877183
890,1750.0,1715.5522172877183
891,1375.0,1715.5522172877183
892,1375.0,1625.891432252206
893,1375.0,1517.0117247814642
894,1375.0,1439.4002712095644
895,1375.0,1394.729123296728
896,1375.0,1372.6628615331683
897,1375.0,1363.3644067876544
898,1375.0,1360.291755755343
899,1375.0,1359.8107202447743
900,1375.0,1360.1709369167281
901,1375.0,1360.652768816236
902,1375.0,1361.0273536719637
903,1375.0,1361.264810307264
904,1375.0,1361.3973426998562
905,1375.0,1361.4640402734942
906,1375.0,1361.4943860103558
907,1375.0,1361.506746630346
908,1375.0,1361.5110935866378
909,1375.0,1361.5123047614825
910,1375.0,1361.512487267281
911,1375.0,1361.5125204501535
912,1375.0,1361.5125536330258
913,1375.0,1361.5126531816434
914,1375.0,1361.5127693216969
915,1375.0,1361.5128688703144
916,1375.0,1361.5130181932404
917,1375.0,1361.5130181932404
918,1375.0,1361.5130181932404
919,1375.0,1361.5130181932404
920,1375.0,1361.5130181932404
921,1375.0,1361.5130181932404
922,1375.0,1361.5130181932404
923,1375.0,1361.5130181932404
924,1375.0,1361.5130181932404
925,1375.0,1361.5130181932404
926,1375.0,1361.5130181932404
927,1375.0,1361.5130181932404
928,1375.0,1361.5130181932404
929,1375.0,1361.5130181932404
930,1375.0,1361.5130181932404
931,1375.0,1361.5130181932404
932,1375.0,1361.5130181932404
933,1375.0,1361.5130181932404
934,1375.0,1361.5130181932404
935,1375.0,1361.5130181932404
936,1375.0,1361.5130181932404
937,1375.0,1361.5130181932404
938,1375.0,1361.5130181932404
939,1375.0,1361.5130181932404
940,1375.0,1361.5130181932404
941,1375.0,1361.5130181932404
942,1375.0,1361.5130181932404
943,1375.0,1361.5130181932404
944,1375.0,1361.5130181932404
945,1375.0,1361.5130181932404
946,1375.0,1361.5130181932404
947,1375.0,1361.5130181932404
948,1375.0,1361.5130181932404
949,1375.0,1361.5130181932404
950,1375.0,1361.5130181932404
951,1375.0,1361.5130181932404
952,1375.0,1361.5130181932404
953,1375.0,1361.5130181932404
954,1375.0,1361.5130181932404
955,1375.0,1361.5130181932404
956,1375.0,1361.5130181932404
957,1375.0,1361.5130181932404
958,1375.0,1361.5130181932404
959,1375.0,1361.5130181932404
960,1375.0,1361.5130181932404
961,1375.0,1361.5130181932404
962,1375.0,1361.5130181932404
963,1375.0,1361.5130181932404
964,1375.0,1361.5130181932404
965,1375.0,1361.5130181932404
966,1375.0,1361.5130181932404
967,1375.0,1361.5130181932404
968,1375.0,1361.5130181932404
969,1375.0,1361.5130181932404
970,1375.0,1361.5130181932404
971,1375.0,1361.5130181932404
972,1375.0,1361.5130181932404
973,1375.0,1361.5130181932404
974,1375.0,1361.5130181932404
975,1375.0,1361.5130181932404
976,1375.0,1361.5130181932404
977,1375.0,1361.5130181932404
978,1375.0,1361.5130181932404
979,1375.0,1361.5130181932404
980,1375.0,1361.5130181932404
981,1375.0,1361.5130181932404
982,1375.0,1361.5130181932404
983,1375.0,1361.5130181932404
984,1375.0,1361.5130181932404
985,1375.0,1361.5130181932404
986,1375.0,1361.5130181932404
987,1375.0,1361.5130181932404
988,1375.0,1361.5130181932404
989,1375.0,1361.5130181932404
990,1375.0,1361.5130181932404
991,1375.0,1361.5130181932404
992,1375.0,1361.5130181932404
993,1375.0,1361.5130181932404
994,1375.0,1361.5130181932404
995,1375.0,1361.5130181932404
996,1375.0,1361.5130181932404
997,1375.0,1361.5130181932404
998,1375.0,1361.5130181932404
999,1375.0,1361.5130181932404
1000,1375.0,1361.5130181932404
1001,1375.0,1361.5130181932404
1002,1375.0,1361.5130181932404
1003,1375.0,1361.5130181932404
1004,1375.0,1361.5130181932404
1005,1375.0,1361.5130181932404
1006,1375.0,1361.5130181932404
1007,1375.0,1361.5130181932404
1008,1375.0,1361.5130181932404
1009,1375.0,1361.5130181932404
1010,1375.0,1361.5130181932404
1011,1375.0,1361.5130181932404
1012,1375.0,1361.5130181932404
1013,1375.0,1361.5130181932404
1014,1375.0,1361.5130181932404
1015,1375.0,1361.5130181932404
1016,1375.0,1361.5130181932404
1017,1375.0,1361.5130181932404
1018,1375.0,1361.5130181932404
1019,1375.0,1361.5130181932404
1020,1375.0,1361.5130181932404
1021,1375.0,1361.5130181932404
1022,1375.0,1361.5130181932404
1023,1375.0,1361.5130181932404
1024,1375.0,1361.5130181932404
1025,1375.0,1361.5130181932404
1026,1375.0,1361.5130181932404
1027,1375.0,1361.5130181932404
1028,1375.0,1361.5130181932404
1029,1375.0,1361.5130181932404
1030,1375.0,1361.5130181932404
1031,1375.0,1361.5130181932404
1032,1375.0,1361.5130181932404
1033,1375.0,1361.5130181932404
1034,1375.0,1361.5130181932404
1035,1375.0,1361.5130181932404
1036,1375.0,1361.5130181932404
1037,1375.0,1361.5130181932404
1038,1375.0,1361.5130181932404
1039,1375.0,1361.5130181932404
1040,1375.0,1361.5130181932404
1041,1375.0,1361.5130181932404
