,y_actual,y_predict
0,73.02567291259766,82.31705185229839
1,74.20986938476562,81.0022489543332
2,74.20986938476562,81.77100559748851
3,74.99933624267578,78.29263455456015
4,76.97300720214844,78.26715147893259
5,78.1572036743164,77.54544051385892
6,78.55194091796875,77.1384678863605
7,79.73613739013672,77.50735346087987
8,79.73613739013672,77.76708480862209
9,78.94667053222656,78.20220574570374
10,78.94667053222656,78.3643207504382
11,78.1572036743164,78.32716223057912
12,78.1572036743164,78.20459585873493
13,78.1572036743164,77.64814659396916
14,78.1572036743164,76.66054845046853
15,78.1572036743164,76.37956401131225
16,78.1572036743164,76.29037324661584
17,78.1572036743164,76.20830123583966
18,78.1572036743164,76.10105566047599
19,77.76246643066406,75.97100943849819
20,77.76246643066406,76.20348661966176
21,78.1572036743164,76.16113519235364
22,79.3414077758789,75.94425392859506
23,78.1572036743164,75.95445059785766
24,78.1572036743164,76.33987781795975
25,76.97300720214844,75.75701694444643
26,76.18354034423828,76.3731502547609
27,76.5782699584961,75.97460320557389
28,78.1572036743164,75.26233232722052
29,77.76246643066406,75.48129419297027
30,77.76246643066406,75.4407482467289
31,78.1572036743164,75.66208303045204
32,78.1572036743164,75.70004971802666
33,77.76246643066406,75.86730604503686
34,78.94667053222656,76.02933507448245
35,80.13086700439453,76.42067739446031
36,80.5256118774414,76.82300735635857
37,80.13086700439453,76.99043563394656
38,80.13086700439453,77.06937814420701
39,79.73613739013672,77.33662373219846
40,79.73613739013672,77.81557487155709
41,82.10453033447266,77.7619090962308
42,82.10453033447266,78.15144593514196
43,84.86766815185547,78.19171676045892
44,88.02552795410156,78.79533206871076
45,86.84133911132812,81.15182876194723
46,87.23607635498047,82.12489708162514
47,90.39393615722656,82.31084443644039
48,88.81501007080078,84.1902986417316
49,91.57814025878906,84.58851898482084
50,93.946533203125,86.94556591990624
51,94.73600769042969,88.16132528506802
52,94.73600769042969,88.90442690201797
53,91.57814025878906,88.78306418421823
54,91.18340301513672,89.96223246642762
55,95.52547454833984,89.67875474389342
56,98.2885971069336,89.90354573423002
57,97.4991455078125,92.01962112960939
58,99.6701736450195,91.86240671634175
59,105.59117889404297,92.20627348179357
60,113.48583984375,97.93523685710144
61,113.48583984375,106.50729986571588
62,110.52534484863281,105.33739971964903
63,110.52534484863281,106.0575115443493
64,107.56483459472656,104.93151038079063
65,108.55166625976565,105.97461417079978
66,104.60433959960938,105.95748789325253
67,101.64383697509766,104.37691818226492
68,107.56483459472656,102.85979823447948
69,118.42000579833987,101.6334811038418
70,110.52534484863281,104.7629300343315
71,118.42000579833987,109.57111526066555
72,119.4068374633789,112.11931965307306
73,116.44634246826169,112.06953996080469
74,117.43317413330078,113.20262548816805
75,115.45950317382812,112.30985808831517
76,114.47267150878906,112.08504990292076
77,114.47267150878906,112.29880166616365
78,115.45950317382812,110.91006001975151
79,114.47267150878906,110.71221368495361
80,111.51217651367188,110.46735606218965
81,111.51217651367188,110.23541192781724
82,114.47267150878906,108.71817161462735
83,116.44634246826169,107.74360732492278
84,116.44634246826169,108.20624035444976
85,117.43317413330078,108.66650046600336
86,113.48583984375,109.58327216651483
87,111.51217651367188,110.25558173059127
88,112.49901580810547,109.98764834028873
89,112.49901580810547,109.49485517941847
90,110.52534484863281,107.95943969015684
91,109.53850555419922,107.14967283420015
92,109.53850555419922,106.88292590288432
93,109.53850555419922,105.64546637480626
94,109.53850555419922,105.20100852135101
95,110.52534484863281,104.97288168980538
96,114.47267150878906,104.9258875968971
97,114.47267150878906,105.62555449789892
98,114.47267150878906,106.16575443306414
99,114.47267150878906,107.32342889305056
100,115.45950317382812,108.05621347533352
101,120.3936767578125,108.62533549768193
102,134.2093505859375,110.8794700119638
103,135.19618225097656,117.16902666096203
104,135.19618225097656,123.72563975231611
105,133.22250366210938,125.92703702439172
106,139.1435089111328,125.28958184243206
107,145.06451416015622,128.67071483362375
108,143.09083557128906,135.9795601176081
109,145.06451416015622,134.91508287078042
110,149.99867248535156,136.02378580621405
111,151.97235107421875,140.1616217050584
112,151.97235107421875,141.90777982245172
113,153.94601440429688,142.96766598885256
114,157.89334106445312,144.9274383090265
115,164.80117797851562,146.69055075338932
116,162.8275146484375,154.59462015742966
117,166.77485656738284,155.62076962046936
118,170.72216796875,156.38333604282442
119,182.5641784667969,163.928097519528
120,182.5641784667969,173.99953517630058
121,191.4456787109375,178.54434370264332
122,189.47201538085935,182.36890284382358
123,182.5641784667969,186.08618201952459
124,169.73533630371094,185.65166290946522
125,161.84066772460938,190.04457029539387
126,170.72216796875,188.0789860456908
127,169.73533630371094,176.12107860005344
128,169.73533630371094,170.6547181471368
129,166.77485656738284,163.57343225779138
130,164.80117797851562,165.28831256508582
131,160.85383605957028,165.1791239481932
132,153.94601440429688,163.03412646563064
133,157.89334106445312,161.27778887403252
134,160.85383605957028,156.7072737363111
135,163.81434631347653,156.6293801245751
136,163.81434631347653,155.15430209305777
137,157.89334106445312,154.75799040138193
138,158.88018798828125,155.32919302572157
139,157.89334106445312,154.7731220522269
140,158.88018798828125,153.84847501525292
141,156.90650939941406,152.95054909806652
142,154.93283081054688,152.40942062978127
143,150.98550415039062,151.80752482730728
144,150.98550415039062,150.68781705489548
145,150.98550415039062,147.3391139426738
146,150.98550415039062,145.5116403970466
147,149.0118408203125,146.17342658576266
148,149.0118408203125,145.65552864053598
149,149.0118408203125,145.39887520813605
150,149.99867248535156,143.08246019458093
151,149.0118408203125,142.85794432516877
152,150.98550415039062,143.1890867478646
153,159.86700439453125,143.51398736458688
154,167.76168823242188,145.83784783816003
155,166.77485656738284,149.85937636619147
156,170.72216796875,153.84959269400852
157,175.65634155273438,156.94267407729697
158,174.6695098876953,161.12198445550274
159,174.6695098876953,164.11309914616547
160,171.70899963378906,166.15177958648437
161,170.72216796875,167.53629124868303
162,169.73533630371094,166.63167645402086
163,184.537841796875,166.0385673260716
164,183.55101013183597,173.0364915753075
165,181.5773468017578,174.51497422826495
166,181.5773468017578,173.85146853377105
167,181.5773468017578,173.94549110970317
168,180.59051513671875,174.42965235156868
169,187.4983367919922,175.14629077459773
170,183.55101013183597,177.40013297289735
171,181.5773468017578,180.87071465465212
172,182.5641784667969,178.1826112721598
173,183.55101013183597,176.49802865667084
174,179.6036834716797,176.4775493428568
175,175.65634155273438,177.19031887788572
176,176.64317321777344,175.66719785493564
177,181.5773468017578,173.31696016273045
178,178.61685180664062,174.13967489719428
179,181.5773468017578,172.96919011916296
180,181.5773468017578,172.6849042289132
181,180.59051513671875,172.6194770340665
182,178.61685180664062,173.19865816521528
183,178.61685180664062,173.30139863544105
184,178.61685180664062,171.81667417651005
185,177.63002014160156,171.954389394257
186,177.63002014160156,172.00776285360106
187,175.65634155273438,171.4894522269877
188,177.63002014160156,170.91861069886141
189,180.59051513671875,171.22669454907646
190,180.59051513671875,170.97526841424116
191,193.4193420410156,172.14816050036143
192,188.4851837158203,178.46426631856946
193,184.537841796875,182.83769170403522
194,181.5773468017578,181.76576899718953
195,181.5773468017578,179.82032016014495
196,179.6036834716797,178.30491971813734
197,181.5773468017578,176.78735269884965
198,182.5641784667969,175.78510436612189
199,189.47201538085935,174.6873546824931
200,185.5246734619141,178.0996107282636
201,186.51150512695312,178.492930479886
202,183.55101013183597,179.5357763440285
203,185.5246734619141,180.074789820207
204,199.34034729003903,179.09644261779118
205,212.169189453125,188.47796297132228
206,219.07701110839844,215.92780071002505
207,217.10333251953125,217.80004158857824
208,217.10333251953125,210.56571108747644
209,222.0375213623047,213.40215623342274
210,224.9980316162109,212.10588101021378
211,218.09017944335935,212.02141888640645
212,214.14285278320312,215.38808223647763
213,214.14285278320312,218.2358331329132
214,212.169189453125,210.9799744194729
215,217.10333251953125,211.85366390272068
216,216.1165008544922,212.69494070205624
217,217.10333251953125,212.10210669503144
218,215.12966918945312,211.37912329568215
219,223.02435302734372,210.08226344050874
220,236.8400115966797,212.3046730731895
221,235.8531951904297,219.7182620516308
222,234.8663482666016,226.592725786018
223,234.8663482666016,227.30516861494914
224,234.8663482666016,228.05183820638814
225,234.8663482666016,226.31419164259512
226,248.6820068359375,226.5413899410207
227,248.6820068359375,235.26174312791574
228,248.6820068359375,236.51108444091864
229,251.64251708984372,238.6133264123153
230,247.69517517089844,243.72388672968194
231,247.69517517089844,245.9494086678206
232,247.69517517089844,243.44545575660572
233,247.69517517089844,242.30852713382887
234,234.8663482666016,241.85664961294225
235,234.8663482666016,241.09299130441826
236,243.7478485107422,235.3771391606664
237,243.7478485107422,238.48245482756414
238,243.7478485107422,238.67049997942837
239,243.7478485107422,238.69236349539358
240,239.80052185058597,239.3674328662434
241,238.8136749267578,238.20288898067454
242,238.8136749267578,238.15813024527745
243,234.8663482666016,234.28684353458448
244,238.8136749267578,234.4690337692752
245,238.8136749267578,233.53727657590986
246,236.8400115966797,232.7965564744622
247,235.8531951904297,233.73324864940992
248,233.8795166015625,234.71875759339042
249,234.8663482666016,232.02813513493356
250,234.8663482666016,230.6895858621765
251,233.8795166015625,230.24266051793003
252,240.787353515625,231.00702382382295
253,239.80052185058597,234.56905742037196
254,238.8136749267578,233.14457584636747
255,238.8136749267578,233.76868766349114
256,235.8531951904297,231.50309264319998
257,235.8531951904297,232.09937425930934
258,235.8531951904297,232.05121090247215
259,234.8663482666016,230.25253907862373
260,234.8663482666016,231.84077778538048
261,233.8795166015625,232.02148064757336
262,235.8531951904297,229.47351698597473
263,234.8663482666016,230.50369869006346
264,234.8663482666016,229.51708926238513
265,234.8663482666016,227.81199294296655
266,234.8663482666016,227.52956411895684
267,234.8663482666016,227.6901745561357
268,234.8663482666016,227.91193921630332
269,234.8663482666016,228.07834438795348
270,234.8663482666016,228.1771213973613
271,233.8795166015625,228.22672054152304
272,233.8795166015625,229.33814029608564
273,233.8795166015625,228.92188233738688
274,242.7610015869141,229.87930315448642
275,249.66883850097656,232.56967628460552
276,264.4713439941406,237.94210013687893
277,264.4713439941406,260.72526797476365
278,250.6556854248047,264.6417175047115
279,240.787353515625,258.14622424623064
280,264.4713439941406,295.31212508383595
281,244.73468017578125,252.5571942511231
282,244.73468017578125,245.27378045759295
283,234.8663482666016,240.16118252587958
284,234.8663482666016,236.67429992935092
285,230.91900634765625,234.98271032781727
286,232.89268493652344,233.45770644604045
287,232.89268493652344,230.97396632524402
288,234.8663482666016,229.08138369333903
289,244.73468017578125,228.28192527452046
290,242.7610015869141,231.44446609370465
291,236.8400115966797,234.15555067091776
292,242.7610015869141,236.00116500250112
293,242.7610015869141,236.84693830944576
294,240.787353515625,236.85175292562369
295,240.787353515625,237.26031609596663
296,258.5503234863281,236.78215592926574
297,284.2080078125,245.30302925087395
298,276.3133544921875,258.09345261390877
299,280.2606506347656,268.6552245382893
300,274.3397216796875,268.6677941255253
301,280.2606506347656,270.1479876867317
302,301.97100830078125,273.6156032210197
303,298.023681640625,286.1065875491376
304,301.97100830078125,295.52186609985205
305,303.9447021484375,292.8641764758052
306,317.7603759765625,297.70822199513606
307,319.7340087890625,308.3072942986023
308,317.7603759765625,310.1561670936347
309,282.2343444824219,313.22994272580246
310,274.3397216796875,325.997137715161
311,272.36602783203125,311.3280704639327
312,272.36602783203125,291.1470221221196
313,272.36602783203125,279.62008300711034
314,278.2870178222656,270.16831224502573
315,280.2606506347656,270.68728488136355
316,280.2606506347656,283.5148022827908
317,282.2343444824219,274.229888062623
318,280.2606506347656,278.6604612226152
319,280.2606506347656,278.8881581777163
320,272.36602783203125,280.890587137474
321,274.3397216796875,281.15554148401645
322,270.3923645019531,279.0523451869131
323,266.44500732421875,275.6850284246463
324,270.3923645019531,273.47245436501476
325,270.3923645019531,270.8133762400523
326,262.4976806640625,268.0905732309633
327,262.4976806640625,270.66687434778066
328,262.4976806640625,264.96162295714913
329,258.5503234863281,261.55796444026777
330,258.5503234863281,260.1477117765749
331,268.418701171875,255.5760187773957
332,270.3923645019531,258.426813199058
333,272.36602783203125,263.35195061087165
334,270.3923645019531,264.88372934541314
335,268.418701171875,267.4165355635801
336,268.418701171875,267.80587465932683
337,286.1816711425781,267.31786172451893
338,270.3923645019531,272.62654349760794
339,266.44500732421875,288.63996120421126
340,266.44500732421875,282.6731085033041
341,270.3923645019531,271.6990592761005
342,268.418701171875,268.39855391083165
343,266.44500732421875,266.7384312650324
344,264.4713439941406,266.75652046581524
345,276.3133544921875,266.27658920816316
346,303.9447021484375,276.00152925564385
347,288.15533447265625,297.8287292588113
348,290.1290283203125,296.27465283309573
349,299.9973449707031,289.00567858933493
350,296.050048828125,291.7694316285232
351,294.07635498046875,292.7415112323788
352,288.15533447265625,291.62118013912254
353,307.8920288085937,293.04276004712693
354,296.050048828125,308.8715587171283
355,303.9447021484375,311.67363524134015
356,305.9183654785156,305.98593140717145
357,301.97100830078125,307.38910830458855
358,301.97100830078125,304.43966153768724
359,294.07635498046875,303.2833540847942
360,288.15533447265625,303.4658237391738
361,286.1816711425781,304.4614175845413
362,286.1816711425781,298.4998222725499
363,290.1290283203125,290.70351429560657
364,290.1290283203125,289.1615474893314
365,290.1290283203125,289.83053410849215
366,288.15533447265625,290.24039550569734
367,286.1816711425781,289.30654481404747
368,284.2080078125,290.7935347218408
369,284.2080078125,288.9910412964011
370,301.97100830078125,286.7959718055879
371,292.1026916503906,294.539890740245
372,290.1290283203125,297.00423913463186
373,290.1290283203125,293.5871297838034
374,288.15533447265625,292.20536503208484
375,286.1816711425781,289.8394368496569
376,284.2080078125,288.95763559790214
377,286.1816711425781,287.5003802437721
378,284.2080078125,288.1185468696689
379,288.15533447265625,286.3730851521156
380,288.15533447265625,285.4830603639784
381,286.1816711425781,282.92989519740183
382,294.07635498046875,285.86084867966247
383,292.1026916503906,293.02036778313504
384,290.1290283203125,290.5052767732442
385,290.1290283203125,291.4265750727159
386,288.15533447265625,289.55425251763825
387,288.15533447265625,289.3263879107237
388,286.1816711425781,288.45198483257815
389,288.15533447265625,287.12876495383045
390,286.1816711425781,286.94605026987756
391,276.3133544921875,287.52589341075077
392,270.3923645019531,290.75537888863056
393,276.3133544921875,283.2403777581769
394,274.3397216796875,276.7601408147099
395,270.3923645019531,274.62315622907204
396,270.3923645019531,272.3141436878906
397,270.3923645019531,271.19960303034117
398,270.3923645019531,269.7661198435897
399,272.36602783203125,270.85723223491607
400,272.36602783203125,268.9600327299976
401,272.36602783203125,268.619329855177
402,272.36602783203125,269.27882050367964
403,274.3397216796875,269.3492514603398
404,274.3397216796875,269.4528774760412
405,274.3397216796875,267.86506864572885
406,274.3397216796875,268.0364603841347
407,280.2606506347656,270.6368345818418
408,280.2606506347656,274.3366607738978
409,280.2606506347656,276.4762160206735
410,280.2606506347656,274.1634807494829
411,276.3133544921875,274.14621691147346
412,276.3133544921875,276.51384740462146
413,274.3397216796875,275.9044717520139
414,274.3397216796875,275.2546791160982
415,274.3397216796875,274.51085530672157
416,274.3397216796875,274.1334753736597
417,272.36602783203125,273.67262203261276
418,286.1816711425781,272.86239091009605
419,290.1290283203125,282.911728618859
420,286.1816711425781,294.7145151495132
421,288.15533447265625,289.7050703694123
422,284.2080078125,287.43273918523647
423,284.2080078125,288.6401288560246
424,284.2080078125,285.44773741653717
425,282.2343444824219,284.6245584155133
426,280.2606506347656,282.9160875660058
427,284.2080078125,283.6226539839412
428,280.2606506347656,287.98015674590414
429,276.3133544921875,282.50962219271184
430,274.3397216796875,283.14117517108906
431,278.2870178222656,280.760403355034
432,278.2870178222656,277.2691231224785
433,280.2606506347656,278.0424966386473
434,280.2606506347656,277.32673516356493
435,280.2606506347656,278.10014306984925
436,278.2870178222656,275.45024710574046
437,276.3133544921875,278.1252822443212
438,276.3133544921875,278.85927048064866
439,276.3133544921875,277.79418280926984
440,278.2870178222656,276.63294037479443
441,276.3133544921875,276.17832024219217
442,276.3133544921875,275.67334438288594
443,276.3133544921875,276.0106770263819
444,276.3133544921875,275.076718865621
445,274.3397216796875,274.1423652185311
446,276.3133544921875,274.52676073516653
447,274.3397216796875,273.81333778794203
448,274.3397216796875,273.1705091504266
449,276.3133544921875,273.5053399130159
450,276.3133544921875,273.78813843076784
451,276.3133544921875,273.99049846823254
452,276.3133544921875,273.1830013599026
453,284.2080078125,273.46078751831215
454,282.2343444824219,281.55237332619004
455,276.3133544921875,281.3565001242722
456,276.3133544921875,280.6199025379269
457,276.3133544921875,278.230662155916
458,272.36602783203125,273.47746672435716
459,272.36602783203125,274.37659629558806
460,272.36602783203125,273.37149358326906
461,272.36602783203125,273.39735495016777
462,274.3397216796875,271.9043940585609
463,276.3133544921875,273.0377633043776
464,276.3133544921875,273.24265961286466
465,276.3133544921875,273.12947314503856
466,274.3397216796875,273.15877352349287
467,272.36602783203125,273.04226840951554
468,274.3397216796875,272.7393086865185
469,272.36602783203125,272.4044607288714
470,270.3923645019531,272.5014494522703
471,272.36602783203125,271.69760629371825
472,272.36602783203125,271.36799423116474
473,272.36602783203125,270.56965349110175
474,270.3923645019531,270.6891505451325
475,272.36602783203125,270.40853579971844
476,272.36602783203125,269.2889827828267
477,270.3923645019531,267.5190267054681
478,270.3923645019531,268.661999391054
479,270.3923645019531,269.99162442882414
480,270.3923645019531,269.5106958578209
481,270.3923645019531,268.46060227682483
482,268.418701171875,268.37736100211976
483,270.3923645019531,267.86603156896444
484,270.3923645019531,267.7217220465595
485,270.3923645019531,266.37805724411334
486,270.3923645019531,267.25301056410785
487,268.418701171875,265.5843075844772
488,268.418701171875,267.0239551994422
489,276.3133544921875,265.11301684335876
490,282.2343444824219,266.41362522112786
491,282.2343444824219,270.97206083076003
492,280.2606506347656,274.04392351275
493,284.2080078125,276.1043557011585
494,307.8920288085937,278.38902863805475
495,317.7603759765625,290.3676518295506
496,317.7603759765625,300.5234355434905
497,313.8130187988281,299.2877771977147
498,301.97100830078125,307.5612394304789
499,315.78668212890625,309.0504389031967
500,323.68133544921875,310.11939546257565
501,319.7340087890625,314.1831679488041
502,317.7603759765625,315.96269307581633
503,313.8130187988281,317.65701884091897
504,335.5233764648437,317.1391681821012
505,337.4970397949219,322.704550673999
506,337.4970397949219,333.4641388418263
507,339.4706726074219,334.44956181051793
508,339.4706726074219,335.56995738524085
509,353.2863464355469,337.34353087287957
510,349.3390197753906,345.39003500068145
511,347.3653564453125,349.624234152698
512,349.3390197753906,351.5049544784545
513,339.4706726074219,353.1813865693884
514,347.3653564453125,352.8286298918969
515,345.39166259765625,351.0179678736578
516,369.07568359375,350.21489405960494
517,369.07568359375,361.13171813452215
518,374.9966735839844,355.8661841348546
519,374.9966735839844,366.82134190436085
520,374.9966735839844,367.4200942353348
521,374.9966735839844,370.283611925062
522,374.9966735839844,372.87257612724204
523,374.9966735839844,374.6841592900998
524,382.891357421875,375.80598420400054
525,376.9703674316406,381.4580254883369
526,384.8650207519531,385.75822572025345
527,380.9176940917969,388.4749244838312
528,382.891357421875,388.54985839624715
529,392.75970458984375,388.21973907948916
530,384.8650207519531,395.66421897922925
531,380.9176940917969,392.2870623451488
532,382.891357421875,388.92937481523796
533,380.9176940917969,388.19258593387485
534,382.891357421875,388.325033015795
535,382.891357421875,387.9198164335722
536,382.891357421875,387.7404139476238
537,382.891357421875,387.5578776623953
538,386.8386840820313,386.4102494149159
539,406.5753479003906,389.09707821375036
540,414.4700317382813,397.22035881187827
541,412.496337890625,408.94593953310766
542,418.4173583984375,411.81783229066406
543,414.4700317382813,414.9884805795907
544,412.496337890625,420.1040317624775
545,412.496337890625,421.6217922261652
546,412.496337890625,421.3994773241487
547,408.5490112304688,421.60480350908017
548,436.1803588867188,420.0515567449024
549,432.2330017089844,430.08663115323816
550,430.2593383789063,434.35636174277147
551,430.2593383789063,435.5354354521631
552,434.2066650390625,436.15651234158884
553,442.1013793945313,441.02574862056497
554,442.1013793945313,447.6097448414311
555,475.6536865234375,447.33837243957294
556,471.7063903808594,464.05811583330274
557,469.7326965332031,470.5078186529198
558,493.4167175292969,471.16037969313777
559,508.21917724609375,486.9142508988699
560,518.0875244140625,493.3643492048159
561,503.2850341796875,506.9804878398969
562,508.21917724609375,513.9431450256293
563,503.2850341796875,517.7340534387373
564,498.3508605957031,517.5803640123142
565,518.0875244140625,522.2853960870359
566,537.82421875,521.0632229653228
567,537.82421875,530.1482317425236
568,527.9558715820312,536.2901516254369
569,527.9558715820312,536.5703622869931
570,557.5608520507812,536.0744912107806
571,582.231689453125,547.2313840848705
572,587.1658935546875,564.3370103677335
573,601.9683837890625,577.6440076565461
574,626.6392211914062,579.5085193566279
575,626.6392211914062,611.6039372577835
576,621.7050170898438,616.8350693202922
577,651.31005859375,613.3915526594806
578,651.31005859375,630.5037990395882
579,636.507568359375,633.7125687716095
580,597.0341796875,631.0645642638564
581,562.4949951171875,642.0447263341002
582,582.231689453125,634.6498885661662
583,582.231689453125,620.0480002562958
584,577.2975463867188,607.6613856301282
585,567.42919921875,584.6031570504917
586,567.42919921875,575.3512186523784
587,562.4949951171875,575.4217871695008
588,562.4949951171875,571.2037535211782
589,552.626708984375,567.5451954677903
590,587.1658935546875,564.2798883857938
591,572.3633422851562,581.393028908906
592,567.42919921875,582.5232772517359
593,557.5608520507812,574.6968091434493
594,557.5608520507812,569.9204691641207
595,557.5608520507812,566.2146762870158
596,567.42919921875,565.1473102704813
597,562.4949951171875,565.4674994413723
598,562.4949951171875,564.3605332067743
599,537.82421875,562.5298613804002
600,542.7584228515625,568.6899220492696
601,542.7584228515625,558.5996901943454
602,537.82421875,552.3211727724408
603,532.8900146484375,548.8035454126044
604,527.9558715820312,546.905795665837
605,523.0216674804688,542.0788850215823
606,513.1533203125,539.1590094552954
607,503.2850341796875,541.2967678185332
608,527.9558715820312,530.4282188683289
609,567.42919921875,528.8252955822294
610,552.626708984375,545.8679879536236
611,542.7584228515625,556.8904842561177
612,557.5608520507812,553.665224463687
613,547.6925659179688,554.457280410132
614,542.7584228515625,559.0875483736331
615,547.6925659179688,557.0312429990914
616,532.8900146484375,555.774112324915
617,537.82421875,555.3373234672288
618,532.8900146484375,548.6707479813821
619,532.8900146484375,547.1909928941491
620,532.8900146484375,544.225430059345
621,537.82421875,541.9226679216658
622,537.82421875,541.8010472779995
623,567.42919921875,540.6987065139439
624,562.4949951171875,553.6643819058559
625,552.626708984375,563.9684514993119
626,537.82421875,562.0092122259291
627,532.8900146484375,558.0822393206208
628,537.82421875,553.2946709685631
629,537.82421875,550.0891511024619
630,537.82421875,544.9167401622665
631,527.9558715820312,544.3428551089135
632,523.0216674804688,543.7600974057468
633,518.0875244140625,539.0970040769466
634,527.9558715820312,534.2494077781846
635,523.0216674804688,530.7823682783321
636,518.0875244140625,529.6005175671094
637,523.0216674804688,529.0350924821832
638,523.0216674804688,526.5406742305065
639,518.0875244140625,528.3500241852353
640,523.0216674804688,528.0148925091348
641,523.0216674804688,526.3416070466063
642,518.0875244140625,526.9016844685633
643,518.0875244140625,526.4066731452397
644,518.0875244140625,525.8932975002087
645,513.1533203125,524.1306493224059
646,503.2850341796875,523.8601366734366
647,503.2850341796875,523.0338281718971
648,498.3508605957031,517.5992097956394
649,493.4167175292969,513.0333717136336
650,491.4430236816406,510.183376862158
651,498.3508605957031,506.83799239608754
652,491.4430236816406,504.84119911651675
653,493.4167175292969,503.8366466460467
654,489.4693603515625,502.1388926162995
655,532.8900146484375,500.6953331256899
656,518.0875244140625,508.57818382843175
657,513.1533203125,520.7516485183787
658,503.2850341796875,520.0454990805945
659,508.21917724609375,517.800254411184
660,498.3508605957031,513.8813115978584
661,498.3508605957031,512.5970471225075
662,503.2850341796875,509.31303181764815
663,503.2850341796875,507.055423901695
664,498.3508605957031,507.85936163306485
665,503.2850341796875,510.07509958332764
666,498.3508605957031,507.9853326263492
667,498.3508605957031,506.0231186079707
668,503.2850341796875,506.5838838322388
669,498.3508605957031,505.8524920496359
670,498.3508605957031,505.08578161835624
671,493.4167175292969,505.0669874202045
672,498.3508605957031,503.3446272627765
673,498.3508605957031,504.0067573526481
674,493.4167175292969,502.91997811588186
675,493.4167175292969,502.21922792624
676,491.4430236816406,502.09791679361365
677,491.4430236816406,501.73716448142346
678,491.4430236816406,499.54436473823705
679,491.4430236816406,501.1449151063631
680,489.4693603515625,499.16375213431286
681,483.5483703613281,498.36554035718325
682,493.4167175292969,498.3590062352274
683,487.4956970214844,499.9888053966346
684,477.6273498535156,497.4687321187524
685,483.5483703613281,496.5329942695114
686,498.3508605957031,495.1500989427439
687,498.3508605957031,495.64899634912547
688,483.5483703613281,498.116899821708
689,473.6800231933594,497.41467085709724
690,477.6273498535156,493.47822347495315
691,481.57470703125,490.8790615288194
692,481.57470703125,487.7649419923391
693,475.6536865234375,487.0722304922087
694,471.7063903808594,486.02011649192366
695,469.7326965332031,485.1384055142223
696,471.7063903808594,483.5207202710201
697,473.6800231933594,481.10223539449254
698,473.6800231933594,479.8742073556059
699,469.7326965332031,479.22044266134344
700,479.6010437011719,480.2578376921702
701,473.6800231933594,481.77447617833786
702,473.6800231933594,481.02456531850765
703,469.7326965332031,481.29799252977034
704,457.89068603515625,479.6379730543178
705,449.9960632324219,477.55651990777517
706,438.1540222167969,472.74621109180555
707,428.2857055664063,466.20617403614983
708,424.33837890625,457.64209813187347
709,408.5490112304688,445.83232610899677
710,432.2330017089844,435.13642413641605
711,444.0750427246094,430.7605914428613
712,434.2066650390625,430.42242483906307
713,438.1540222167969,434.86948805946463
714,420.39105224609375,437.92096600045835
715,422.3647155761719,438.1991562427257
716,412.496337890625,435.3462210363699
717,386.8386840820313,430.5443377987117
718,378.9440307617188,422.2109507895899
719,353.2863464355469,410.0741760541775
720,329.60235595703125,394.6026433984017
721,307.8920288085937,375.5375843977558
722,288.15533447265625,354.98286971801537
723,337.4970397949219,333.15292764047786
724,317.7603759765625,314.965960057871
725,319.7340087890625,315.8838924247825
726,351.31268310546875,316.96479095178853
727,361.1810302734375,323.44361145237104
728,351.31268310546875,337.34440889551735
729,367.1020202636719,344.80153146148905
730,369.07568359375,350.25409986603074
731,382.891357421875,358.81231010622247
732,410.5226745605469,364.5984110464912
733,416.4436950683594,376.6991578370935
734,416.4436950683594,392.12566093531217
735,398.6806945800781,405.1342723864967
736,404.6016845703125,411.03049638757926
737,406.5753479003906,411.2122825384121
738,416.4436950683594,410.8908467258322
739,412.496337890625,412.78363569843054
740,396.70703125,416.83836788303205
741,408.5490112304688,415.88732213360385
742,416.4436950683594,412.67227190672895
743,402.6280212402344,412.73974961221575
744,412.496337890625,413.45605703038257
745,416.4436950683594,412.6884008709251
746,444.0750427246094,414.71387980563463
747,446.0487060546875,423.7010658991344
748,438.1540222167969,439.5382557573317
749,432.2330017089844,443.6858584489941
750,436.1803588867188,443.44430227732363
751,451.9696960449219,443.2812759345269
752,477.6273498535156,444.22926526243504
753,463.8117065429688,459.8743519351324
754,465.7853698730469,467.2554680469592
755,471.7063903808594,468.4091274609544
756,453.943359375,472.35489456441434
757,446.0487060546875,475.8632365930504
758,463.8117065429688,469.03072879964236
759,461.8380126953125,464.2788745825903
760,459.8643493652344,466.75120578255076
761,457.89068603515625,467.92604950772886
762,451.9696960449219,467.8484482119751
763,459.8643493652344,466.3532175727415
764,461.8380126953125,465.9259977647091
765,457.89068603515625,465.8946683694369
766,459.8643493652344,466.839321856136
767,455.9169921875,466.87641159576395
768,473.6800231933594,467.3529984146781
769,461.8380126953125,470.68595945150366
770,465.7853698730469,474.6873869569922
771,473.6800231933594,472.6637693872872
772,463.8117065429688,475.156089841915
773,448.0223693847656,478.56099500048526
774,449.9960632324219,475.5145810040073
775,448.0223693847656,467.6343181574611
776,446.0487060546875,461.3119963258662
777,455.9169921875,457.70992403728025
778,463.8117065429688,456.94641188674734
779,459.8643493652344,461.2531376430908
780,453.943359375,463.8473989977577
781,451.9696960449219,466.3382492749455
782,453.943359375,464.96331525992935
783,463.8117065429688,463.889268963448
784,455.9169921875,465.2599987868373
785,457.89068603515625,465.0307972641806
786,461.8380126953125,468.02599578106566
787,459.8643493652344,466.5335077535477
788,459.8643493652344,466.829314332509
789,459.8643493652344,466.49612569793754
790,453.943359375,466.40733041957003
791,455.9169921875,466.4454604601936
792,457.89068603515625,466.2391111693243
793,455.9169921875,463.7956590689026
794,457.89068603515625,465.0830358497112
795,461.8380126953125,468.13741975546947
796,465.7853698730469,471.39506643922584
797,461.8380126953125,470.70927594985113
798,457.89068603515625,470.86586274350987
799,457.89068603515625,469.23184219541815
800,459.8643493652344,469.0890888257422
801,449.9960632324219,467.716252607775
802,455.9169921875,468.0116207127629
803,451.9696960449219,463.0441232761123
804,451.9696960449219,462.6257245327202
805,451.9696960449219,462.22687657002206
806,451.9696960449219,461.4919168129301
807,453.943359375,460.8904250943139
808,518.0875244140625,460.37165879866944
809,508.21917724609375,495.4187459279442
810,489.4693603515625,501.98448099744974
811,513.1533203125,499.95365869853555
812,513.1533203125,519.4808477732685
813,518.0875244140625,509.12173679986375
814,513.1533203125,513.9694706590881
815,513.1533203125,513.4061949563843
816,518.0875244140625,517.7949755284461
817,513.1533203125,519.9419848327688
818,508.21917724609375,520.7489488943075
819,503.2850341796875,519.3537247111129
820,513.1533203125,518.6756032175074
821,508.21917724609375,517.1129851468404
822,513.1533203125,515.717984499397
823,527.9558715820312,514.6476953230402
824,518.0875244140625,529.5782499672864
825,523.0216674804688,528.5929559615281
826,523.0216674804688,527.4770826870008
827,498.3508605957031,527.0580735190575
828,513.1533203125,527.7315179569473
829,518.0875244140625,518.4054344696938
830,513.1533203125,520.4274528990254
831,513.1533203125,518.6078718849185
832,508.21917724609375,517.3595106902089
833,503.2850341796875,517.6279771273025
834,498.3508605957031,517.4561813050389
835,463.8117065429688,516.5309152459849
836,481.57470703125,511.75548660471867
837,489.4693603515625,502.822447748163
838,483.5483703613281,495.57471369952293
839,475.6536865234375,491.6871260740561
840,469.7326965332031,488.3815653618003
841,467.759033203125,485.83492571965064
842,459.8643493652344,483.2348008502813
843,455.9169921875,479.36370328522395
844,449.9960632324219,473.74902686144
845,436.1803588867188,469.07517802399946
846,436.1803588867188,462.93169339082846
847,444.0750427246094,457.7523442448195
848,438.1540222167969,456.3235123211971
849,440.127685546875,452.190233112664
850,448.0223693847656,448.7938738978096
851,440.127685546875,448.757996409755
852,451.9696960449219,449.994836915753
853,453.943359375,452.7975281632804
854,453.943359375,455.3633918800263
855,455.9169921875,456.6993017114144
856,467.759033203125,458.9496017278117
857,465.7853698730469,464.45061881968064
858,461.8380126953125,467.7601945779276
859,463.8117065429688,469.5857250820259
860,457.89068603515625,469.2669545034016
861,455.9169921875,470.01190458906274
862,465.7853698730469,468.6077647684101
863,461.8380126953125,468.23638591051287
864,461.8380126953125,470.14342958600946
865,459.8643493652344,470.042451609206
866,483.5483703613281,469.4955971866806
867,475.6536865234375,475.602507931957
868,469.7326965332031,491.37751186369877
869,463.8117065429688,484.5617520565669
870,475.6536865234375,478.84341522696604
871,465.7853698730469,476.1724983047232
872,471.7063903808594,477.05504324272687
873,477.6273498535156,475.7665057955182
874,477.6273498535156,478.4818633445892
875,481.57470703125,480.98833533176867
876,475.6536865234375,484.7972985555439
877,473.6800231933594,487.04146853384316
878,473.6800231933594,484.8942442912983
879,475.6536865234375,483.978392526378
880,481.57470703125,483.7928492554205
881,487.4956970214844,485.8107322733565
882,493.4167175292969,490.58820712649833
883,491.4430236816406,499.1498757226857
884,493.4167175292969,500.5597329000497
885,508.21917724609375,500.1855856378502
886,493.4167175292969,504.79460050993737
887,498.3508605957031,509.7041849919905
888,498.3508605957031,505.05558709689745
889,477.6273498535156,505.3278708368179
890,489.4693603515625,505.18601161014635
891,491.4430236816406,500.18505259105905
892,493.4167175292969,497.4689384594458
893,493.4167175292969,498.5264345128154
894,491.4430236816406,498.7890202401489
895,489.4693603515625,499.75247652252864
896,489.4693603515625,499.39856784333426
897,485.5220031738281,500.27047763810197
898,485.5220031738281,498.97646356499087
899,481.57470703125,498.5934780430933
900,493.4167175292969,496.4833263451186
901,503.2850341796875,497.01473100823017
902,572.3633422851562,507.12361950084403
903,567.42919921875,541.5781305489606
904,527.9558715820312,536.896071071431
905,518.0875244140625,542.6736620701361
906,523.0216674804688,533.8976656762702
907,508.21917724609375,530.2971581379421
908,493.4167175292969,525.4687687187186
909,513.1533203125,521.715225166163
910,503.2850341796875,514.63995754704
911,493.4167175292969,512.2842174363457
912,498.3508605957031,509.868930840565
913,532.8900146484375,507.2119333175937
914,523.0216674804688,525.0560357468644
915,508.21917724609375,524.5240894394328
916,523.0216674804688,521.5219527167341
917,523.0216674804688,525.4908987580793
918,513.1533203125,530.1177621001405
919,508.21917724609375,527.6470042479667
920,508.21917724609375,524.4884268896004
921,523.0216674804688,526.6528547874525
922,518.0875244140625,528.1957845169633
923,503.2850341796875,524.1720550215363
924,498.3508605957031,522.9076336428617
925,491.4430236816406,523.7752962583581
926,473.6800231933594,521.5217807661563
927,469.7326965332031,511.5714479013168
928,473.6800231933594,497.31371867288044
929,489.4693603515625,488.442728182318
930,489.4693603515625,484.60526415027505
931,483.5483703613281,484.6576231012102
932,479.6010437011719,486.057876838805
933,479.6010437011719,488.74545577203503
934,479.6010437011719,488.45942458342074
935,469.7326965332031,488.8702575013905
936,469.7326965332031,489.8791431264207
937,467.759033203125,484.06764347377657
938,471.7063903808594,482.73915330981987
939,469.7326965332031,481.67462447781884
940,461.8380126953125,480.78377432690826
941,461.8380126953125,483.5315789500071
942,459.8643493652344,477.93492294677486
943,459.8643493652344,472.9688183098043
944,463.8117065429688,470.1628342087124
945,481.57470703125,469.1045643777427
946,473.6800231933594,480.46929391519967
947,469.7326965332031,480.24940351632995
948,471.7063903808594,479.73053405033875
949,477.6273498535156,477.36149356245295
950,471.7063903808594,479.8581127815254
951,457.89068603515625,481.2582289586579
952,461.8380126953125,485.29924808468115
953,457.89068603515625,475.78269494241647
954,455.9169921875,472.30383384034144
955,455.9169921875,468.7425052411614
956,465.7853698730469,465.84638464719524
957,465.7853698730469,465.60862858329375
958,467.759033203125,468.56543913368864
959,469.7326965332031,469.9249749744642
960,463.8117065429688,472.3272621065645
961,457.89068603515625,473.8995094095874
962,461.8380126953125,474.35938263234095
963,461.8380126953125,471.94707937908476
964,457.89068603515625,469.85608297547515
965,459.8643493652344,469.2986879825316
966,459.8643493652344,468.2781097182121
967,461.8380126953125,466.7762159940894
968,457.89068603515625,467.76744229478123
969,453.943359375,467.4999817685676
970,453.943359375,467.767149978799
971,451.9696960449219,464.8256086397113
972,451.9696960449219,462.4532752982609
973,449.9960632324219,460.99993181977544
974,453.943359375,459.7884712190583
975,457.89068603515625,458.8882325666007
976,449.9960632324219,459.35147602067883
977,448.0223693847656,460.93300865490204
978,449.9960632324219,459.3673384614794
979,451.9696960449219,458.05146946993193
980,449.9960632324219,457.68456132705717
981,449.9960632324219,458.0209310473176
982,448.0223693847656,457.6240949063795
983,448.0223693847656,457.05573806410223
984,448.0223693847656,456.6687117036267
985,448.0223693847656,456.8092297157915
986,448.0223693847656,455.7177820208385
987,461.8380126953125,455.3097518972867
988,463.8117065429688,459.9725271175179
989,459.8643493652344,463.9154226463289
990,453.943359375,465.41736795562497
991,448.0223693847656,464.8741760804063
992,449.9960632324219,463.41860584193853
993,448.0223693847656,460.21642181704635
994,449.9960632324219,458.65980482154396
995,448.0223693847656,457.16768648776826
996,448.0223693847656,456.8731437455537
997,449.9960632324219,455.37131880166214
998,446.0487060546875,456.03009585526695
999,446.0487060546875,456.9527052778942
1000,446.0487060546875,455.23263206315073
1001,444.0750427246094,454.39315214735296
1002,444.0750427246094,453.0023213014208
1003,442.1013793945313,452.41394941188946
1004,444.0750427246094,451.92554958828157
1005,446.0487060546875,451.9116215914811
1006,444.0750427246094,451.1574463573219
1007,444.5711975097656,450.10105078765
1008,444.5711975097656,452.06007512281064
1009,446.555908203125,452.8165974823566
1010,452.5099792480469,452.3403029794247
1011,452.5099792480469,453.60829233258823
1012,444.5711975097656,454.9226825491667
1013,442.5865173339844,455.287303749357
1014,442.5865173339844,454.06439983768837
1015,444.5711975097656,452.48367537118077
1016,440.601806640625,450.75012982866787
1017,438.61712646484375,450.09950323244993
1018,438.61712646484375,449.0286724117732
1019,440.601806640625,447.0541381344965
1020,432.66302490234375,446.26825521379396
1021,430.6783752441406,444.72129324323413
1022,430.6783752441406,441.21886631447387
1023,430.6783752441406,438.8200439865159
1024,426.708984375,436.4088928021309
1025,426.708984375,435.2441769659842
1026,416.7854919433594,434.07693345634414
1027,416.7854919433594,432.65338901298855
1028,410.8314208984375,429.2220722456707
1029,466.40283203125,425.48990214993364
1030,470.3722229003906,439.8013573363985
1031,466.40283203125,454.2401075355966
1032,470.3722229003906,458.75422288380497
1033,470.3722229003906,462.8378169728875
1034,466.40283203125,468.5324676103986
1035,464.4181213378906,471.1545935561953
1036,458.4640502929688,471.78443992508807
1037,450.5252990722656,472.9545893994927
1038,462.4334411621094,474.3015556530323
1039,462.4334411621094,466.047033776411
1040,462.4334411621094,465.38627929116166
1041,464.4181213378906,465.042790816981
1042,460.44873046875,466.65065768219176
1043,468.3875427246094,467.15697475600473
1044,496.1732482910156,470.2353199747771
1045,474.3416137695313,498.53989824305586
1046,478.31097412109375,490.86264884617
1047,472.35693359375,483.83277617958186
1048,458.4640502929688,483.2897218648254
1049,454.4946594238281,480.07059211049267
1050,454.4946594238281,475.0243585042749
1051,460.44873046875,469.1819765278609
1052,456.4793395996094,465.55882309843867
1053,452.5099792480469,464.4197364959107
1054,446.555908203125,463.798728386716
1055,444.5711975097656,462.0245681177306
1056,446.555908203125,458.67268391982
1057,448.5405883789063,456.84204648356155
1058,466.40283203125,455.4917701813996
1059,452.5099792480469,458.20453127674614
1060,450.5252990722656,463.22341614356736
1061,444.5711975097656,462.03706892473554
1062,444.5711975097656,460.1217630239764
1063,446.555908203125,456.5941711281575
1064,456.4793395996094,454.7655369161302
1065,448.5405883789063,454.1135777029345
1066,444.5711975097656,456.1351662558217
1067,442.5865173339844,455.8954327602757
1068,452.5099792480469,454.1394820574776
1069,450.5252990722656,453.08610422044586
1070,446.555908203125,454.08242885576897
1071,450.5252990722656,454.6067577526048
1072,448.5405883789063,454.7638346054102
1073,450.5252990722656,455.30144668437975
1074,456.4793395996094,456.1115144538476
1075,448.5405883789063,457.405270601092
1076,448.5405883789063,457.7520089411928
1077,456.4793395996094,457.39801428670955
1078,450.5252990722656,457.4275639935016
1079,458.4640502929688,458.3828010382633
1080,456.4793395996094,461.45237677756876
1081,454.4946594238281,462.6295332380181
1082,448.5405883789063,463.5380427132671
1083,448.5405883789063,461.9348786963587
1084,446.555908203125,459.58413374994905
1085,448.5405883789063,457.1354371569049
1086,446.555908203125,455.258209711596
1087,446.555908203125,454.96498239130153
1088,448.5405883789063,453.9330639863772
1089,446.555908203125,453.75177649221985
1090,444.5711975097656,454.882239773272
1091,452.5099792480469,453.87282969897956
1092,452.5099792480469,453.9832993476767
1093,462.4334411621094,455.813403737144
1094,454.4946594238281,457.91002292464714
1095,452.5099792480469,460.2909194048711
1096,456.4793395996094,460.64948794472343
1097,454.4946594238281,462.45827046254556
1098,458.4640502929688,462.87058215548416
1099,454.4946594238281,462.0892387300351
1100,454.4946594238281,462.6636052450059
1101,472.35693359375,462.578876597803
1102,468.3875427246094,467.0213229451912
1103,472.35693359375,470.9173877341427
1104,472.35693359375,473.06717404029655
1105,470.3722229003906,475.480775520415
1106,474.3416137695313,479.55434489081273
1107,486.249755859375,479.48013961897016
1108,470.3722229003906,483.24976055054856
1109,458.4640502929688,487.02611334724713
1110,448.5405883789063,482.12924461042115
1111,452.5099792480469,475.7298115422191
1112,456.4793395996094,468.1174133057443
1113,454.4946594238281,463.51389225461736
1114,452.5099792480469,462.29838221779335
1115,454.4946594238281,460.9813697549037
1116,454.4946594238281,459.85339115970055
1117,454.4946594238281,460.724080105366
1118,464.4181213378906,461.0104723901936
1119,472.35693359375,461.39262395178895
1120,482.2803649902344,467.11753789099
1121,474.3416137695313,478.5370594800578
1122,474.3416137695313,479.1776871501776
1123,470.3722229003906,478.1509444576445
1124,468.3875427246094,477.59185575150974
1125,472.35693359375,477.1098610869243
1126,474.3416137695313,478.3441997120156
1127,470.3722229003906,478.6477010793327
1128,472.35693359375,478.27507557974656
1129,464.4181213378906,478.3896548472527
1130,454.4946594238281,476.729179702769
1131,458.4640502929688,474.0065056566133
1132,452.5099792480469,471.91078061211465
1133,438.61712646484375,468.2800269671544
1134,448.5405883789063,465.85838679752453
1135,446.555908203125,461.22650249859214
1136,439.07171630859375,455.47728334522134
1137,445.05908203125,453.673091907826
1138,447.0548400878906,452.37628363782596
1139,445.05908203125,452.2476130204704
1140,451.0464172363281,450.52704114905134
1141,451.0464172363281,453.3079290633157
1142,453.0422058105469,453.6129349981884
1143,449.0506286621094,454.24303069541895
1144,451.0464172363281,453.757897932789
1145,451.0464172363281,454.8502913559198
1146,451.0464172363281,456.12177130581233
1147,457.0337524414063,454.77514035589945
1148,447.0548400878906,456.42478261398276
1149,453.0422058105469,455.946304338713
1150,449.0506286621094,456.95388313935206
1151,443.0632934570313,454.9411156511051
1152,469.0084228515625,453.55623429516424
1153,469.0084228515625,457.3380895103519
1154,467.0126647949219,464.2182362113349
1155,469.0084228515625,471.1862410600364
1156,459.029541015625,471.88500522050487
1157,449.0506286621094,470.38765099163567
1158,447.0548400878906,467.9119065727062
1159,449.0506286621094,462.41479275895296
1160,449.0506286621094,459.3681380316661
1161,445.05908203125,456.12787555132365
1162,441.0675048828125,454.76471155335685
1163,443.0632934570313,452.5692723688014
1164,443.0632934570313,450.46342803280027
