,y_actual,y_predict
0,120.21598052978516,118.74153071680823
1,120.21598052978516,120.3004820767789
2,118.24522399902344,120.54880307796992
3,119.23060607910156,122.62632611854684
4,124.15748596191406,122.59744680936561
5,117.25984954833984,122.72623536567664
6,124.15748596191406,120.22707924137933
7,124.15748596191406,124.15253994676326
8,124.15748596191406,124.87163655674809
9,128.0989990234375,124.98551148276903
10,122.18673706054688,127.90738147613979
11,122.18673706054688,124.5903365075228
12,122.18673706054688,123.1626069803842
13,122.18673706054688,122.9567264274965
14,120.21598052978516,123.05886366230936
15,120.21598052978516,122.2180971883665
16,118.24522399902344,121.3930655000658
17,118.24522399902344,120.21583062063823
18,118.24522399902344,119.35149215776718
19,118.24522399902344,119.14552103627452
20,118.24522399902344,119.15330389839758
21,120.21598052978516,119.20910623489203
22,117.25984954833984,120.40188872484475
23,120.21598052978516,118.72909262838814
24,120.21598052978516,120.41179693023182
25,120.21598052978516,121.07573122186423
26,124.15748596191406,121.1953965006982
27,120.21598052978516,123.62063656750092
28,120.21598052978516,122.17620618960018
29,116.27447509765624,121.25852281838371
30,137.9527587890625,118.18076614208567
31,123.1721115112305,130.9947444624749
32,123.1721115112305,129.1275881396867
33,123.1721115112305,124.91349736597942
34,123.1721115112305,123.79024741303931
35,118.24522399902344,123.77902294392621
36,114.30371856689452,119.32532990673599
37,124.15748596191406,116.17017933851132
38,124.15748596191406,120.9121160179769
39,118.24522399902344,123.6421194406071
40,117.25984954833984,124.27808010910826
41,117.25984954833984,120.3842882259396
42,117.25984954833984,118.32999301359189
43,125.14286804199222,117.90665120219043
44,118.24522399902344,123.68640145054545
45,118.24522399902344,120.28151701089175
46,119.23060607910156,119.14899283279954
47,117.25984954833984,119.57558907607401
48,127.11361694335938,118.30983848002572
49,118.24522399902344,124.06466424828454
50,123.1721115112305,124.86543562625906
51,123.1721115112305,124.89247337380527
52,124.15748596191406,123.95709289717166
53,123.1721115112305,124.93856675584365
54,123.1721115112305,124.44703886069064
55,117.25984954833984,123.76626484643509
56,121.20135498046878,119.30507272875082
57,121.20135498046878,120.47776106420736
58,121.20135498046878,121.48234199296851
59,121.20135498046878,121.2829159626639
60,121.20135498046878,121.61648617278863
61,118.24522399902344,121.93562578518322
62,118.24522399902344,119.84523596478923
63,118.24522399902344,119.1688273572947
64,118.24522399902344,119.08969454815207
65,125.14286804199222,119.13320974390143
66,117.25984954833984,124.51952997213323
67,117.25984954833984,124.09054271768673
68,117.25984954833984,119.64267022284457
69,117.25984954833984,118.16916732273859
70,112.33296966552734,117.9523340065528
71,112.33296966552734,118.11259213414812
72,113.31834411621094,114.44333189859027
73,113.31834411621094,115.05850405329028
74,113.31834411621094,114.30657934294615
75,113.31834411621094,114.10153805913149
76,116.27447509765624,114.0910562525794
77,120.21598052978516,117.852460986865
78,116.27447509765624,121.08065211606925
79,116.27447509765624,118.3808261526253
80,119.23060607910156,117.28400411862438
81,120.21598052978516,119.28123507191464
82,120.21598052978516,120.78880988122188
83,120.21598052978516,121.19022805230614
84,120.21598052978516,121.21535782124036
85,117.25984954833984,121.19441835976417
86,124.15748596191406,121.44763610353223
87,122.18673706054688,130.88144917552597
88,119.23060607910156,127.5411461891448
89,119.23060607910156,126.07132037440186
90,134.9966278076172,120.86695851152353
91,134.9966278076172,129.52184535306893
92,127.11361694335938,133.710782206214
93,132.04049682617188,131.31082889392746
94,130.0697479248047,131.93262463260652
95,123.1721115112305,130.71018998137657
96,118.24522399902344,124.76943894286526
97,137.9527587890625,119.75323637582946
98,134.01126098632812,131.08012650536259
99,134.01126098632812,134.28644229750566
100,132.04049682617188,134.74803424975244
101,131.0551300048828,133.80203309470573
102,120.21598052978516,132.27586756974532
103,119.23060607910156,126.03871567660158
104,119.23060607910156,120.96561187399732
105,118.24522399902344,122.68788258041232
106,118.24522399902344,120.07528625939807
107,119.23060607910156,119.22897094892221
108,119.23060607910156,119.86650751115039
109,117.25984954833984,120.1385091835956
110,116.27447509765624,118.96292869068603
111,115.28909301757812,117.68995071995869
112,115.28909301757812,116.40556110500123
113,115.28909301757812,116.11154522363384
114,129.08436584472656,116.11505324760087
115,115.28909301757812,124.26387291393715
116,119.23060607910156,120.8532886900754
117,123.1721115112305,119.5010028109024
118,123.1721115112305,120.02382517803667
119,118.24522399902344,122.04822067492012
120,118.24522399902344,118.29890986835562
121,118.24522399902344,117.9122845694215
122,118.24522399902344,118.44531703729282
123,118.24522399902344,118.84451929650808
124,118.24522399902344,119.02592821232454
125,118.24522399902344,119.10579160821419
126,118.24522399902344,119.12589180061735
127,109.37683868408205,119.14551499836753
128,132.04049682617188,114.73703984670067
129,132.04049682617188,125.38149553755323
130,126.12824249267578,130.65921193257518
131,125.14286804199222,127.92091846363388
132,117.25984954833984,126.19320760301184
133,125.14286804199222,121.6366527821688
134,120.21598052978516,124.54389896478543
135,120.21598052978516,125.08545091943384
136,116.27447509765624,122.16230692768605
137,125.14286804199222,117.89519729261136
138,125.14286804199222,121.12799534485666
139,125.14286804199222,123.97254993909178
140,125.14286804199222,125.46368956554491
141,123.1721115112305,125.9296046592037
142,124.15748596191406,124.50614393231413
143,124.15748596191406,125.09416965714189
144,124.15748596191406,125.1172344618821
145,124.15748596191406,125.13020388611821
146,124.15748596191406,125.14389785919431
147,124.15748596191406,125.16376257322446
148,124.15748596191406,125.19951302057177
149,124.15748596191406,125.19935603498976
150,124.15748596191406,125.19862544824275
151,125.14286804199222,125.19785863405374
152,123.1721115112305,124.53379150846735
153,123.1721115112305,123.31153195654039
154,118.24522399902344,123.55367014096336
155,118.24522399902344,119.57551662119002
156,118.24522399902344,118.70456061224692
157,130.0697479248047,120.40734095486579
158,132.04049682617188,130.9943338847989
159,133.02587890625,132.50986665553222
160,134.01126098632812,133.7727733973835
161,131.0551300048828,134.18135856407682
162,124.15748596191406,136.45254747168028
163,124.15748596191406,132.52424291209934
164,122.18673706054688,126.73782077650927
165,120.21598052978516,123.57365561313352
166,119.23060607910156,120.29376792419487
167,118.24522399902344,118.99913801896534
168,116.27447509765624,118.16945110436757
169,120.21598052978516,117.18010985287452
170,120.21598052978516,119.28852282566368
171,125.14286804199222,119.31039816272485
172,119.23060607910156,122.27576523812397
173,119.23060607910156,119.84338232734021
174,119.23060607910156,119.54243492873675
175,119.23060607910156,120.6308461582866
176,118.24522399902344,120.10938232022735
177,118.24522399902344,119.26516216348048
178,111.34758758544922,118.07789228261885
179,121.20135498046878,114.64970152194496
180,121.20135498046878,119.5989618140712
181,121.20135498046878,121.27315870495181
182,120.21598052978516,121.3924556714588
183,120.21598052978516,122.5115213548479
184,125.14286804199222,120.84674963679436
185,125.14286804199222,123.68765129729445
186,126.12824249267578,125.17699766536859
187,125.14286804199222,124.15574003747327
188,124.15748596191406,123.90448461348024
189,124.15748596191406,123.2977534527663
190,125.14286804199222,124.00837284132308
191,136.96739196777344,126.51199701680045
192,128.0989990234375,136.8738001672597
193,126.12824249267578,135.45562260899518
194,122.18673706054688,133.60828873488816
195,122.18673706054688,126.6427539307935
196,122.18673706054688,122.9917945913528
197,129.08436584472656,122.14916240414695
198,129.08436584472656,127.55866819525895
199,121.20135498046878,129.46414711377645
200,127.11361694335938,125.38622321873427
201,132.04049682617188,128.5616430407581
202,137.9527587890625,132.09635455672685
203,136.96739196777344,137.66355840286613
204,134.01126098632812,139.1487023876682
205,132.04049682617188,135.24102331839944
206,135.9820098876953,133.27371623220142
207,129.08436584472656,135.57900723854118
208,135.9820098876953,131.57094192748957
209,134.9966278076172,136.77712120037492
210,133.02587890625,134.7100618526291
211,124.15748596191406,133.9315341240428
212,132.04049682617188,128.9033583874259
213,132.04049682617188,132.14251435574224
214,122.18673706054688,132.52941739839838
215,128.0989990234375,128.27167859498775
216,134.9966278076172,128.39467679848576
217,134.01126098632812,132.08474366156577
218,134.9966278076172,132.43933182595765
219,134.9966278076172,134.34377222447114
220,134.9966278076172,135.4113768264988
221,134.9966278076172,135.78864940748988
222,135.9820098876953,136.58255568520534
223,134.9966278076172,136.69446225354426
224,137.9527587890625,135.82066842831114
225,137.9527587890625,137.38530145876888
226,137.9527587890625,138.47573538716375
227,136.96739196777344,137.37896769432584
228,136.96739196777344,137.27967431371002
229,139.92352294921875,137.39279450135595
230,124.15748596191406,139.65641791148835
231,137.9527587890625,132.33289560136078
232,134.01126098632812,136.63430658610278
233,136.96739196777344,136.64858623615788
234,139.92352294921875,136.13965105512375
235,139.92352294921875,139.0603255429085
236,134.01126098632812,140.24670785144116
237,137.9527587890625,136.61569775672862
238,137.9527587890625,137.62152853223878
239,137.9527587890625,138.50471130285698
240,137.9527587890625,138.88593871293307
241,137.9527587890625,139.0220633262492
242,137.9527587890625,139.08176011275867
243,137.9527587890625,139.10688988169287
244,137.9527587890625,139.1478208532462
245,137.9527587890625,139.1611223623673
246,137.9527587890625,139.16399036819234
247,137.9527587890625,139.18566041641552
248,137.9527587890625,139.18564834060152
249,137.9527587890625,139.18563626478752
250,128.0989990234375,139.1856302268805
251,127.11361694335938,127.26236394713854
252,129.08436584472656,125.3406309829769
253,129.08436584472656,128.72860928303047
254,134.9966278076172,127.27260423741063
255,137.9527587890625,133.00682866698526
256,137.9527587890625,138.11664898205683
257,135.9820098876953,138.91838038724435
258,140.9088897705078,139.1580852951463
259,139.92352294921875,141.29205672826666
260,119.23060607910156,137.9787250724547
261,140.9088897705078,128.10733884226042
262,140.9088897705078,136.6253946353707
263,140.9088897705078,138.94397507501756
264,139.92352294921875,141.6895562977079
265,118.24522399902344,140.8527506907571
266,139.92352294921875,130.0479281899832
267,139.92352294921875,134.7571092239735
268,139.92352294921875,137.81538761228938
269,137.9527587890625,139.67907213855253
270,134.01126098632812,136.53621474897997
271,137.9527587890625,134.00370522641438
272,138.93814086914062,137.6698619777742
273,139.92352294921875,140.40739467043346
274,139.92352294921875,141.1513855709795
275,139.92352294921875,141.76007905146847
276,142.87965393066406,141.1510353723735
277,139.92352294921875,143.3764267553816
278,139.92352294921875,143.7175262355354
279,136.96739196777344,142.44910688459305
280,135.9820098876953,139.2315122821739
281,135.9820098876953,135.31707075706507
282,135.9820098876953,135.435081649381
283,135.9820098876953,138.1871294704684
284,137.9527587890625,135.558737984742
285,141.89427185058594,137.23445642818666
286,141.89427185058594,141.53496172687863
287,141.89427185058594,142.7958336940709
288,93.61080169677734,142.96875331264528
289,126.12824249267578,114.88261378447184
290,130.0697479248047,122.32581344924739
291,126.12824249267578,130.83704640744762
292,123.1721115112305,126.10737271709914
293,122.18673706054688,123.40131563363113
294,123.1721115112305,123.05105664855827
295,123.1721115112305,123.71956163578972
296,132.04049682617188,123.89242087529414
297,132.04049682617188,131.69965199100963
298,135.9820098876953,134.3894912562755
299,135.9820098876953,136.91929579650508
300,135.9820098876953,136.8698091107327
301,109.37683868408205,136.84388233807448
302,137.9527587890625,123.05979953789435
303,144.85040283203125,136.90047564038593
304,108.3914566040039,144.51405296488886
305,130.0697479248047,117.45862642697278
306,129.08436584472656,127.686496724357
307,134.9966278076172,127.53543432912275
308,128.0989990234375,133.01655573516234
309,132.04049682617188,128.46475274712833
310,137.9527587890625,130.61860700799983
311,137.9527587890625,135.99548998759056
312,137.9527587890625,138.14426033076805
313,137.9527587890625,138.68626512844145
314,137.9527587890625,138.7892416323273
315,107.40608215332033,138.89154792853614
316,132.04049682617188,121.98982807632265
317,132.04049682617188,127.37052097523042
318,131.0551300048828,132.1378772431662
319,129.08436584472656,132.31685892036865
320,131.0551300048828,133.4892574362892
321,128.0989990234375,132.71889295796691
322,128.0989990234375,132.29361297841845
323,135.9820098876953,129.74476487951074
324,134.9966278076172,135.19236382588605
325,134.9966278076172,138.18097684323536
326,134.01126098632812,136.74451650257467
327,136.96739196777344,136.42550368622707
328,128.0989990234375,137.68984744994435
329,128.0989990234375,133.1839446309247
330,125.14286804199222,129.8282630954144
331,123.1721115112305,127.56675899063902
332,117.25984954833984,125.96276484444797
333,123.1721115112305,121.96765084391149
334,132.04049682617188,123.08655350381159
335,126.12824249267578,129.29705407545708
336,133.02587890625,128.89733255623983
337,132.04049682617188,132.69317751205372
338,133.02587890625,131.93904896565456
339,137.9527587890625,132.78555145124747
340,133.02587890625,136.82873322941134
341,132.04049682617188,134.0306644811696
342,134.01126098632812,132.32990683739575
343,134.01126098632812,132.12974418243712
344,134.01126098632812,133.59727559252008
345,125.14286804199222,133.222629501074
346,118.24522399902344,129.45092409744635
347,125.14286804199222,124.45880674143373
348,123.1721115112305,125.33587311226086
349,130.0697479248047,124.39352489094921
350,121.20135498046878,129.45098447651634
351,130.0697479248047,126.23705488364621
352,127.11361694335938,129.06708227363922
353,118.24522399902344,127.86233868991943
354,121.20135498046878,123.73889501400387
355,113.31834411621094,121.12379899949161
356,120.21598052978516,117.0782926271327
357,127.11361694335938,119.59225369939415
358,127.11361694335938,126.52619213615756
359,127.11361694335938,128.15413865941778
360,125.14286804199222,128.2530878793346
361,125.14286804199222,126.86525080374531
362,125.14286804199222,126.1988590839639
363,125.14286804199222,126.09308099123004
364,119.23060607910156,126.13476670115836
365,118.24522399902344,122.91571092524518
366,124.15748596191406,119.15206008955556
367,124.15748596191406,123.06267358162637
368,124.15748596191406,124.75586572792915
369,124.15748596191406,125.1800830358456
370,124.15748596191406,125.19482156683273
371,124.15748596191406,125.16069531646843
372,124.15748596191406,124.30206267571245
373,128.0989990234375,124.51320828350418
374,128.0989990234375,127.77343050934368
375,128.0989990234375,128.8058159998401
376,128.0989990234375,129.07796258205332
377,127.11361694335938,127.82961323397916
378,127.11361694335938,126.37801586046933
379,126.12824249267578,126.93326178819387
380,137.9527587890625,127.25310179780047
381,136.96739196777344,134.03529555583862
382,136.96739196777344,136.49204142136762
383,134.9966278076172,137.47170390793957
384,126.12824249267578,135.2250832439193
385,133.02587890625,130.33955306017856
386,133.02587890625,132.6203060124701
387,131.0551300048828,133.6038086078941
388,131.0551300048828,131.47004246361178
389,134.01126098632812,131.3670116185629
390,139.92352294921875,134.51938474956756
391,135.9820098876953,139.51919439909824
392,127.11361694335938,137.07767613502338
393,132.04049682617188,132.4459554099367
394,132.04049682617188,132.83600420213986
395,123.1721115112305,132.06653333405362
396,128.0989990234375,128.09671816384733
397,128.0989990234375,129.0649690061892
398,125.14286804199222,127.94569803396209
399,117.25984954833984,125.98950673455118
400,117.25984954833984,122.03548672905703
401,109.37683868408205,120.04784397208286
402,103.4645767211914,116.51741937008416
403,117.25984954833984,110.81235803131975
404,113.31834411621094,116.67734541279444
405,117.25984954833984,117.18154687474055
406,111.34758758544922,118.46939621040903
407,118.24522399902344,116.90986521136634
408,118.24522399902344,116.5608621109495
409,118.24522399902344,117.96585891823293
410,119.23060607910156,119.07901952857597
411,111.34758758544922,120.8661554698925
412,112.33296966552734,117.92154068085256
413,118.24522399902344,117.71293703190787
414,120.21598052978516,117.43659410432963
415,117.25984954833984,118.23935195370714
416,118.24522399902344,118.25456144144027
417,111.34758758544922,119.74156510159835
418,128.0989990234375,115.60820114448174
419,122.18673706054688,123.39318257290208
420,127.11361694335938,123.27085457708108
421,119.23060607910156,125.16771136440249
422,126.12824249267578,122.5850389104805
423,118.24522399902344,125.34963954022098
424,115.28909301757812,122.31110510779527
425,127.11361694335938,120.93092409828205
426,130.0697479248047,126.09512784170303
427,130.0697479248047,129.37433324715073
428,131.0551300048828,130.76462775088902
429,130.0697479248047,131.65640850107528
430,131.0551300048828,131.6329512323801
431,131.0551300048828,132.29587719354348
432,130.0697479248047,131.7960230246374
433,131.0551300048828,131.6082863822849
434,130.0697479248047,131.71480109967274
435,131.0551300048828,131.43094701578644
436,130.0697479248047,132.03435732765035
437,132.04049682617188,131.29575827805536
438,130.0697479248047,132.43665703315662
439,130.0697479248047,131.73031852066288
440,130.0697479248047,131.20662669492063
441,132.04049682617188,131.9050736629653
442,130.0697479248047,132.89332809119833
443,130.0697479248047,131.45268348098662
444,130.0697479248047,131.14747935794813
445,130.0697479248047,131.10233392730876
446,133.02587890625,131.12850825415399
447,133.02587890625,133.4539719077809
448,133.02587890625,134.12330408827134
449,133.02587890625,134.19924284461095
450,133.02587890625,134.16901708216872
451,124.15748596191406,134.15883717096662
452,116.27447509765624,129.56491978160727
453,116.27447509765624,119.91345827598278
454,116.27447509765624,117.1996424820197
455,116.27447509765624,116.91392268487036
456,116.27447509765624,117.114574410296
457,116.27447509765624,117.24264445567405
458,117.25984954833984,117.26233407040121
459,128.0989990234375,116.83589481270874
460,128.0989990234375,124.55837786577155
461,120.21598052978516,126.4454955091019
462,115.28909301757812,121.80677081189518
463,115.28909301757812,116.63933678822914
464,115.28909301757812,115.24021486445676
465,115.28909301757812,115.45850935413654
466,111.34758758544922,115.85158313774673
467,109.37683868408205,113.10041685108135
468,109.37683868408205,110.70764261021789
469,112.33296966552734,110.06719577681568
470,132.04049682617188,112.26240970063753
471,126.12824249267578,125.0818160994198
472,124.15748596191406,125.89436139604442
473,117.25984954833984,125.89433724441642
474,116.27447509765624,119.7208852701232
475,111.34758758544922,116.45972113079168
476,111.34758758544922,112.23126013842429
477,111.34758758544922,111.51795991915948
478,127.11361694335938,111.75617950193941
479,126.12824249267578,121.74614418770767
480,127.11361694335938,125.57684598063284
481,126.12824249267578,127.30996680592693
482,126.12824249267578,126.11784244783723
483,128.0989990234375,125.15341360062638
484,123.1721115112305,128.1929140981721
485,117.25984954833984,126.1040216787141
486,127.11361694335938,119.75344166466746
487,119.23060607910156,127.92519933969692
488,118.24522399902344,123.60001107718875
489,128.0989990234375,120.0140498066036
490,133.02587890625,125.61690145567115
491,132.04049682617188,133.05629120112965
492,130.0697479248047,133.5536577523517
493,130.0697479248047,131.12452927344094
494,123.1721115112305,130.3416301001866
495,127.11361694335938,128.9552541980913
496,127.11361694335938,127.97247615150732
497,121.20135498046878,127.89220217794167
498,123.1721115112305,125.28723173346847
499,127.11361694335938,123.9022264362622
500,126.12824249267578,126.29818869202171
501,129.08436584472656,125.86562095872418
502,123.1721115112305,128.45170483010122
503,123.1721115112305,125.9539615760419
504,118.24522399902344,125.56894236036976
505,125.14286804199222,120.57908921948217
506,119.23060607910156,125.1180616551411
507,125.14286804199222,124.75858882398617
508,123.1721115112305,126.16974429640965
509,125.14286804199222,125.12484826260916
510,120.21598052978516,124.64804078472227
511,118.24522399902344,122.31667809595632
512,119.23060607910156,121.1095918043205
513,124.15748596191406,122.40681197165304
514,123.1721115112305,124.80222477787552
515,123.1721115112305,125.29285302488552
516,121.20135498046878,124.30082490477744
517,116.27447509765624,122.12159935869173
518,123.1721115112305,117.86882371483514
519,123.1721115112305,122.12053064915273
520,126.12824249267578,123.39959483013612
521,121.20135498046878,127.20569215203608
522,114.30371856689452,124.79605403692148
523,114.30371856689452,119.1053387651892
524,109.37683868408205,119.83193445566809
525,116.27447509765624,113.18414450745104
526,120.21598052978516,114.75011795326276
527,113.31834411621094,118.75497109779033
528,123.1721115112305,116.56072927699549
529,115.28909301757812,126.50723310817739
530,112.33296966552734,120.60997311378742
531,115.28909301757812,113.94869448133225
532,108.3914566040039,115.149519463409
533,112.33296966552734,111.50026281374234
534,112.33296966552734,111.36576239740924
535,105.4353256225586,111.88346461940745
536,108.3914566040039,110.66360211655953
537,110.36221313476562,109.0735011943756
538,108.3914566040039,110.06494967541167
539,108.3914566040039,109.59724132337385
540,108.3914566040039,111.828441172916
541,110.36221313476562,109.5164239381782
542,110.36221313476562,110.12469476517714
543,117.25984954833984,113.03523764501583
544,111.34758758544922,115.53828821932818
545,104.449951171875,113.93424576988113
546,109.37683868408205,108.80008665169237
547,110.36221313476562,109.28121123308429
548,107.40608215332033,110.21224441667786
549,108.3914566040039,108.2996166162723
550,107.40608215332033,108.28503507086718
551,144.85040283203125,108.19744919192448
552,195.1046295166016,131.2020258097866
553,262.11026000976557,174.0869606748474
554,262.11026000976557,230.2737669354364
555,244.37347412109372,243.67842765973344
556,228.60743713378903,253.75918435306144
557,212.84141540527344,226.65463340379296
558,199.04612731933597,209.61285826080635
559,185.2508544921875,198.85508313137686
560,172.44096374511716,187.28221470856872
561,164.5579376220703,176.54400239781938
562,220.72442626953125,167.73441834102573
563,246.3442230224609,202.0931160489912
564,230.57818603515625,237.55710093657166
565,228.60743713378903,230.9991248549803
566,212.84141540527344,235.33510285729758
567,201.0168914794922,223.10020208356207
568,238.46121215820312,204.77172480723698
569,222.69517517089844,227.88416863365498
570,214.81216430664065,226.7423641925037
571,202.98764038085935,218.20621279211426
572,201.0168914794922,205.56769001123945
573,208.89990234375,203.89801551270187
574,210.8706512451172,213.26178282558803
575,206.9291534423828,209.43775895780493
576,206.9291534423828,207.83342668882187
577,206.9291534423828,207.90537438863447
578,206.9291534423828,212.2369930220977
579,218.7536773681641,208.87162064585232
580,224.6659393310547,216.1699528079757
581,210.8706512451172,219.46326880208247
582,197.07537841796875,223.1891887569288
583,190.177734375,203.32761443840724
584,191.16311645507807,194.77415839655566
585,201.0168914794922,192.78860475540353
586,199.04612731933597,198.1583690426412
587,201.0168914794922,198.52147669381014
588,189.1923675537109,199.89802288330935
589,193.1338653564453,198.74794650956798
590,202.98764038085935,195.55735946516003
591,202.98764038085935,200.4458059579818
592,202.98764038085935,202.18864781354597
593,202.98764038085935,202.92168595079394
594,204.95838928222656,203.25797321906867
595,214.81216430664065,204.7886550984651
596,201.0168914794922,213.45879973099963
597,197.07537841796875,208.45108042329892
598,197.07537841796875,198.36508282669487
599,197.07537841796875,211.24681250153165
600,195.1046295166016,200.93358431288777
601,184.26547241210935,195.68677596379908
602,189.1923675537109,189.62177083713377
603,195.1046295166016,189.70895821421448
604,187.2216033935547,198.26059080815202
605,183.2801055908203,188.59340659269938
606,184.26547241210935,184.93573913858165
607,184.26547241210935,182.78219884887412
608,181.3093414306641,183.03489733264018
609,181.3093414306641,182.54702237122223
610,177.36784362792966,181.99432444025172
611,181.3093414306641,179.25825895899345
612,177.36784362792966,180.89174224297275
613,179.33859252929688,180.05121728530992
614,174.41171264648438,179.325255575066
615,165.54331970214844,176.7569231502691
616,180.323974609375,171.0995612768051
617,179.33859252929688,181.13526310809874
618,177.36784362792966,181.0090708517977
619,176.38246154785156,177.42984788542458
620,195.1046295166016,175.91147126049424
621,182.2947235107422,187.58197263949316
622,170.47019958496094,184.67959904782555
623,175.3970947265625,175.83768803695364
624,175.3970947265625,175.6121963621298
625,163.57257080078125,174.44052843295628
626,160.61643981933594,168.38885500494706
627,164.5579376220703,164.08504697112605
628,156.6749267578125,172.18567206378793
629,160.61643981933594,164.4586243530331
630,199.04612731933597,170.10787127948902
631,185.2508544921875,190.389418257306
632,172.44096374511716,182.63023680549688
633,162.5871887207031,173.54974393742503
634,164.5579376220703,166.65615683314294
635,163.57257080078125,163.3666205688182
636,165.54331970214844,162.89027800977033
637,222.69517517089844,164.1019289590982
638,208.89990234375,199.86520082085707
639,195.1046295166016,217.15659511503972
640,182.2947235107422,195.98670295611953
641,170.47019958496094,181.8083086013942
642,182.2947235107422,174.79321465664313
643,183.2801055908203,184.02416009134222
644,175.3970947265625,185.10058607549698
645,177.36784362792966,178.76437024220343
646,187.2216033935547,176.40562564519226
647,179.33859252929688,183.8262978789506
648,177.36784362792966,185.97975363796013
649,177.36784362792966,181.69267060652928
650,177.36784362792966,180.91171563932892
651,184.26547241210935,179.7063078858391
652,187.2216033935547,184.66353821520542
653,179.33859252929688,185.9870112021742
654,180.323974609375,181.98693404208365
655,180.323974609375,182.0915709703945
656,178.35321044921875,181.91049413946303
657,175.3970947265625,178.25118437464127
658,174.41171264648438,175.8059769493894
659,168.49945068359375,174.8965111696
660,166.52870178222656,170.7572119499023
661,168.49945068359375,168.1639188175672
662,168.49945068359375,172.0099568942725
663,168.49945068359375,174.5810788321034
664,170.47019958496094,169.2915221014544
665,172.44096374511716,171.65967375757165
666,184.26547241210935,173.00185218042657
667,176.38246154785156,184.58858363770682
668,178.35321044921875,180.01775520471563
669,176.38246154785156,179.16987607632674
670,178.35321044921875,177.68607250687867
671,176.38246154785156,177.52440150904536
672,178.35321044921875,176.85094543807386
673,180.323974609375,179.2996790010138
674,176.38246154785156,184.14776812344724
675,176.38246154785156,179.28209661582966
676,179.33859252929688,178.39563526171045
677,178.35321044921875,179.41404903540874
678,179.33859252929688,179.60063243752424
679,178.35321044921875,183.2446662976359
680,178.35321044921875,179.50733469855948
681,177.36784362792966,179.2647919743675
682,179.33859252929688,179.06218396707385
683,180.323974609375,180.32734284823616
684,180.323974609375,181.28602964588995
685,180.323974609375,180.74749664474157
686,179.33859252929688,181.18383203200713
687,182.2947235107422,181.47407422149948
688,192.14849853515625,182.43179495403328
689,187.2216033935547,188.66604261390998
690,188.2069854736328,187.42747467517592
691,187.2216033935547,186.0990747560951
692,183.2801055908203,186.22459076681213
693,188.2069854736328,184.1648070970014
694,188.2069854736328,186.45666376026603
695,187.2216033935547,188.42440557576802
696,190.177734375,188.29589476317898
697,199.04612731933597,191.4824364098969
698,201.0168914794922,196.68137623228918
699,201.0168914794922,200.09685116082096
700,201.0168914794922,200.35744722694307
701,201.0168914794922,203.56602723421116
702,201.0168914794922,201.08752678976103
703,187.2216033935547,200.7032019333939
704,180.323974609375,195.8134874801021
705,182.2947235107422,185.18760439118168
706,185.2508544921875,184.06832134314058
707,188.2069854736328,185.46665230109596
708,188.2069854736328,187.30868489285695
709,191.16311645507807,189.15194921764595
710,190.177734375,191.19089003249252
711,188.2069854736328,190.0104188349129
712,199.04612731933597,188.86962876213764
713,185.2508544921875,196.30953776759816
714,188.2069854736328,189.96892633800857
715,195.1046295166016,189.76044948511088
716,187.2216033935547,193.55249659742174
717,187.2216033935547,188.40549485104387
718,188.2069854736328,187.79054609890287
719,185.2508544921875,188.21795745962234
720,185.2508544921875,188.29046064687893
721,187.2216033935547,187.25643284567852
722,186.2362365722656,186.04600155356468
723,191.16311645507807,187.06608178959496
724,187.2216033935547,189.69749826672836
725,186.2362365722656,188.71298130292837
726,186.2362365722656,187.95166160929216
727,189.1923675537109,187.86465536942146
728,187.2216033935547,195.14970413614472
729,187.2216033935547,190.1700973234362
730,187.2216033935547,188.58732038244335
731,187.2216033935547,190.08277711240152
732,188.2069854736328,188.84116606853942
733,187.2216033935547,189.6634686228761
734,187.2216033935547,188.18515954879808
735,190.177734375,188.6819102335061
736,190.177734375,190.72798785442674
737,189.1923675537109,190.55410820863935
738,190.177734375,190.40830483040216
739,189.1923675537109,191.14649934022816
740,190.177734375,190.25100527723689
741,189.1923675537109,190.62022329028989
742,190.177734375,190.26013459262094
743,189.1923675537109,190.65332309646413
744,189.1923675537109,190.29794396625525
745,190.177734375,190.28067555223512
746,193.1338653564453,190.88787163178804
747,188.2069854736328,194.8271349925741
748,188.2069854736328,187.90055676444376
749,190.177734375,187.57930388459914
750,199.04612731933597,190.266522698227
751,202.98764038085935,197.62337425499484
752,204.95838928222656,199.02790010553227
753,222.69517517089844,203.72348377295845
754,224.6659393310547,218.41722556595198
755,212.84141540527344,218.45444322470027
756,212.84141540527344,213.70362478403763
757,214.81216430664065,213.74085451859995
758,210.8706512451172,214.23682027539797
759,210.8706512451172,211.09826791351645
760,220.72442626953125,212.75496091200392
761,224.6659393310547,219.98850633201675
762,226.63668823242188,223.4260075452847
763,212.84141540527344,222.92273592101662
764,201.0168914794922,216.97321180363423
765,204.95838928222656,206.7778797870733
766,204.95838928222656,206.05644650707944
767,214.81216430664065,203.73661018277656
768,214.81216430664065,209.9878726645794
769,204.95838928222656,213.3674945013449
770,195.1046295166016,207.37057281401212
771,195.1046295166016,199.62032746456308
772,201.0168914794922,198.76771461708614
773,196.08999633789065,201.31347734551684
774,201.0168914794922,198.75732941704607
775,195.1046295166016,201.7984058083188
776,201.0168914794922,197.8534185116967
777,195.1046295166016,200.56196321284875
778,192.14849853515625,198.01366456347802
779,192.14849853515625,194.95604430702514
780,187.2216033935547,191.60048956756185
781,194.11924743652344,190.13336269724792
782,194.11924743652344,193.8578456302282
783,192.14849853515625,193.48056097342314
784,193.1338653564453,192.2077218745568
785,193.1338653564453,192.59234862627392
786,194.11924743652344,194.7678789732756
787,197.07537841796875,194.95600807958314
788,197.07537841796875,196.29724458894606
789,199.04612731933597,196.04746845216803
790,190.177734375,198.73133018950386
791,195.1046295166016,193.96987295670712
792,191.16311645507807,195.2692184673037
793,194.11924743652344,193.62495148142233
794,193.1338653564453,194.0523507663278
795,192.14849853515625,193.6087457390342
796,195.1046295166016,192.89030726091235
797,193.1338653564453,194.8623359903844
798,199.04612731933597,195.47514732344737
799,190.177734375,199.25056603988008
800,190.177734375,192.74242684266713
801,187.2216033935547,191.7661818114572
802,178.35321044921875,188.47706820062245
803,183.2801055908203,185.3705771249112
804,183.2801055908203,186.43641262018784
805,184.26547241210935,182.52947621348008
806,188.2069854736328,183.33401524542262
807,184.26547241210935,189.09520496765947
808,180.323974609375,185.5846692313189
809,182.2947235107422,185.12094589790115
810,182.2947235107422,191.54849111247742
811,185.2508544921875,185.64065270502337
812,185.2508544921875,185.81325231452678
813,186.2362365722656,185.85819849423515
814,182.2947235107422,186.56778540069493
815,185.2508544921875,184.17726933704947
816,191.16311645507807,184.98937990437008
817,188.2069854736328,190.6846115305384
818,185.2508544921875,188.50374367374866
819,185.2508544921875,185.43079920932968
820,185.2508544921875,184.63925375325124
821,181.3093414306641,184.96136401588984
822,182.2947235107422,185.40455846550745
823,186.2362365722656,183.51202481959805
824,183.2801055908203,185.36405618535113
825,185.2508544921875,184.0580327496125
826,185.2508544921875,185.01918301332233
827,187.2216033935547,185.69970343548385
828,186.2362365722656,186.57522410211897
829,180.323974609375,186.07498350716492
830,182.2947235107422,182.87025568456284
831,182.2947235107422,183.27917897404816
832,178.35321044921875,183.88982873640515
833,183.2801055908203,181.903743759437
834,183.2801055908203,183.30433289461038
835,184.26547241210935,183.92728791143344
836,184.26547241210935,183.85129481393082
837,181.3093414306641,183.6155990762769
838,186.2362365722656,181.2539442080917
839,185.2508544921875,188.26553616678274
840,185.2508544921875,185.52732119063245
841,188.2069854736328,184.63857750766724
842,184.26547241210935,187.00125882004244
843,177.36784362792966,183.86852700050898
844,183.2801055908203,179.8304351779461
845,180.323974609375,182.23043075558164
846,177.36784362792966,180.46319575573725
847,184.26547241210935,177.7130498753549
848,185.2508544921875,181.57070488512827
849,185.2508544921875,185.36963521141917
850,178.35321044921875,184.32314517017065
851,191.16311645507807,180.96138346231132
852,185.2508544921875,188.23461000712848
853,183.2801055908203,186.92780164347985
854,184.26547241210935,184.61397907454904
855,189.1923675537109,183.5320465192102
856,189.1923675537109,187.3633883302774
857,196.08999633789065,187.92144792266393
858,197.07537841796875,193.93520329471284
859,202.98764038085935,195.9585300820573
860,202.98764038085935,201.20667884649998
861,199.04612731933597,202.11444193651536
862,199.04612731933597,199.66016557494942
863,201.0168914794922,199.60540175845895
864,201.0168914794922,200.62844056891927
865,195.1046295166016,200.7797746699685
866,196.08999633789065,198.29044222036026
867,193.1338653564453,196.85454340505058
868,199.04612731933597,195.40181090502477
869,199.04612731933597,199.3044483219485
870,204.95838928222656,199.55705019920256
871,208.89990234375,202.96174142583226
872,206.9291534423828,206.87388250837407
873,206.9291534423828,206.25323397202504
874,197.07537841796875,206.28070644887526
875,204.95838928222656,200.9027306081175
876,204.95838928222656,202.62594926593152
877,202.98764038085935,202.0450301576428
878,204.95838928222656,200.63313806056533
879,202.98764038085935,203.03560918007085
880,202.98764038085935,203.2013859546642
881,204.95838928222656,201.52037226678053
882,201.0168914794922,202.31829375265102
883,204.95838928222656,200.32946756590485
884,202.98764038085935,202.685978137326
885,197.07537841796875,202.8907477153257
886,204.95838928222656,199.9541391909678
887,202.98764038085935,203.13025941020362
888,202.98764038085935,202.81238775827904
889,199.04612731933597,201.95343510845206
890,199.04612731933597,198.4158012454953
891,197.07537841796875,197.46554336601355
892,199.04612731933597,197.94379390367345
893,197.07537841796875,198.11519800759083
894,201.0168914794922,197.8150778022464
895,195.1046295166016,199.76221827906423
896,197.07537841796875,197.34537694089857
897,197.07537841796875,197.03598251040205
898,197.07537841796875,197.1158157167567
899,197.07537841796875,197.41489740209715
900,197.07537841796875,198.40888180407322
901,196.08999633789065,197.4577665417975
902,199.0,196.1446425274268
903,198.0,199.56328131922663
904,197.0,198.8356289950227
905,200.0,198.3207404376865
906,198.0,199.95858309051982
907,198.0,198.74071309698192
908,200.0,198.1223348136649
909,199.0,199.3753091985011
910,197.0,199.40907317444535
911,198.0,198.19941473442753
912,197.0,198.11430439735483
913,189.0,197.91252962122718
914,197.0,192.93676291737071
915,199.0,195.52731483992778
916,198.0,197.66333312352117
917,197.0,196.6981374621213
918,196.0,196.05447242428806
919,198.0,195.2696773482357
920,198.0,197.13366376984885
921,198.0,197.65066559463506
922,197.0,197.70872610834755
923,196.0,197.32868816595044
924,196.0,196.6958792849033
925,196.0,195.47239403785534
926,195.0,194.30375713799583
927,195.0,194.14095101364651
928,195.0,194.86810822947643
929,195.0,194.61113490755434
930,194.0,195.0236809412397
931,194.0,194.17842226448883
932,193.0,194.08900086181808
933,194.0,192.88039301761827
934,193.0,193.7208455203971
935,194.0,194.46443791908115
936,193.0,193.6565780382886
937,190.0,192.7132275244149
938,186.0,191.14343208347213
939,187.0,188.87008764306964
940,192.0,186.91754927739376
941,193.0,190.85535146468578
942,186.0,192.1587423729724
943,190.0,187.99672854714055
944,181.0,190.75677659500298
945,184.0,185.44502451822177
946,178.0,184.1908063245436
947,185.0,181.046373041244
948,184.0,184.66281366636542
949,177.0,184.09678403673882
950,177.0,180.4671928501713
951,180.0,180.52473410388177
952,179.0,180.41036406948683
953,186.0,179.42933701593284
954,186.0,184.9665203884679
955,186.0,185.45065184754583
956,185.0,185.46610888946594
957,210.0,185.02239517984634
958,196.0,201.8741332379134
959,198.0,198.6494078673272
960,196.0,195.24847221885153
961,199.0,193.83746165619604
962,198.0,196.01461016227375
963,198.0,197.5069271805919
964,198.0,196.4973045994857
965,196.0,196.02227830416382
966,190.0,194.53945287564974
967,196.0,190.44518436635846
968,199.0,193.81885282682188
969,197.0,196.48335703431556
970,195.0,195.6620567725409
971,195.0,195.0368073510578
972,182.0,195.07903647261614
973,181.0,190.41082867552817
974,180.0,184.30860589011453
975,184.0,181.4638339312274
976,182.0,182.5324589395381
977,181.0,181.6338976197908
978,182.0,181.33161584374034
979,180.0,182.152867802259
980,181.0,181.18744270039315
981,182.0,181.3183807515962
982,184.0,182.78520572656015
983,185.0,185.7663981562064
984,184.0,181.66190143245703
985,197.0,181.4384505701992
986,224.0,196.26913209395383
987,240.0,214.7814153351744
988,250.0,225.90157356693285
989,258.0,240.28496694012384
990,264.0,247.03944066712478
991,260.0,256.95945620029744
992,252.0,253.74040646229128
993,254.0,246.35750737472523
994,268.0,245.87103320773127
995,314.0,253.4483891281409
996,318.0,282.1972312149187
997,364.0,294.28500027087705
998,340.0,317.15253451355903
999,344.0,319.97086043978595
1000,362.0,314.8426728116202
1001,452.0,323.1975179406122
1002,454.0,357.48519778644305
1003,464.00000000000006,381.7418129135564
1004,470.00000000000006,372.96117458292093
1005,495.99999999999994,389.2199297945132
1006,491.99999999999994,400.7703251274671
1007,504.99999999999994,402.351942790316
1008,515.0,404.2979360648038
1009,525.0,416.0057758606911
1010,525.0,415.03318980112317
1011,489.99999999999994,415.26987575552505
1012,456.0,406.9616674202015
1013,426.0,387.4623916733109
1014,398.0,372.6623223380465
1015,372.0,363.68083906896146
1016,374.0,341.1125434972019
1017,348.0,339.0212540286649
1018,416.0,329.442694212159
1019,388.0,288.505443235546
1020,362.0,337.86980101212754
1021,338.0,330.48056212221144
1022,318.0,309.8624139049557
1023,295.99999999999994,298.10793731540014
1024,302.0,284.6794389342669
1025,293.99999999999994,288.6467061077192
1026,291.99999999999994,284.4328749640129
1027,298.0,281.4572494846207
1028,295.99999999999994,287.6107220246507
1029,295.99999999999994,287.77497724668007
1030,293.99999999999994,284.0504822378858
1031,280.0,281.2920281974714
1032,268.0,275.64453226404544
1033,268.0,267.42116859788655
1034,250.0,249.49264228124474
1035,234.0,250.7170935934127
1036,234.0,237.93992839200277
1037,264.0,231.49381057549434
1038,281.99999999999994,248.43769917019614
1039,278.0,256.55723498758215
1040,264.0,263.35227137380946
1041,258.0,261.8789254592855
1042,254.0,255.84053542667635
1043,256.0,251.7762390877333
1044,252.0,252.90157211858846
1045,238.0,249.94305806763438
1046,260.0,238.51913273470348
1047,244.0,248.03342506910087
1048,236.0,246.07767453690096
1049,250.0,236.46652209840877
1050,242.0,244.88540526904325
1051,238.0,239.5181769027456
1052,234.0,238.4351937515888
1053,230.0,232.559030204257
1054,224.0,229.117773412835
1055,244.0,225.00371264439755
1056,228.0,236.3222281969216
1057,214.0,231.60360387638323
1058,202.0,219.55695296709524
1059,244.0,210.84034060228834
1060,228.0,229.17031527954944
1061,214.0,228.9714145471538
