,y_actual,y_predict
0,62.658573150634766,64.49661602446024
1,62.658573150634766,64.3575843441941
2,69.62063598632812,64.18869401698109
3,63.65315246582031,66.35879563973897
4,62.658573150634766,66.55072870206425
5,62.658573150634766,65.22534431699106
6,61.66399383544922,64.71005922876802
7,65.64231872558594,64.35584716603299
8,60.669410705566406,65.23244377650073
9,59.67483139038086,64.69545472889703
10,59.67483139038086,63.23679216891362
11,60.669410705566406,62.63433232206027
12,60.669410705566406,62.649995639198885
13,59.67483139038086,62.647357569057526
14,61.66399383544922,62.44000166673578
15,60.669410705566406,62.88172587394234
16,60.669410705566406,62.99684981922673
17,60.669410705566406,62.97251855733794
18,58.68025207519531,62.847423783682544
19,56.69108963012695,62.09621267296742
20,57.6856689453125,61.02019949507955
21,55.696510314941406,60.33073717172757
22,56.69108963012695,59.557366271825046
23,56.69108963012695,59.009243491461504
24,55.696510314941406,58.427776940195635
25,58.68025207519531,57.99736592630276
26,55.696510314941406,58.56939285243698
27,53.70734786987305,58.731657496002434
28,56.69108963012695,58.08562462667823
29,62.658573150634766,58.15467745858241
30,56.69108963012695,60.35730810132821
31,58.68025207519531,59.37659565594825
32,56.69108963012695,59.12111202229935
33,56.69108963012695,59.301538073912795
34,57.6856689453125,59.30370236819203
35,55.696510314941406,59.56735504625144
36,55.696510314941406,59.37608598797536
37,55.696510314941406,59.31042496053864
38,53.70734786987305,58.98553316308898
39,53.70734786987305,58.07536666142109
40,53.70734786987305,57.13574350444693
41,54.701927185058594,56.314944769377206
42,51.71818542480469,56.63708723114213
43,49.7290267944336,55.786017089851725
44,49.7290267944336,54.33473753705304
45,49.7290267944336,53.42448848353039
46,49.7290267944336,52.83598348934316
47,49.7290267944336,52.6004379232252
48,49.7290267944336,52.64176768877313
49,49.7290267944336,52.72587726114396
50,49.7290267944336,52.749846012714
51,53.70734786987305,52.856025643995316
52,52.7127685546875,54.00609501402825
53,56.69108963012695,54.64067830001785
54,51.71818542480469,55.93374901776772
55,50.72360610961914,53.432452942909535
56,49.7290267944336,52.46437452051948
57,49.7290267944336,52.36210712931174
58,49.7290267944336,52.48274410280991
59,49.7290267944336,52.682774425324155
60,49.7290267944336,52.83234044010033
61,49.7290267944336,52.91141076011951
62,49.7290267944336,53.03975735901038
63,49.7290267944336,53.012719831969775
64,49.7290267944336,52.95980409306634
65,49.7290267944336,52.83791089569134
66,49.7290267944336,52.82897376011041
67,49.7290267944336,52.822032225888115
68,49.7290267944336,52.820761645166975
69,49.7290267944336,52.820435026959
70,49.7290267944336,52.820341707471
71,49.7290267944336,52.82016224691717
72,49.7290267944336,52.819218284404
73,49.7290267944336,52.81922187361508
74,49.7290267944336,52.81901728858371
75,49.7290267944336,52.81896703962864
76,49.7290267944336,52.81561112727194
77,49.7290267944336,52.81446616893849
78,49.7290267944336,52.81623206078821
79,49.7290267944336,52.81788668709456
80,49.7290267944336,52.817692869696415
81,49.7290267944336,52.81756724730873
82,49.7290267944336,52.81829226794622
83,49.7290267944336,52.81896703962864
84,49.7290267944336,52.81932954994738
85,49.7290267944336,52.819476707601524
86,49.7290267944336,52.819354674424915
87,49.7290267944336,52.81934390679169
88,49.7290267944336,52.81932954994738
89,49.7290267944336,52.81930801468092
90,49.7290267944336,52.81923264124831
91,49.7290267944336,52.819218284404
92,49.7290267944336,52.819218284404
93,49.7290267944336,52.819218284404
94,49.7290267944336,52.819218284404
95,49.7290267944336,52.819218284404
96,49.7290267944336,52.819218284404
97,49.7290267944336,52.819218284404
98,49.7290267944336,52.819218284404
99,49.7290267944336,52.819218284404
100,49.7290267944336,52.819218284404
101,49.7290267944336,52.819218284404
102,49.7290267944336,52.819218284404
103,49.7290267944336,52.81701091959185
104,49.7290267944336,52.81646177029712
105,49.7290267944336,52.815625484116254
106,49.7290267944336,52.816041832601144
107,49.7290267944336,52.79761482293349
108,49.7290267944336,52.79368104759345
109,49.7290267944336,52.80480401272007
110,49.7290267944336,52.8134324761484
111,49.7290267944336,52.818270732679764
112,49.7290267944336,52.82043861617007
113,49.7290267944336,52.82102724678665
114,49.7290267944336,52.821030835997725
115,49.7290267944336,52.82056782776883
116,49.7290267944336,52.82018378218363
117,49.7290267944336,52.81913932176032
118,49.7290267944336,52.81918957071539
119,49.7290267944336,52.819207516770774
120,49.7290267944336,52.81921110598185
121,49.7290267944336,52.81922905203724
122,49.7290267944336,52.81822048372469
123,49.7290267944336,52.817969238949324
124,49.7290267944336,52.818496852977596
125,49.7290267944336,52.818913201462486
126,49.7290267944336,52.81914650018247
127,49.7290267944336,52.81926135493693
128,49.7290267944336,52.81930083625877
129,49.7290267944336,52.81929724704769
130,49.7290267944336,52.81928289020338
131,49.7290267944336,52.81926853335908
132,49.7290267944336,52.819218284404
133,49.7290267944336,52.819218284404
134,49.7290267944336,52.819218284404
135,49.7290267944336,52.819218284404
136,49.7290267944336,52.819218284404
137,49.7290267944336,52.819218284404
138,49.7290267944336,52.81919674913755
139,49.7290267944336,52.81918957071539
140,49.7290267944336,52.8192039275597
141,49.7290267944336,52.81921110598185
142,49.7290267944336,52.819218284404
143,49.7290267944336,52.81922187361508
144,49.7290267944336,52.81922187361508
145,49.7290267944336,52.81922187361508
146,49.7290267944336,52.819218284404
147,49.7290267944336,52.81922187361508
148,49.7290267944336,52.8117563145756
149,49.7290267944336,52.80987556797142
150,49.7290267944336,52.813809343311455
151,49.7290267944336,52.81695349221462
152,49.7290267944336,52.81868349195358
153,49.7290267944336,52.819491064445835
154,49.7290267944336,52.81193577512943
155,49.7290267944336,52.809854032704955
156,49.7290267944336,52.81388830595514
157,49.7290267944336,52.817140131190605
158,49.7290267944336,52.81867631353143
159,49.7290267944336,52.81958079472275
160,49.7290267944336,52.81988587766427
161,49.7290267944336,52.8198966452975
162,49.7290267944336,52.819799736598426
163,49.7290267944336,52.81964181131105
164,49.7290267944336,52.8192039275597
165,49.7290267944336,52.8192039275597
166,49.7290267944336,52.81897421805079
167,49.7290267944336,52.81892037988464
168,49.7290267944336,52.818938325940024
169,49.7290267944336,52.81899216410617
170,49.7290267944336,52.823180773432654
171,49.7290267944336,52.766180512323956
172,49.7290267944336,52.780490696886666
173,49.7290267944336,52.802747394773135
174,49.7290267944336,52.806516066403645
175,49.7290267944336,52.805123452505896
176,49.7290267944336,52.80786560976848
177,49.7290267944336,52.814843036101536
178,49.7290267944336,52.82130720525063
179,49.7290267944336,52.78757579955202
180,49.7290267944336,52.77474795916398
181,49.7290267944336,52.77137768996299
182,50.72360610961914,52.572302097595134
183,50.72360610961914,52.73782574481822
184,49.7290267944336,52.927587334442094
185,50.72360610961914,52.87709790222649
186,49.7290267944336,53.132861494339366
187,50.72360610961914,53.12186415160043
188,49.7290267944336,53.26726668152766
189,49.7290267944336,53.229845566842236
190,49.7290267944336,53.05782185835929
191,49.7290267944336,52.93160725084797
192,49.7290267944336,52.855806702119644
193,49.7290267944336,52.94821811971083
194,50.72360610961914,52.99888342326919
195,50.72360610961914,53.178832109809434
196,50.72360610961914,53.24443212065785
197,49.7290267944336,53.28877682351018
198,49.7290267944336,53.067365570612175
199,50.72360610961914,53.015314831578216
200,51.71818542480469,53.16162184269677
201,52.7127685546875,53.37870091782523
202,52.7127685546875,53.870013665267145
203,49.7290267944336,54.497633881767996
204,50.72360610961914,54.238439003865814
205,50.72360610961914,53.77817293223715
206,50.72360610961914,53.70436798486745
207,50.72360610961914,53.82070508349577
208,49.7290267944336,53.817743984357506
209,51.71818542480469,53.683744378020876
210,52.7127685546875,54.15462015759219
211,52.7127685546875,54.83587395521182
212,50.72360610961914,55.210706035582355
213,52.7127685546875,54.85978886861571
214,51.71818542480469,54.91337220077941
215,51.71818542480469,54.81082126189661
216,50.72360610961914,54.88904093889062
217,56.69108963012695,54.42899739834871
218,57.6856689453125,54.706956671759755
219,55.696510314941406,56.155791971815226
220,55.696510314941406,57.1992868973484
221,75.58811950683594,57.76338884542531
222,71.60979461669922,63.543278491962084
223,72.60437774658203,67.11479475803038
224,67.63147735595703,70.31437902627809
225,64.64773559570312,71.27420585240287
226,65.64231872558594,69.4596299436341
227,61.66399383544922,68.75113044473142
228,63.65315246582031,67.55551757534654
229,59.67483139038086,66.01794262063133
230,54.701927185058594,64.80534560443162
231,58.68025207519531,61.63680083357501
232,62.658573150634766,60.18506186175851
233,64.64773559570312,61.09176836394848
234,63.65315246582031,63.34413470458378
235,61.66399383544922,64.84594676013099
236,66.63689422607422,64.94202994065361
237,68.62605285644531,66.38276439130902
238,67.63147735595703,67.52746789078232
239,62.658573150634766,67.4013753164476
240,64.64773559570312,66.42108280876361
241,64.64773559570312,66.06845717732448
242,63.65315246582031,66.23301173755685
243,61.66399383544922,66.21678850349028
244,59.67483139038086,65.33569820075454
245,58.68025207519531,63.671610734008645
246,61.66399383544922,62.5616938682905
247,58.68025207519531,62.87813307365459
248,60.669410705566406,62.83434828773021
249,60.669410705566406,62.401851942201795
250,58.68025207519531,62.409561567594494
251,59.67483139038086,62.301863700027745
252,60.669410705566406,62.25141733834506
253,62.658573150634766,62.6621199942159
254,62.658573150634766,63.861411804954365
255,63.65315246582031,64.59309760741237
256,62.658573150634766,65.33602481896253
257,62.658573150634766,65.2530673833473
258,62.658573150634766,65.28255634155327
259,61.66399383544922,64.98126360693276
260,61.66399383544922,64.47295594504278
261,62.658573150634766,64.2894575287477
262,64.64773559570312,64.46540424493746
263,66.63689422607422,65.4080315715828
264,88.51766967773438,66.80133459785993
265,73.59896087646484,74.4078491347499
266,68.62605285644531,70.59590238628829
267,70.61521911621094,69.85484874292015
268,69.62063598632812,70.45624618329481
269,69.62063598632812,70.91274717250403
270,65.64231872558594,70.79615523988929
271,65.64231872558594,69.67036329357899
272,65.64231872558594,68.77947444460393
273,66.63689422607422,68.33182086069871
274,66.63689422607422,68.39560473074232
275,69.62063598632812,68.36859232817926
276,69.62063598632812,69.66907835601353
277,66.63689422607422,70.89949221599787
278,65.64231872558594,70.37695333218886
279,64.64773559570312,68.95505147205279
280,61.66399383544922,68.20022602578345
281,66.63689422607422,66.32988813372742
282,64.64773559570312,66.92402818930503
283,64.64773559570312,67.35065258551202
284,65.64231872558594,67.3306822150814
285,64.64773559570312,67.93472131480847
286,65.64231872558594,67.72253074516644
287,64.64773559570312,68.07774419779187
288,66.63689422607422,67.82637380003685
289,68.62605285644531,67.95306577262136
290,68.62605285644531,69.08419846501374
291,67.63147735595703,69.83938283239075
292,67.63147735595703,70.03312844630975
293,65.64231872558594,69.86896152087364
294,66.63689422607422,69.16865619085902
295,66.63689422607422,68.87330001135933
296,67.63147735595703,68.80977456451323
297,68.62605285644531,69.18925467322806
298,67.63147735595703,69.64388568346635
299,91.50141143798828,69.89467103981588
300,75.58811950683594,77.1164723982412
301,72.60437774658203,76.99694449096573
302,73.59896087646484,77.04016577075106
303,73.59896087646484,75.95556719996779
304,72.60437774658203,75.26959717899342
305,72.60437774658203,74.5759067649931
306,73.59896087646484,74.20980005674997
307,72.60437774658203,74.65450689836123
308,72.60437774658203,74.87919151176118
309,73.59896087646484,74.88470812918604
310,73.59896087646484,75.08127486301129
311,72.60437774658203,75.20754689789983
312,74.59353637695312,74.6027002256805
313,76.58270263671875,75.58921283616036
314,77.57727813720703,76.24178883727734
315,77.57727813720703,77.30957554337746
316,78.57186126708984,78.34542903852841
317,75.58811950683594,78.50376708517598
318,77.57727813720703,77.04058211923596
319,77.57727813720703,77.29186278671406
320,77.57727813720703,77.61063139006693
321,91.50141143798828,78.11695062902042
322,84.53934478759766,80.81047408151215
323,84.53934478759766,80.71009820454182
324,82.55018615722656,81.51472036528898
325,80.56101989746094,82.0163036402268
326,75.58811950683594,81.36971623779125
327,76.58270263671875,77.35966657316357
328,74.59353637695312,75.64538040029927
329,75.58811950683594,75.51956419521747
330,75.58811950683594,75.92730575195004
331,75.58811950683594,76.36797114188897
332,78.57186126708984,76.6076299439008
333,79.56644439697266,78.33314675822402
334,80.56101989746094,79.39659231352691
335,83.54476165771484,80.46172659264137
336,78.57186126708984,82.03482935319906
337,75.58811950683594,80.8516638678281
338,75.58811950683594,78.67195033780688
339,76.58270263671875,77.830969468853
340,79.56644439697266,77.45269892427102
341,76.58270263671875,78.54125280566079
342,78.57186126708984,78.7396249126576
343,77.57727813720703,79.11768369378608
344,77.57727813720703,79.23403873846978
345,79.56644439697266,79.2124370716048
346,78.57186126708984,79.7808729920568
347,80.56101989746094,80.18572164466157
348,79.56644439697266,80.78158093234492
349,78.57186126708984,80.67394767057755
350,80.56101989746094,80.05090728741054
351,80.56101989746094,80.67582482797064
352,79.56644439697266,81.42435659261703
353,79.56644439697266,81.46903329749395
354,79.56644439697266,81.67283229163871
355,79.56644439697266,81.38553209640062
356,80.56101989746094,81.19657269545237
357,80.56101989746094,81.54073676177826
358,80.56101989746094,81.69410734029572
359,104.4309539794922,81.67977562046654
360,88.51766967773438,88.25784838307891
361,79.56644439697266,78.29074381856417
362,80.56101989746094,80.82265227469532
363,79.56644439697266,80.51621978981301
364,79.56644439697266,80.07829296792558
365,79.56644439697266,80.08607976135642
366,81.55560302734375,80.69525681673977
367,80.56101989746094,81.72966744903789
368,82.55018615722656,81.75067151225859
369,81.55560302734375,82.48273059266857
370,81.55560302734375,82.79734288959463
371,80.56101989746094,82.76641645235244
372,81.55560302734375,82.33459128929537
373,82.55018615722656,82.31741511968794
374,80.56101989746094,82.87621041918798
375,80.56101989746094,82.80936854130704
376,80.56101989746094,82.34612521909027
377,81.55560302734375,81.78051759696669
378,81.55560302734375,81.94356648315241
379,81.55560302734375,81.82565910467805
380,82.55018615722656,82.21564124500324
381,81.55560302734375,82.9761645638568
382,81.55560302734375,82.97660783142477
383,81.55560302734375,82.86100113725057
384,81.55560302734375,82.6242011418613
385,81.55560302734375,82.56602361951946
386,81.55560302734375,82.72555148963896
387,82.55018615722656,82.892711817113
388,84.53934478759766,83.18664846363187
389,85.53392791748047,84.2679306033803
390,82.55018615722656,85.70063598885719
391,80.56101989746094,83.06181929159615
392,79.56644439697266,80.58921895929599
393,79.56644439697266,79.99036806418023
394,79.56644439697266,80.20345234738036
395,78.57186126708984,80.44941021483174
396,78.57186126708984,80.27691631969776
397,75.58811950683594,80.12202212107826
398,77.57727813720703,79.00218826515525
399,77.57727813720703,78.5716282990027
400,77.57727813720703,78.6706079728642
401,77.57727813720703,78.59656972677452
402,79.56644439697266,78.79559148097623
403,79.56644439697266,79.53388861023747
404,80.56101989746094,80.66148592971933
405,80.56101989746094,81.46180103717445
406,80.56101989746094,81.72054726369205
407,79.56644439697266,81.86915854832183
408,84.53934478759766,82.19105335452247
409,94.4851531982422,83.82793998512378
410,86.52850341796875,88.50225032752857
411,85.53392791748047,88.27910189646944
412,85.53392791748047,87.56960998070407
413,85.53392791748047,86.60079935925437
414,85.53392791748047,86.6040870766006
415,85.53392791748047,86.65306724555847
416,85.53392791748047,87.13642271204338
417,85.53392791748047,87.46419485138209
418,85.53392791748047,87.79744053761272
419,85.53392791748047,87.0741804081572
420,85.53392791748047,86.89272245835923
421,85.53392791748047,86.73547912109004
422,86.52850341796875,86.66781351926699
423,86.52850341796875,87.53570090905717
424,86.52850341796875,87.49049120633535
425,88.51766967773438,87.69159470296152
426,87.52308654785156,88.43263398948535
427,88.51766967773438,88.8756592857072
428,89.51224517822266,89.76731981506374
429,97.4688949584961,90.37267256604488
430,90.50682830810548,93.93612118291558
431,92.49598693847656,93.13836787486643
432,93.49057006835938,92.79821654652429
433,93.49057006835938,93.57062194864717
434,92.49598693847656,93.83178371421937
435,94.4851531982422,93.81602169377615
436,94.4851531982422,94.40157815106389
437,94.4851531982422,94.99841011494901
438,99.4580535888672,95.093726101604
439,100.45263671875,97.34478417480184
440,98.46347045898438,99.54208394179601
441,95.47972869873048,99.45542244034966
442,92.49598693847656,98.12175953992812
443,92.49598693847656,95.58979545102528
444,89.51224517822266,93.39309059576708
445,94.4851531982422,91.94753942384676
446,92.49598693847656,92.74782940682437
447,90.50682830810548,93.52731632240155
448,91.50141143798828,93.06029356092104
449,94.4851531982422,93.01375046628424
450,92.49598693847656,93.49424174232996
451,89.51224517822266,93.95282537126644
452,87.52308654785156,92.26877919902591
453,87.52308654785156,90.6680897621329
454,86.52850341796875,88.9146004312836
455,72.60437774658203,88.06882078712022
456,79.56644439697266,82.29799928236866
457,80.56101989746094,79.57969771120909
458,83.54476165771484,79.75646097291877
459,83.54476165771484,82.03028900118707
460,84.53934478759766,83.99949530156121
461,84.53934478759766,85.06871589748647
462,83.54476165771484,86.03491716248342
463,82.55018615722656,85.85627135956402
464,83.54476165771484,84.66490991069946
465,84.53934478759766,84.46025668431847
466,85.53392791748047,85.20761836615384
467,86.52850341796875,85.65331941923336
468,87.52308654785156,87.28978970134978
469,86.52850341796875,87.98304223159872
470,87.52308654785156,87.76807899639996
471,87.52308654785156,88.29333311838846
472,87.52308654785156,87.9886719091725
473,87.52308654785156,87.99832688696875
474,87.52308654785156,88.17033982781845
475,87.52308654785156,88.19003203439064
476,87.52308654785156,88.36493249555154
477,91.50141143798828,88.42660052566546
478,88.51766967773438,89.99926001865518
479,86.52850341796875,89.95066927909913
480,86.52850341796875,88.45286996153565
481,87.52308654785156,87.51691318367631
482,86.52850341796875,87.7194828730273
483,87.52308654785156,87.5399577133941
484,87.52308654785156,88.01602528678784
485,86.52850341796875,88.08415748605084
486,86.52850341796875,87.65381646177397
487,86.52850341796875,87.52897293289394
488,86.52850341796875,87.46536672879861
489,86.52850341796875,87.29280643325971
490,85.53392791748047,87.21477518984723
491,87.52308654785156,86.94566691095127
492,84.53934478759766,87.4848202528342
493,84.53934478759766,87.05901419675271
494,86.52850341796875,85.51038806113242
495,87.52308654785156,85.92359957554585
496,86.52850341796875,86.97522047495663
497,109.4038543701172,87.48801285608691
498,101.44721221923828,97.28628721267418
499,92.49598693847656,85.81973498540899
500,87.52308654785156,78.40227496356081
501,87.52308654785156,89.48824250240231
502,89.51224517822266,89.61462939204532
503,88.51766967773438,89.45905144871571
504,89.51224517822266,88.98414498510527
505,86.52850341796875,89.29952537320175
506,87.52308654785156,88.37105927885943
507,87.52308654785156,88.19011099703434
508,87.52308654785156,88.54114301875543
509,87.52308654785156,88.72608070869225
510,87.52308654785156,88.77727183167335
511,88.51766967773438,88.75488053837151
512,88.51766967773438,88.99607911193523
513,87.52308654785156,89.11481918737937
514,88.51766967773438,88.92586517024775
515,87.52308654785156,89.20730777300871
516,88.51766967773438,89.07334405878284
517,87.52308654785156,89.04322160482184
518,87.52308654785156,89.01834837206047
519,89.51224517822266,88.86498497196516
520,88.51766967773438,89.44706527832514
521,87.52308654785156,89.70363644293028
522,86.52850341796875,89.19700314800757
523,85.53392791748047,88.56457518326951
524,87.52308654785156,87.43144330030742
525,89.51224517822266,87.64317265632609
526,88.51766967773438,89.20240132146688
527,88.51766967773438,89.51922816162725
528,89.51224517822266,89.82246265944026
529,88.51766967773438,89.94712313855538
530,90.50682830810548,89.9357919991863
531,90.50682830810548,90.90257292177215
532,89.51224517822266,91.2480183364524
533,89.51224517822266,91.16581284055775
534,89.51224517822266,90.80603211683726
535,89.51224517822266,90.6531299303653
536,91.50141143798828,90.53057093433557
537,93.49057006835938,91.87913982835855
538,95.47972869873048,92.8081927587119
539,96.47431182861328,94.67682308359821
540,97.4688949584961,96.3315247633786
541,100.45263671875,97.09556371448176
542,96.47431182861328,99.61555957904942
543,97.4688949584961,98.72078361447832
544,98.46347045898438,98.2211474865496
545,94.4851531982422,98.60002371050078
546,94.4851531982422,97.32426016856265
547,96.47431182861328,95.77719982627455
548,94.4851531982422,96.70717428657184
549,95.47972869873048,96.16740898420034
550,96.47431182861328,96.42712609231417
551,94.4851531982422,96.58164162916509
552,98.46347045898438,96.10969716199568
553,100.45263671875,97.38228335482819
554,97.4688949584961,99.19266257854558
555,97.4688949584961,99.00940105018155
556,97.4688949584961,98.50109787480542
557,96.47431182861328,97.98131729970885
558,97.4688949584961,97.48594605184199
559,101.44721221923828,97.8882795647848
560,101.44721221923828,100.05862435659311
561,99.4580535888672,101.36325053940433
562,99.4580535888672,100.85930017976145
563,98.46347045898438,100.19617728189566
564,98.46347045898438,99.80333454034236
565,100.45263671875,99.30421256690036
566,102.4417953491211,100.21092714481526
567,104.4309539794922,102.38318139691637
568,104.4309539794922,104.17122406280083
569,103.4363784790039,104.81365426150681
570,103.4363784790039,104.70503755590443
571,100.45263671875,104.48050638127802
572,100.45263671875,102.9307052276815
573,104.4309539794922,102.03789749673457
574,105.425537109375,102.85467496944426
575,107.4146957397461,104.22877167859872
576,111.3930206298828,105.87803817118055
577,108.4092788696289,109.74523129032568
578,109.4038543701172,109.49656984963077
579,114.37676239013672,109.18308776162391
580,117.36050415039062,112.92450813879009
581,116.3659210205078,117.51381833582565
582,110.3984375,116.8770187119962
583,112.3875961303711,113.45046125963577
584,116.3659210205078,113.01363587689751
585,113.3821792602539,114.81283964327626
586,112.3875961303711,114.3286299445551
587,115.371337890625,113.37881297947179
588,118.3550796508789,114.07095150833281
589,130.29005432128906,116.47224543282402
590,125.31714630126952,126.80576358312896
591,125.31714630126952,126.57556594151525
592,124.32256317138672,125.76099987148018
593,126.31172943115234,125.0601489813819
594,123.32798767089844,125.48650059754705
595,123.32798767089844,124.23471657481218
596,124.32256317138672,123.85917652255677
597,124.32256317138672,123.95884801685331
598,124.32256317138672,124.5769442617622
599,122.33340454101562,124.42377826827611
600,123.32798767089844,123.37717777785883
601,125.31714630126952,123.87193616793436
602,126.31172943115234,124.86207836811552
603,125.31714630126952,126.56887206285725
604,127.30630493164062,125.85835542732949
605,125.31714630126952,126.4411679327491
606,125.31714630126952,125.87970764402462
607,121.3388214111328,125.37554193171714
608,116.3659210205078,123.23979444277967
609,112.3875961303711,119.62783943281323
610,117.36050415039062,116.36410609229485
611,114.37676239013672,116.04710876460834
612,116.3659210205078,115.3177344140837
613,115.371337890625,115.5681509789951
614,112.3875961303711,116.16009757795348
615,111.3930206298828,114.01433708741486
616,112.3875961303711,112.93649520648343
617,111.3930206298828,112.46620693590022
618,113.3821792602539,111.42800003991144
619,113.3821792602539,112.88524127230849
620,118.3550796508789,113.18001734556792
621,115.371337890625,116.17205413735266
622,116.3659210205078,116.46595892962323
623,114.37676239013672,116.70020789323974
624,117.36050415039062,115.753144750355
625,117.36050415039062,116.40972451642801
626,118.3550796508789,116.80240619213424
627,113.3821792602539,116.88688635054875
628,114.37676239013672,115.12668968149993
629,114.37676239013672,114.50413518778241
630,112.3875961303711,114.20962337018851
631,111.3930206298828,113.28086071728097
632,112.3875961303711,112.46225050366526
633,119.34966278076172,113.20162080703842
634,117.36050415039062,118.73712107136431
635,124.32256317138672,118.48546622863145
636,124.32256317138672,121.67446860532236
637,118.3550796508789,123.1259706892078
638,121.3388214111328,120.80333297950779
639,119.34966278076172,121.37611812648196
640,124.32256317138672,120.74133384467206
641,121.3388214111328,123.05626462088767
642,123.32798767089844,122.56044920815006
643,120.34424591064452,123.28079579551408
644,121.3388214111328,121.88131304506568
645,121.3388214111328,122.05046717929282
646,120.34424591064452,121.90855156792658
647,120.34424591064452,121.46507672301738
648,124.32256317138672,121.1098354540061
649,122.33340454101562,122.62290507009531
650,121.3388214111328,122.69465250221529
651,121.3388214111328,122.20736505499588
652,123.32798767089844,121.59053131508321
653,121.3388214111328,122.11843786405737
654,123.32798767089844,121.97257412050679
655,121.3388214111328,121.9892065246361
656,124.32256317138672,121.86526029852524
657,125.31714630126952,123.31837932200072
658,124.32256317138672,124.19646814697359
659,126.31172943115234,124.72434957147021
660,126.31172943115234,125.8417535314943
661,127.30630493164062,125.86478370436781
662,128.30088806152344,127.29751959813885
663,129.29547119140625,127.64246072866283
664,131.28463745117188,129.24165525914242
665,129.29547119140625,130.56906395926285
666,129.29547119140625,130.5196584687924
667,130.29005432128906,130.2795240963129
668,129.29547119140625,130.46927491830354
669,129.29547119140625,129.78590886996528
670,129.29547119140625,131.3811803927381
671,129.29547119140625,130.37620129126873
672,129.29547119140625,130.77508108585297
673,131.28463745117188,130.2739159540056
674,129.29547119140625,130.84644536969054
675,131.28463745117188,129.92635649400117
676,129.29547119140625,130.34515820466655
677,128.30088806152344,129.4462043984022
678,128.30088806152344,128.7531851668732
679,126.31172943115234,128.65531635383996
680,127.30630493164062,127.59027001039686
681,128.30088806152344,127.65364112116666
682,128.30088806152344,127.97318319950654
683,129.29547119140625,127.98310736813355
684,133.27378845214844,128.99829777511607
685,131.28463745117188,131.30079103764822
686,135.26295471191406,131.83718607081872
687,133.27378845214844,136.01881617636138
688,133.27378845214844,133.95068224568635
689,131.28463745117188,132.83257659489675
690,130.29005432128906,131.87828612685774
691,133.27378845214844,130.9423849817701
692,132.27920532226562,131.704539597058
693,132.27920532226562,131.47012642703473
694,139.24127197265625,132.9035012003774
695,137.25210571289062,136.67201490560018
696,147.1979217529297,136.76172364725062
697,144.21417236328125,143.82035588091918
698,142.2250213623047,145.16782468174713
699,136.25753784179688,143.23425924736438
700,139.24127197265625,138.9338101037339
701,137.25210571289062,139.2100537342503
702,137.25210571289062,137.0921159106753
703,137.25210571289062,137.0327377972283
704,134.26837158203125,136.53745358773003
705,135.26295471191406,134.60387200189743
706,139.24127197265625,135.05255030556503
707,136.25753784179688,137.22527384701445
708,136.25753784179688,137.24261691493695
709,135.26295471191406,136.21432050370794
710,132.27920532226562,135.21562970004493
711,132.27920532226562,133.79472564058815
712,134.26837158203125,132.9274753357641
713,131.28463745117188,133.33125799267907
714,133.27378845214844,131.62820963969585
715,131.28463745117188,132.2316565195953
716,128.30088806152344,131.55877635141758
717,127.30630493164062,129.56229384146621
718,126.31172943115234,127.5868548760574
719,126.31172943115234,127.01956032472779
720,127.30630493164062,126.9599901884882
721,127.30630493164062,128.13697864159622
722,127.30630493164062,127.53875226920779
723,129.29547119140625,127.29514354040609
724,132.27920532226562,128.65395963205296
725,134.26837158203125,131.65326771682768
726,134.26837158203125,133.3605244197983
727,134.26837158203125,134.20836786033078
728,133.27378845214844,134.17984081069335
729,130.29005432128906,133.65266825538438
730,132.27920532226562,131.13808671572588
731,134.26837158203125,131.23217250028432
732,135.26295471191406,134.4319703265911
733,135.26295471191406,135.64277273725247
734,135.26295471191406,135.61555036584141
735,134.26837158203125,135.21989009359294
736,136.25753784179688,134.71712058439425
737,136.25753784179688,137.30866557716993
738,140.23585510253906,136.86099404720932
739,135.26295471191406,138.6826424964047
740,139.24127197265625,137.39681839581866
741,142.2250213623047,138.75941751594036
742,142.2250213623047,140.72993387835749
743,141.23043823242188,142.04713845138693
744,143.21958923339844,141.70839588839237
745,157.1437225341797,142.37174670116153
746,160.12747192382812,155.19118833528324
747,184.99197387695312,159.16322107618677
748,184.99197387695312,177.12016253676387
749,179.0244903564453,182.06438693595135
750,176.04075622558594,179.798209311093
751,154.1599884033203,175.8214136870907
752,144.21417236328125,160.466933804779
753,140.23585510253906,148.1557316375368
754,152.1708221435547,142.81105895852457
755,153.1654052734375,147.1895016588512
756,145.20875549316406,148.86283134411957
757,154.1599884033203,147.48360161447408
758,149.18707275390625,151.05452566071472
759,152.1708221435547,151.04624893997192
760,149.18707275390625,151.44699153510498
761,147.1979217529297,148.55285989711564
762,150.18165588378906,146.17049233128313
763,153.1654052734375,148.33393596749377
764,151.17623901367188,150.97077859866263
765,154.1599884033203,151.9148810910605
766,151.17623901367188,153.04743152182817
767,148.1925048828125,150.28397588071846
768,157.1437225341797,148.5510832376327
769,153.1654052734375,152.4978335757121
770,153.1654052734375,152.77810789026762
771,145.20875549316406,151.87359080683441
772,148.1925048828125,148.18159190334424
773,147.1979217529297,147.95596332743114
774,142.2250213623047,146.60776950596568
775,143.21958923339844,143.35521566064838
776,141.23043823242188,142.8183019864773
777,148.1925048828125,141.37266108428008
778,145.20875549316406,144.36621386909331
779,133.27378845214844,143.8724389228528
780,136.25753784179688,136.74953648103977
781,136.25753784179688,135.68216253421346
782,142.2250213623047,133.94502385442397
783,142.2250213623047,138.95170232095114
784,123.32798767089844,141.07029876475872
785,120.34424591064452,128.37054296319985
786,124.32256317138672,123.02467059038523
787,124.32256317138672,122.83059476904718
788,130.29005432128906,122.6708336002077
789,139.24127197265625,127.54167029781313
790,139.24127197265625,132.5958573567567
791,129.29547119140625,137.33156115462805
792,129.29547119140625,131.6804739367889
793,126.31172943115234,129.82906374934572
794,139.24127197265625,126.56490598461752
795,142.2250213623047,136.0548518555712
796,140.23585510253906,140.5498380341631
797,140.23585510253906,139.5232590604343
798,140.23585510253906,139.91837377259913
799,140.23585510253906,139.95363059300533
800,140.23585510253906,139.92937111533806
801,141.23043823242188,137.24364163469932
802,139.24127197265625,139.60181612326951
803,141.23043823242188,139.0269393635404
804,140.23585510253906,141.03002422726732
805,135.26295471191406,140.24204164907164
806,140.23585510253906,137.76249978254918
807,139.24127197265625,139.30778436265712
808,134.26837158203125,139.47742483498513
809,130.29005432128906,135.36278735418864
810,141.23043823242188,133.24015125331428
811,130.29005432128906,138.52257445001817
812,139.24127197265625,134.50553300221313
813,136.25753784179688,137.72989000531206
814,139.24127197265625,135.77946066268552
815,139.24127197265625,138.03895517651912
816,126.31172943115234,138.71510152677664
817,127.30630493164062,132.36076941505104
818,139.24127197265625,131.00523386232823
819,137.25210571289062,135.84524192869333
820,126.31172943115234,136.7437058076457
821,134.26837158203125,131.895641757019
822,135.26295471191406,134.07343146990314
823,135.26295471191406,134.45187609122235
824,135.26295471191406,134.88387712562218
825,135.26295471191406,134.99194109271875
826,135.26295471191406,135.01693276944565
827,135.26295471191406,135.01650206411645
828,130.29005432128906,135.0132933094139
829,130.29005432128906,131.64650743776477
830,129.29547119140625,130.4385979312312
831,138.24668884277344,129.36454266798566
832,122.33340454101562,135.36329702216153
833,131.28463745117188,127.15032066806774
834,137.25210571289062,129.93392434555636
835,137.25210571289062,134.95609743630152
836,137.25210571289062,136.60393295529224
837,130.29005432128906,137.04302985999067
838,134.26837158203125,132.22041152129208
839,136.25753784179688,133.40644658091884
840,137.25210571289062,135.45480754777248
841,139.24127197265625,136.61255962411502
842,139.24127197265625,137.88952555176385
843,139.24127197265625,137.89605073750124
844,137.25210571289062,138.6615110161908
845,126.31172943115234,136.44714544782977
846,126.31172943115234,131.5495233652619
847,133.27378845214844,127.8344512183653
848,132.27920532226562,131.18462801575714
849,128.30088806152344,131.75839032544692
850,128.30088806152344,129.8806801938394
851,128.30088806152344,129.7197848342997
852,132.27920532226562,128.62498213642542
853,126.31172943115234,130.38043297112813
854,132.27920532226562,127.68920302451437
855,132.27920532226562,130.67175308277209
856,132.27920532226562,131.73402676065842
857,134.26837158203125,131.1243113236136
858,128.30088806152344,133.19614034709207
859,134.26837158203125,130.8478254213495
860,134.26837158203125,132.9937680643503
861,134.26837158203125,132.84658169651794
862,133.27378845214844,133.54281686117162
863,132.27920532226562,133.19909965162478
864,132.27920532226562,133.43724201195673
865,133.27378845214844,132.48116950061814
866,133.27378845214844,132.86311360273712
867,132.27920532226562,132.98488476693552
868,129.29547119140625,132.08117525599457
869,129.29547119140625,130.82795913804011
870,126.31172943115234,129.57770232461837
871,129.29547119140625,129.07569552277351
872,136.25753784179688,129.74217074378492
873,136.25753784179688,134.295562359622
874,138.24668884277344,135.70186730302441
875,137.25210571289062,137.49122900397953
876,133.27378845214844,135.46031698677518
877,134.26837158203125,136.601605351909
878,139.24127197265625,134.84958221378454
879,139.24127197265625,137.78145620085067
880,144.21417236328125,138.3508127539438
881,137.25210571289062,139.96177810214937
882,139.24127197265625,139.32743170409083
883,132.27920532226562,137.41643702356376
884,137.25210571289062,134.3123096185058
885,135.26295471191406,134.9301546186393
886,137.25210571289062,134.0548555079758
887,131.28463745117188,135.21760556074264
888,130.29005432128906,132.64472267096014
889,128.30088806152344,132.12208149463544
890,133.27378845214844,129.4833347869904
891,131.28463745117188,131.75622603116767
892,131.28463745117188,131.72718034052969
893,130.29005432128906,131.29546644301598
894,129.29547119140625,129.65095991729888
895,124.32256317138672,129.1726185786881
896,126.31172943115234,126.77301382665982
897,126.31172943115234,125.78617818718305
898,126.31172943115234,125.91304244189925
899,126.31172943115234,125.68993708137306
900,126.31172943115234,125.95578276740032
901,127.30630493164062,126.31432880251043
902,127.30630493164062,126.94098352123166
903,125.31714630126952,127.15359223396412
904,125.31714630126952,126.77503275789046
905,128.30088806152344,125.73550211599147
906,130.29005432128906,128.13785620370444
907,129.29547119140625,129.570967170033
908,130.29005432128906,129.5395382432401
909,128.30088806152344,129.37204052992482
910,129.29547119140625,128.57297267331884
911,131.28463745117188,129.35832435979532
912,128.30088806152344,130.70335788090776
913,130.29005432128906,128.7908054827734
914,130.29005432128906,129.40073806708838
915,127.30630493164062,129.87024276802842
916,130.29005432128906,128.20734153554338
917,130.29005432128906,129.48284665428397
918,130.29005432128906,129.94731569208344
919,130.29005432128906,130.10354507722346
920,130.29005432128906,130.14305690736106
921,129.29547119140625,129.9094441314079
922,129.29547119140625,129.3541303666522
923,129.29547119140625,129.1629959037915
924,124.32256317138672,129.11341992579491
925,125.31714630126952,125.70388116640595
926,129.29547119140625,125.19411090100223
927,129.29547119140625,127.19102411628278
928,129.29547119140625,128.54974329923058
929,131.28463745117188,128.41767648305876
930,131.28463745117188,129.9131158943393
931,131.28463745117188,130.3369496789342
932,131.28463745117188,130.74420489756588
933,131.28463745117188,131.0176417650203
934,131.28463745117188,131.0993860472916
935,131.28463745117188,131.12045292170615
936,131.28463745117188,131.11665733099258
937,124.32256317138672,131.1089207865168
938,124.32256317138672,126.73686149809001
939,128.30088806152344,124.82703510576839
940,127.30630493164062,126.90662759280572
941,127.30630493164062,126.77429876422528
942,124.32256317138672,127.03443401542954
943,124.32256317138672,125.1058073354883
944,119.34966278076172,124.42057489739018
945,126.31172943115234,123.42576762011211
946,126.31172943115234,125.30996704534626
947,126.31172943115234,126.00592404614149
948,126.31172943115234,126.22559991548393
949,126.31172943115234,126.27261678598285
950,124.32256317138672,126.26704274118077
951,124.32256317138672,124.90280155699148
952,128.30088806152344,124.3997036349793
953,126.31172943115234,126.93560867764434
954,126.31172943115234,126.5242420177243
955,126.31172943115234,126.34535932687385
956,126.31172943115234,126.26533966052489
957,126.31172943115234,126.23000746668609
958,126.31172943115234,126.21598262440396
959,126.31172943115234,126.21144047778644
960,126.31172943115234,126.2105449696228
961,126.31172943115234,126.20983610043515
962,126.31172943115234,126.20996531203392
963,126.31172943115234,126.21209550880792
964,128.30088806152344,126.21209550880792
965,126.31172943115234,126.05237920510692
966,126.31172943115234,126.08157923182121
967,126.31172943115234,126.11687732815479
968,126.31172943115234,126.15532675181367
969,126.31172943115234,126.1841911872923
970,126.31172943115234,126.20133146478898
971,126.31172943115234,126.20974098634163
972,126.31172943115234,126.21304485513771
973,126.31172943115234,126.21387575750197
974,126.31172943115234,125.15772886292349
975,126.31172943115234,125.77592740034807
976,126.31172943115234,126.03959802446286
977,126.31172943115234,126.15416384742483
978,126.31172943115234,126.20060285494041
979,126.31172943115234,126.21628411813441
980,126.31172943115234,126.21933494754958
981,121.3388214111328,126.21813974026105
982,121.3388214111328,122.5861030943206
983,121.3388214111328,121.51719206785071
984,119.34966278076172,121.18653868932022
985,119.34966278076172,119.82284755172843
986,119.34966278076172,119.35881280846925
987,119.34966278076172,119.24907537170819
988,119.34966278076172,119.26295036442785
989,118.3550796508789,118.58942683016463
990,117.36050415039062,118.5600554186214
991,111.3930206298828,117.96043912424355
992,119.34966278076172,113.75077997210036
993,119.34966278076172,117.07850356229926
994,117.36050415039062,118.65059147342502
995,116.3659210205078,117.98098466574922
996,120.34424591064452,117.33682626190982
997,120.34424591064452,118.64473208634236
998,121.3388214111328,119.78879042512462
999,117.36050415039062,119.89131085571327
1000,116.3659210205078,118.1177973162672
1001,120.34424591064452,116.96176447203037
1002,120.34424591064452,118.311862369972
1003,120.34424591064452,119.61788206398376
1004,117.36050415039062,119.66444759118978
1005,118.3550796508789,118.1841806724331
1006,113.3821792602539,118.23125048379539
1007,120.34424591064452,115.11058758330718
1008,118.3550796508789,118.31064114090317
1009,118.3550796508789,117.60978396968551
1010,117.36050415039062,116.81569883535673
1011,120.34424591064452,116.19978617673661
1012,120.34424591064452,118.73207105137942
1013,120.34424591064452,119.87587276156971
1014,116.3659210205078,120.31333388331994
1015,116.3659210205078,116.72645848575178
1016,116.3659210205078,116.28213344646879
1017,116.3659210205078,116.20762815428776
1018,109.4038543701172,116.26705831129536
1019,109.4038543701172,111.75738395934926
1020,109.4038543701172,110.00485541544006
1021,108.4092788696289,108.23291142678154
1022,99.4580535888672,108.03687331645017
1023,99.4580535888672,104.5811954169148
1024,98.46347045898438,101.38109340496926
1025,99.4580535888672,101.67311161816765
1026,99.4580535888672,100.32807630244966
1027,109.4038543701172,99.8519163068707
1028,109.4038543701172,105.36567111156286
1029,109.4038543701172,108.45830042285527
1030,115.371337890625,109.6999594493871
1031,115.371337890625,113.74517452170136
1032,115.371337890625,115.24130844532527
1033,105.425537109375,115.76695154806421
1034,102.4417953491211,111.66730081811838
1035,104.4309539794922,106.60275933386995
1036,106.42011260986328,105.79268695610288
1037,105.425537109375,105.67026435009407
1038,106.42011260986328,106.8051735655162
1039,106.42011260986328,106.63260945644052
1040,106.42011260986328,108.65652248400467
1041,105.425537109375,106.51434719472095
1042,105.425537109375,105.42440899948404
1043,105.425537109375,105.52653013034042
1044,105.425537109375,105.41064616961053
1045,104.4309539794922,105.42018023585865
1046,105.425537109375,105.20320031268618
1047,104.4309539794922,105.3754837903208
1048,105.425537109375,105.17297466890672
1049,104.4309539794922,105.35231341388962
1050,104.4309539794922,105.1550793111298
1051,104.4309539794922,105.10982115405845
1052,102.4417953491211,105.11397790913662
1053,103.4363784790039,104.91551831511981
1054,108.4092788696289,104.20853166868595
1055,105.425537109375,107.18808069783218
1056,105.425537109375,106.61729810631311
1057,105.425537109375,106.15928740519476
1058,106.42011260986328,105.94030245898458
1059,105.425537109375,106.24662637023182
1060,107.4146957397461,106.52734956049761
1061,106.42011260986328,107.31096956479242
1062,107.4146957397461,107.06909072356682
1063,105.425537109375,107.07634036912748
1064,105.425537109375,106.09476595227488
1065,104.4309539794922,105.77252276827411
1066,104.4309539794922,105.09194015312583
1067,105.425537109375,105.19278419781598
1068,103.4363784790039,105.57767863143998
1069,101.44721221923828,104.71381138238137
1070,100.45263671875,102.94717925787205
1071,105.425537109375,102.28289749347988
1072,107.4146957397461,104.48242391729573
1073,106.42011260986328,105.96231576349491
1074,103.4363784790039,106.58079672696608
1075,102.4417953491211,105.14145466588273
1076,105.425537109375,103.83431154880398
1077,105.425537109375,104.53765155678394
1078,105.425537109375,105.23714908998062
1079,103.4363784790039,105.61086313110077
1080,103.4363784790039,104.59276658477461
1081,105.425537109375,103.95261867566201
1082,103.4363784790039,104.79288843217131
1083,103.4363784790039,104.22314379563049
1084,103.4363784790039,103.93441688898942
1085,102.4417953491211,103.82635785705807
1086,102.4417953491211,103.3836304653556
1087,103.4363784790039,104.1329935810176
1088,101.44721221923828,103.30605819230954
1089,100.45263671875,102.63289402780536
1090,100.45263671875,101.63938290437736
1091,100.45263671875,101.42207232513445
1092,100.45263671875,101.03356804247008
1093,104.4309539794922,101.08392467387586
1094,99.4580535888672,103.04174016424679
1095,101.44721221923828,101.75751819775508
1096,107.4146957397461,102.16823790237854
1097,101.44721221923828,105.06530102851474
1098,101.44721221923828,103.39968949301542
1099,104.4309539794922,102.4598375238351
1100,104.4309539794922,103.51484618985087
1101,105.425537109375,104.51973107452947
1102,105.425537109375,105.46689022881051
1103,105.425537109375,106.03442234104827
1104,115.371337890625,106.13427284724725
1105,111.3930206298828,110.69566066454895
1106,114.37676239013672,110.7554635386943
1107,112.3875961303711,112.7269911613323
1108,112.3875961303711,112.55479853560306
1109,116.3659210205078,112.82485459054895
1110,116.3659210205078,114.64527777281302
1111,114.37676239013672,115.91287989741417
1112,118.3550796508789,116.39337476267099
1113,119.34966278076172,118.04020754581715
1114,112.3875961303711,117.97527602553177
1115,119.34966278076172,115.35601873403307
1116,119.34966278076172,116.84034415321472
1117,115.371337890625,118.45334907061459
1118,116.3659210205078,116.6405632808703
1119,112.3875961303711,116.22772818496853
1120,115.371337890625,114.7605825246054
1121,114.37676239013672,114.66762689288471
1122,114.37676239013672,113.97694692967497
1123,113.3821792602539,113.79899563909889
1124,113.3821792602539,113.2196574900015
1125,109.4038543701172,113.85143087236945
1126,109.4038543701172,112.44451509010695
1127,112.3875961303711,110.49276379617574
1128,115.371337890625,111.83971440465453
1129,114.37676239013672,114.72314570712152
1130,114.37676239013672,114.97147694039737
1131,111.3930206298828,115.41334920256082
1132,110.3984375,113.06973434872319
1133,110.3984375,111.59729841555873
1134,110.3984375,110.79124987989715
1135,110.3984375,110.51738993418705
1136,116.3659210205078,111.26964561748834
1137,114.37676239013672,114.33907275418268
1138,112.3875961303711,114.77048560661733
1139,116.3659210205078,113.46463595148035
1140,112.3875961303711,114.82184183330796
1141,114.37676239013672,114.22306361971651
1142,115.371337890625,114.02139168178607
1143,113.3821792602539,114.88636732409029
1144,114.37676239013672,114.04217770043387
1145,116.3659210205078,114.2979866063366
1146,118.3550796508789,115.95051322420451
1147,116.3659210205078,117.84087981137117
1148,117.36050415039062,117.22545663141162
1149,118.3550796508789,117.3225133854388
1150,118.3550796508789,118.9033778149498
1151,123.32798767089844,118.21081800243864
1152,119.34966278076172,120.85334056013636
1153,119.34966278076172,120.11180596248396
1154,119.34966278076172,119.48527866075595
1155,123.32798767089844,120.47816391550245
1156,130.29005432128906,122.48472134094604
1157,133.27378845214844,127.39528252944535
1158,131.28463745117188,131.19761019222148
1159,129.29547119140625,131.5914794481427
1160,129.29547119140625,130.92601279544382
1161,129.29547119140625,129.90146172597335
1162,133.27378845214844,128.68397979349828
1163,133.27378845214844,132.33649558053946
1164,134.26837158203125,132.92062891563532
1165,133.27378845214844,133.743064330956
1166,129.29547119140625,133.3005612649458
1167,132.27920532226562,131.22152331101984
1168,134.26837158203125,130.99560400900953
1169,134.26837158203125,132.76264261167324
1170,133.27378845214844,132.73067709782438
1171,129.29547119140625,132.9217936146297
1172,135.26295471191406,131.23340539428915
1173,134.26837158203125,133.5763329142056
1174,134.26837158203125,133.9159332986475
1175,134.26837158203125,133.55251311489525
1176,135.26295471191406,133.92728238407196
1177,135.26295471191406,133.83327017834057
1178,135.26295471191406,134.6633380510158
1179,134.26837158203125,134.7365723138243
1180,134.26837158203125,133.34325313609733
1181,135.26295471191406,133.20798115443404
1182,135.26295471191406,132.95268236515557
1183,135.26295471191406,134.58707628866412
1184,135.26295471191406,135.00184013686822
1185,134.26837158203125,135.08760074633432
1186,129.29547119140625,134.3782882911228
1187,134.26837158203125,130.64087330527389
1188,129.29547119140625,131.28824136111862
1189,132.27920532226562,129.87317515347806
1190,126.31172943115234,131.58571338054801
1191,126.31172943115234,127.8330603990731
1192,127.30630493164062,126.56474088090799
1193,129.29547119140625,127.90806773215348
1194,129.29547119140625,127.63416247265354
1195,134.26837158203125,128.6527249434426
1196,132.27920532226562,130.5365098147974
1197,124.32256317138672,130.44451833490217
1198,124.32256317138672,126.33008543913705
1199,127.30630493164062,124.77465954313199
1200,120.34424591064452,125.60789848379346
1201,125.31714630126952,122.47665458905121
1202,125.31714630126952,124.14115481507092
1203,114.37676239013672,124.86631184258046
1204,131.28463745117188,117.95473227863164
1205,114.37676239013672,124.96354357064762
1206,114.37676239013672,121.87447739257016
1207,106.42011260986328,115.5110986743258
1208,124.32256317138672,109.4383762319205
1209,124.32256317138672,116.61845643254628
1210,124.32256317138672,121.91370298312438
1211,124.32256317138672,123.9587959732927
1212,116.3659210205078,124.54924093606687
1213,116.3659210205078,118.33463232504245
1214,116.3659210205078,116.8192880464334
1215,116.3659210205078,116.30658674153419
1216,116.3659210205078,116.21289621884554
1217,114.37676239013672,116.24531576789563
1218,104.4309539794922,115.04456987801971
1219,104.4309539794922,109.50003517684388
1220,109.4038543701172,106.00479519821585
1221,108.4092788696289,107.61971316511958
1222,104.4309539794922,107.92652341446772
1223,114.37676239013672,105.87051877397492
1224,101.44721221923828,111.02428288609859
1225,101.44721221923828,105.71313523314805
1226,115.371337890625,103.08947801752073
1227,113.3821792602539,110.06582624130233
1228,113.3821792602539,111.86094593412722
1229,113.3821792602539,113.18872432298855
1230,109.4038543701172,113.64878625823722
1231,109.4038543701172,111.30065931742482
1232,109.4038543701172,110.14887923966246
1233,109.4038543701172,109.65515897280945
1234,109.4038543701172,109.50473171561913
1235,109.4038543701172,109.47808440312028
1236,109.4038543701172,109.50190767947886
1237,109.4038543701172,109.52092932047536
1238,111.3930206298828,109.57102736043934
1239,109.4038543701172,110.84049441668337
1240,113.3821792602539,111.07407780597086
1241,110.3984375,112.54691303886759
1242,112.3875961303711,111.83211469885104
1243,116.3659210205078,111.31235296711263
1244,116.3659210205078,112.67286226908493
1245,104.4309539794922,115.25337671891921
1246,104.4309539794922,108.97070862695952
1247,114.37676239013672,106.05145651249248
1248,114.37676239013672,110.54124966347064
1249,109.4038543701172,113.27266071592493
1250,99.4580535888672,111.73807288212828
1251,99.4580535888672,104.55213985594632
1252,99.4580535888672,101.14928241297659
1253,114.37676239013672,99.75684528387171
1254,105.425537109375,107.94036845970746
1255,96.47431182861328,108.23547563768871
1256,94.4851531982422,102.30533634382849
1257,94.4851531982422,97.55338373876167
1258,104.4309539794922,95.28092050800528
1259,101.44721221923828,101.13980779303694
1260,102.4417953491211,101.37483112894324
1261,103.4363784790039,102.41288166992449
1262,96.47431182861328,102.46760906311887
1263,99.4580535888672,100.51144819905429
1264,98.46347045898438,99.94800846042102
1265,108.4092788696289,99.4292624754173
1266,104.4309539794922,103.51947088832317
1267,101.44721221923828,103.78538521801228
1268,105.425537109375,102.59246201367799
1269,105.425537109375,102.99400679748669
1270,95.47972869873048,104.77824220772155
1271,105.425537109375,102.14734016953597
1272,104.4309539794922,104.09486584040145
1273,95.47972869873048,105.04334223514763
1274,94.4851531982422,101.45250838641329
1275,96.47431182861328,98.55071961524325
1276,99.4580535888672,96.6744945197187
1277,108.4092788696289,98.80937880339224
1278,108.4092788696289,103.74596670736268
1279,100.45263671875,106.57695671976542
1280,105.425537109375,104.49880014148445
1281,99.4580535888672,103.82388354467209
1282,105.425537109375,101.40466644601811
1283,106.42011260986328,103.20675414349698
1284,107.4146957397461,104.95094427709799
1285,107.4146957397461,106.84266175358361
1286,109.4038543701172,107.668311643912
1287,108.4092788696289,109.13737733591618
1288,107.4146957397461,109.1658462851993
1289,107.4146957397461,108.83977622406105
1290,108.4092788696289,108.1514480563584
1291,108.4092788696289,108.41649789091083
1292,112.3875961303711,108.57123609905206
1293,106.42011260986328,110.2002583475737
1294,106.42011260986328,108.19777574224918
1295,109.4038543701172,107.20668032612005
1296,105.425537109375,108.59704931254556
1297,105.425537109375,107.77185432668043
1298,105.425537109375,107.07883487082577
1299,107.4146957397461,106.37443346583274
1300,105.425537109375,107.51904072958403
1301,103.4363784790039,106.89729268673032
1302,103.4363784790039,104.95426788655499
1303,103.4363784790039,104.04995090163932
1304,103.4363784790039,103.71331116768431
1305,103.4363784790039,103.64813827295401
1306,102.4417953491211,103.68682009803013
1307,95.47972869873048,103.01735147498077
1308,94.4851531982422,100.30642438662962
1309,95.47972869873048,97.44881027943715
1310,96.47431182861328,96.97202396652533
1311,96.47431182861328,96.90386574548201
1312,96.47431182861328,96.81745818071934
1313,95.47972869873048,96.85816611544823
1314,95.47972869873048,96.5807272776433
1315,95.47972869873048,96.24526435627006
1316,95.47972869873048,96.10282382278385
1317,95.47972869873048,96.06650190399066
1318,91.50141143798828,96.07036210050362
1319,95.47972869873048,94.69491539933296
1320,103.4363784790039,95.28606474478093
1321,103.4363784790039,100.2656823543955
1322,103.4363784790039,102.94052755244421
1323,101.44721221923828,103.99923220856618
1324,100.45263671875,103.09692248994514
1325,95.47972869873048,101.89628068719047
1326,91.50141143798828,99.43790798759825
1327,91.50141143798828,94.98139097332619
1328,91.50141143798828,92.7458840544208
1329,91.50141143798828,91.87822278492845
1330,99.4580535888672,91.71365925166839
1331,99.4580535888672,96.22470266331455
1332,99.4580535888672,98.86279882645195
1333,99.4580535888672,98.78736437725344
1334,96.47431182861328,99.66580673951735
1335,96.47431182861328,97.76991366459539
1336,95.47972869873048,97.25860183303423
1337,95.47972869873048,97.1365202020777
1338,95.47972869873048,96.49223617585062
1339,91.50141143798828,96.17700294540829
1340,94.4851531982422,94.67033109806326
1341,93.49057006835938,94.88598256448597
1342,98.46347045898438,94.48520497454491
1343,95.47972869873048,96.00869048117863
1344,96.47431182861328,96.17152491200251
1345,96.47431182861328,96.64573058215022
1346,95.47972869873048,97.01024278337255
1347,95.47972869873048,96.61297095535062
1348,95.47972869873048,96.34554601644963
1349,95.47972869873048,96.20412392160642
1350,95.47972869873048,96.13913946045767
1351,97.4688949584961,96.12038134606819
1352,94.4851531982422,96.1706751662801
1353,94.4851531982422,95.5663516215752
1354,94.4851531982422,95.29230189632942
1355,92.49598693847656,95.19164875280342
1356,92.49598693847656,93.97263961101523
1357,92.49598693847656,93.39248042988405
1358,97.4688949584961,93.17363187369477
1359,92.49598693847656,96.28072755631317
1360,93.49057006835938,94.88061041280696
1361,91.50141143798828,94.45272440890653
1362,97.4688949584961,93.17080716457744
1363,96.47431182861328,94.96608657729524
1364,96.47431182861328,96.68864588169127
1365,96.47431182861328,97.7257277843332
1366,101.44721221923828,97.55814392995211
1367,99.4580535888672,100.63299683216593
1368,98.46347045898438,99.6189388212781
1369,98.46347045898438,98.77527501704442
1370,99.4580535888672,98.87078212918924
1371,96.47431182861328,99.01743998569054
1372,95.47972869873048,97.94298183350165
1373,95.47972869873048,96.80021650800975
1374,93.49057006835938,96.19452009006801
1375,102.4417953491211,95.50208589994455
1376,94.4851531982422,98.92058961130027
1377,97.4688949584961,98.85609238555517
1378,99.4580535888672,98.65580453714618
1379,101.44721221923828,99.86286968177396
1380,101.44721221923828,101.2740128817077
1381,92.49598693847656,101.88463010803557
1382,96.47431182861328,97.64337692538993
1383,95.47972869873048,96.37602111039891
1384,95.47972869873048,96.23356801467393
1385,95.47972869873048,95.9614089063628
1386,96.47431182861328,95.92524491285698
1387,96.47431182861328,96.52038097450837
1388,96.47431182861328,96.48713411230513
1389,95.47972869873048,96.56722107636178
1390,96.47431182861328,96.33649582071979
1391,101.44721221923828,97.52670154361765
1392,99.4580535888672,101.13451550130438
1393,94.4851531982422,100.47885547056975
1394,95.47972869873048,97.41580838088989
1395,99.4580535888672,96.88701439947701
1396,94.4851531982422,97.54760690353375
1397,95.47972869873048,97.13570634846607
1398,93.49057006835938,98.74083833136925
1399,99.4580535888672,96.66321721851578
1400,97.4688949584961,98.38897181807283
1401,95.47972869873048,98.31598251892031
1402,107.4146957397461,98.60402119433743
1403,107.4146957397461,103.2246934691096
1404,105.425537109375,106.40408887370239
1405,90.50682830810548,105.39411538501983
1406,90.50682830810548,98.3278717806118
1407,91.50141143798828,93.48058299957768
1408,92.49598693847656,92.305505801368
1409,92.49598693847656,91.94898228669959
1410,93.49057006835938,92.49404885383134
1411,91.50141143798828,93.34844619378984
1412,91.50141143798828,93.19567321891665
1413,88.51766967773438,92.85569417270618
1414,91.50141143798828,91.11267277596201
1415,89.51224517822266,91.23775678198419
1416,88.51766967773438,90.93232209778118
1417,89.51224517822266,90.8790061618427
1418,88.51766967773438,90.69604971642019
1419,90.50682830810548,90.07931916632599
1420,91.50141143798828,90.50607097952619
1421,88.51766967773438,91.47361819867689
1422,91.50141143798828,90.42860324225273
1423,91.50141143798828,91.13125232710043
1424,91.50141143798828,91.79453673946468
1425,90.50682830810548,91.97427904636801
1426,91.50141143798828,91.64538886777893
1427,90.50682830810548,91.58001677183388
1428,91.50141143798828,91.49789203318845
1429,91.50141143798828,91.90684135944834
1430,90.50682830810548,92.06852814003045
1431,88.51766967773438,91.8865192463322
1432,89.51224517822266,90.33041140022257
1433,89.51224517822266,89.5962418636995
1434,89.51224517822266,89.72707399126097
1435,89.51224517822266,89.9937846771577
1436,90.50682830810548,90.37498581258382
1437,90.50682830810548,90.95081012403715
1438,90.50682830810548,91.4397468137463
1439,85.53392791748047,91.5621407060665
1440,89.51224517822266,89.74606630167321
1441,89.51224517822266,89.55327182868953
1442,88.51766967773438,89.85523933499246
1443,89.51224517822266,89.09209230284185
1444,85.53392791748047,89.75816014839606
1445,89.51224517822266,88.56879071167907
1446,89.51224517822266,89.73687971592244
1447,88.51766967773438,90.20936884587273
1448,84.53934478759766,89.89418586438548
1449,84.53934478759766,88.10131032578629
1450,84.53934478759766,86.85068202901812
1451,92.49598693847656,85.93190500997729
1452,85.53392791748047,89.16964618118114
1453,85.53392791748047,88.04870864285205
1454,85.53392791748047,87.18174368030859
1455,84.53934478759766,86.70734688467104
1456,79.56644439697266,86.0177930364366
1457,98.46347045898438,84.01346271646611
1458,98.46347045898438,91.65696766271228
1459,91.50141143798828,96.71906534286887
1460,85.53392791748047,95.14671541933451
1461,88.51766967773438,90.65433411068153
1462,85.53392791748047,89.22652979292985
1463,85.53392791748047,87.45529899172854
1464,83.54476165771484,86.44397237047008
1465,83.54476165771484,85.49771455682067
1466,83.54476165771484,86.80630502326609
1467,84.53934478759766,85.7335257245583
1468,88.51766967773438,85.3553718293363
1469,87.52308654785156,87.1176385758736
1470,93.49057006835938,88.01491980977622
1471,93.49057006835938,90.8612934051793
1472,93.49057006835938,92.4169131185825
1473,94.4851531982422,93.00004147457688
1474,94.4851531982422,93.52968161250107
1475,90.50682830810548,93.68146575972264
1476,93.49057006835938,92.18507879671782
1477,93.49057006835938,92.96887456019255
1478,93.49057006835938,93.66870073052843
1479,93.49057006835938,94.06658272443339
1480,93.49057006835938,94.235665074439
1481,93.49057006835938,94.2867135262798
1482,93.49057006835938,94.2828892218776
1483,91.50141143798828,94.2626065900833
1484,87.52308654785156,93.16816729983054
1485,85.53392791748047,90.44318441225174
1486,84.53934478759766,87.91336128775613
1487,93.49057006835938,86.22989208119617
1488,89.51224517822266,90.12285450208053
1489,89.51224517822266,90.63065787981424
1490,88.51766967773438,90.66092031300722
1491,88.51766967773438,90.05678071537
1492,88.51766967773438,89.66820375118132
1493,87.52308654785156,89.47917256601156
1494,90.50682830810548,88.88884066338629
1495,90.50682830810548,89.8090677237021
1496,90.50682830810548,90.68083863987724
1497,92.49598693847656,91.16931411596305
1498,98.46347045898438,91.8103454196519
1499,91.50141143798828,94.58859758342518
1500,87.52308654785156,93.64787971707264
1501,87.52308654785156,91.27027144512779
1502,87.52308654785156,89.42082096693248
1503,97.4688949584961,88.54149655604648
1504,88.51766967773438,93.48868923279434
1505,82.55018615722656,92.81273849454051
1506,83.54476165771484,90.01294388588501
1507,85.53392791748047,86.9876804212093
1508,85.53392791748047,87.25979466438199
1509,85.53392791748047,87.62440826081722
1510,87.52308654785156,87.74199619950576
1511,88.51766967773438,88.15130265226777
1512,92.49598693847656,88.92029292005121
1513,90.50682830810548,91.1358949716281
1514,91.50141143798828,91.57706464572331
1515,91.50141143798828,92.05094818417689
1516,91.50141143798828,92.3156955716147
1517,91.50141143798828,92.40145797568633
1518,91.50141143798828,92.40671975912474
1519,81.55560302734375,92.37874365338759
1520,81.55560302734375,87.2211819316191
1521,82.55018615722656,84.12956113255781
1522,85.53392791748047,83.18636491595682
1523,85.53392791748047,84.45411913337735
1524,84.53934478759766,85.47173405244214
1525,85.53392791748047,85.64199186907537
1526,85.53392791748047,86.07783694853832
1527,85.53392791748047,86.40529323730227
1528,82.55018615722656,86.57433610598603
1529,82.55018615722656,87.15675559279276
1530,82.55018615722656,85.43352869513646
1531,82.55018615722656,84.32595737885693
1532,82.55018615722656,83.79046503227221
1533,82.55018615722656,83.605416076792
1534,82.55018615722656,83.58082998091677
1535,82.55018615722656,83.6120722687337
1536,82.55018615722656,83.65432625613387
1537,94.4851531982422,83.68858886507182
1538,94.4851531982422,89.94422126139989
1539,88.51766967773438,93.77098786239709
1540,88.51766967773438,92.17925530174591
1541,87.52308654785156,90.79790255374857
1542,84.53934478759766,89.4336380396873
1543,83.54476165771484,87.68444858370786
1544,83.54476165771484,86.2544028036388
1545,83.54476165771484,85.08059439154474
1546,83.54476165771484,84.55756737502931
1547,84.53934478759766,84.3142727021968
1548,82.55018615722656,84.87493259685118
1549,82.55018615722656,84.47304324877912
1550,82.55018615722656,84.00576565331217
1551,88.51766967773438,83.7636572147405
1552,75.58811950683594,86.18417271050147
1553,75.58811950683594,81.72241365345192
1554,80.56101989746094,78.72128404405579
1555,80.56101989746094,79.52151301044509
1556,80.56101989746094,80.68001702650821
1557,80.56101989746094,81.4341802633339
1558,80.56101989746094,81.80098686773698
1559,84.53934478759766,81.92684793795725
1560,84.53934478759766,83.92387421338672
1561,84.53934478759766,85.17382235465587
1562,84.53934478759766,85.73147090121691
1563,84.53934478759766,85.86322007220846
1564,84.53934478759766,85.83520269054392
1565,84.53934478759766,85.65716166969094
1566,84.53934478759766,85.62913710960424
1567,81.55560302734375,85.63117937070687
1568,82.55018615722656,84.48562881741948
1569,82.55018615722656,83.89364408309342
1570,93.49057006835938,84.56439943831376
1571,93.49057006835938,89.8250109993047
1572,81.55560302734375,92.99936849749999
1573,81.55560302734375,88.14134438613553
1574,89.51224517822266,84.8781539137925
1575,86.52850341796875,88.41425005035062
1576,86.52850341796875,88.22671197698874
1577,86.52850341796875,88.3673928997446
1578,88.51766967773438,87.88911796153872
1579,88.51766967773438,89.42591764666136
1580,88.51766967773438,89.57962740562557
1581,79.56644439697266,89.57560569461415
1582,79.56644439697266,85.01237964042696
1583,79.56644439697266,82.1660814184565
1584,95.47972869873048,80.8264191517203
1585,94.4851531982422,88.64260283747092
1586,88.51766967773438,93.2407626830674
1587,88.51766967773438,92.03346872623348
1588,93.49057006835938,90.80249853853226
1589,93.49057006835938,92.71601463984071
1590,93.49057006835938,93.69992148307891
1591,93.49057006835938,94.17719862060548
1592,93.49057006835938,94.32494400806301
1593,93.49057006835938,94.33477037068818
1594,93.49057006835938,94.2985588201356
1595,93.49057006835938,94.28253478728377
1596,93.49057006835938,94.25993442243671
1597,93.49057006835938,94.23314544826317
1598,93.49057006835938,94.2178096466353
1599,93.49057006835938,94.21653547670307
1600,69.62063598632812,94.21662879619107
1601,93.49057006835938,85.47023196760657
1602,99.4580535888672,86.21262079749522
1603,97.4688949584961,92.31315620477794
1604,97.4688949584961,96.7035635402287
1605,99.4580535888672,97.83189754528405
1606,94.4851531982422,98.60906134399185
1607,89.51224517822266,97.10033108409435
1608,87.52308654785156,94.56039894660128
1609,87.52308654785156,91.3726124151626
1610,89.51224517822266,89.03093573530637
1611,86.52850341796875,88.70360147971903
1612,85.53392791748047,87.74391642743177
1613,84.53934478759766,86.3088475464609
1614,84.53934478759766,85.21183030535232
1615,81.55560302734375,84.92914942476992
1616,82.55018615722656,83.60645694800424
1617,84.53934478759766,83.26942105487663
1618,84.53934478759766,84.11525812641726
1619,82.55018615722656,84.56288658584495
1620,81.55560302734375,84.61164063450497
1621,81.55560302734375,84.04911973390733
1622,88.51766967773438,83.08026963113579
1623,91.50141143798828,86.9791040013416
1624,103.4363784790039,91.1517251870818
1625,99.4580535888672,97.34375137931454
1626,106.42011260986328,100.67329739143763
1627,111.3930206298828,104.09370966578338
1628,113.3821792602539,108.57042420829023
1629,111.3930206298828,111.77334248909894
1630,118.3550796508789,112.42848657074127
1631,124.32256317138672,115.56806618388342
1632,135.26295471191406,121.24890661559408
1633,135.26295471191406,130.394050437953
1634,130.29005432128906,134.72940465930418
1635,135.26295471191406,132.86936421382714
1636,135.26295471191406,133.84286413954854
1637,138.24668884277344,135.14186961781368
1638,138.24668884277344,136.54106612867872
1639,141.23043823242188,137.63494639930627
1640,141.23043823242188,139.74529842527073
1641,143.21958923339844,141.39560332148218
1642,144.21417236328125,142.27916659064974
1643,144.21417236328125,143.56431233034232
1644,147.1979217529297,144.05529845957625
1645,145.20875549316406,146.02086888912973
1646,145.20875549316406,145.6955679216173
1647,150.18165588378906,145.01787821059685
1648,149.18707275390625,148.3995180322868
1649,152.1708221435547,148.5461875537241
1650,159.1328887939453,150.3055470392893
1651,183.00282287597656,156.72266522037918
1652,200.9052734375,173.9075243078303
1653,200.9052734375,193.28822325067014
1654,199.9106903076172,198.35626825358077
1655,183.9973907470703,197.49088792772767
1656,183.9973907470703,186.46015116893403
1657,186.98114013671875,182.3196013787695
1658,184.99197387695312,184.55095647776193
1659,188.9703063964844,184.75014333567316
1660,183.9973907470703,185.99596567880965
1661,183.00282287597656,184.81026979962962
1662,183.00282287597656,182.39727908489093
1663,178.0299072265625,180.3628065702985
1664,176.04075622558594,177.47965073978162
1665,176.04075622558594,174.00265275820652
1666,173.0570068359375,170.6737312688108
1667,173.0570068359375,172.74484245007392
1668,160.12747192382812,171.36955008497955
1669,155.15455627441406,164.77385429598073
1670,157.1437225341797,158.5993021778748
1671,158.1383056640625,155.13742554256572
1672,164.1057891845703,157.9280730467923
1673,159.1328887939453,161.00936409637492
1674,165.10037231445312,160.3617483849659
1675,166.09495544433594,160.67259918868362
1676,165.10037231445312,164.4445836610175
1677,169.0786895751953,163.89512928334452
1678,169.0786895751953,166.1503885281076
1679,164.1057891845703,167.51880755399014
1680,169.0786895751953,164.7652689030853
1681,171.06785583496094,166.19826860387047
1682,174.0515899658203,169.07702765081842
1683,175.04617309570312,171.54283001733933
1684,163.1112060546875,172.5088590002046
1685,166.09495544433594,165.3006751086042
1686,170.07327270507812,163.48977455197792
1687,170.07327270507812,167.80736217849955
1688,174.0515899658203,168.4959056638159
1689,161.12203979492188,170.38794392604152
1690,159.1328887939453,163.6189502586275
1691,164.1057891845703,159.66236189298692
1692,163.1112060546875,160.8088671764207
1693,162.1166229248047,160.6944395380852
1694,169.0786895751953,161.26753963833133
1695,169.0786895751953,164.64677109938884
1696,168.0841064453125,165.9895918718725
1697,164.1057891845703,165.84517996420246
1698,168.0841064453125,165.02517803399175
1699,169.0786895751953,166.058752380109
1700,166.09495544433594,166.98126217866957
1701,168.0841064453125,165.38538407922482
1702,167.0895233154297,166.36400401454708
1703,164.1057891845703,165.39093299954936
1704,164.1057891845703,163.98869642690238
1705,164.1057891845703,163.38281965110406
1706,164.1057891845703,161.8935411206366
1707,164.1057891845703,161.89845833981164
1708,165.10037231445312,162.75078829418996
1709,164.1057891845703,163.86082719308473
1710,161.12203979492188,163.23136930051263
1711,163.1112060546875,161.54704227250534
1712,163.1112060546875,161.82746733392605
1713,161.12203979492188,161.26739965909934
1714,159.1328887939453,160.01762200535634
1715,165.10037231445312,158.46999367041536
1716,167.0895233154297,162.12763664547958
1717,165.10037231445312,165.78934260748258
1718,169.0786895751953,165.1193948247545
1719,174.0515899658203,166.54395270108733
1720,175.04617309570312,169.57201575040284
1721,181.0136566162109,172.56398928234236
1722,187.9757232666016,178.95423504010117
1723,188.9703063964844,187.32924273904047
1724,185.98655700683597,186.12330370938798
1725,182.00823974609372,184.15391794846
1726,184.99197387695312,180.95438751837844
1727,187.9757232666016,181.94129853128783
1728,185.98655700683597,185.52252002410745
1729,185.98655700683597,182.99089152644027
1730,184.99197387695312,183.48038095465523
1731,184.99197387695312,181.75130723215503
1732,179.0244903564453,182.5777015472933
1733,169.0786895751953,180.5128930206808
1734,175.04617309570312,172.14898316239058
1735,174.0515899658203,172.43815872041625
1736,167.0895233154297,171.86040341340367
1737,167.0895233154297,169.18860904477012
1738,163.1112060546875,167.5351133399115
1739,162.1166229248047,163.88764218903856
1740,159.1328887939453,161.93466989036423
1741,149.18707275390625,158.57663989913664
1742,149.18707275390625,154.40291503099036
1743,149.18707275390625,149.42299233843428
1744,149.18707275390625,148.5035800290329
1745,159.1328887939453,148.40600014749128
1746,159.1328887939453,156.0668409832378
1747,159.1328887939453,157.9081457468946
1748,159.1328887939453,158.29236361423065
1749,159.1328887939453,158.33132450046796
1750,159.1328887939453,158.3030163927062
1751,159.1328887939453,158.27890048348203
1752,159.1328887939453,158.26339150241972
1753,159.1328887939453,158.25914187650494
1754,159.1328887939453,158.2594972084015
1755,159.1328887939453,158.26662179238872
1756,159.1328887939453,158.26663256002195
1757,159.1328887939453,158.26663256002195
1758,144.21417236328125,158.26663256002195
1759,144.21417236328125,149.6592665144008
1760,144.21417236328125,145.14725132385564
1761,144.21417236328125,143.91128854354676
1762,148.1925048828125,143.63977549322942
1763,159.1328887939453,146.7048971469116
1764,154.1599884033203,155.70901817415964
1765,154.1599884033203,151.86782653384526
1766,154.1599884033203,153.48224290850104
1767,169.0786895751953,153.57156401535522
1768,169.0786895751953,167.685677155367
1769,169.0786895751953,168.2877278321576
1770,152.1708221435547,168.02826017421359
1771,139.24127197265625,157.19142336541526
1772,139.24127197265625,142.87447313982727
1773,139.24127197265625,139.48439867210712
1774,134.26837158203125,138.6509461733866
1775,134.26837158203125,134.98100117735706
1776,134.26837158203125,135.24442952972416
1777,134.26837158203125,134.142843222915
1778,134.26837158203125,133.90736944101855
1779,154.1599884033203,133.90215431732415
1780,169.0786895751953,148.44946190441874
1781,153.1654052734375,164.02125416057893
1782,153.1654052734375,155.06960022084976
1783,164.1057891845703,153.16152536353354
1784,164.1057891845703,161.06645408776055
1785,164.1057891845703,162.73082869139256
1786,164.1057891845703,163.04359254461414
1787,164.1057891845703,163.07047932478952
1788,183.9973907470703,163.05355978377406
1789,183.9973907470703,178.7267077715285
1790,183.9973907470703,181.41751060202412
1791,183.9973907470703,181.7847371441232
1792,183.9973907470703,181.7925831595368
1793,183.9973907470703,181.7767332034222
1794,183.9973907470703,181.76061764568792
1795,183.9973907470703,181.75605934762052
1796,183.9973907470703,181.75557839333626
1797,183.9973907470703,181.76023001089163
1798,183.9973907470703,181.79652411329897
1799,183.9973907470703,181.79652411329897
1800,183.9973907470703,181.79652411329897
1801,183.9973907470703,181.79652411329897
1802,183.9973907470703,181.79652411329897
1803,183.9973907470703,181.79652411329897
1804,183.9973907470703,181.79652411329897
1805,183.9973907470703,181.79652411329897
1806,183.9973907470703,181.79652411329897
1807,166.09495544433594,181.79652411329897
1808,166.09495544433594,167.23938029324876
1809,150.18165588378906,165.25142754342113
1810,150.18165588378906,152.34346878572643
1811,138.24668884277344,149.93981360899812
1812,158.1383056640625,140.7395493748319
1813,158.1383056640625,153.17581760204087
1814,158.1383056640625,156.517021371741
1815,158.1383056640625,157.29457729175894
1816,158.1383056640625,157.4154260287106
1817,158.1383056640625,157.37953391794386
1818,158.1383056640625,157.34472933813333
1819,158.1383056640625,157.31301506905982
1820,158.1383056640625,157.3036005684057
1821,158.1383056640625,157.2958765861687
1822,158.1383056640625,157.30724002843746
1823,158.1383056640625,157.30724002843746
1824,158.1383056640625,157.30724002843746
1825,158.1383056640625,157.30724002843746
1826,158.1383056640625,154.2526239955767
1827,158.1383056640625,157.07630300934196
1828,158.1383056640625,157.3638634223831
1829,159.1328887939453,157.368726803392
1830,143.21958923339844,155.06834040776184
1831,143.21958923339844,145.91807388389373
1832,154.1599884033203,143.41774689602624
1833,162.1166229248047,146.01646851634973
1834,162.1166229248047,158.3189165977759
1835,158.1383056640625,160.93094342356062
1836,162.1166229248047,155.80448401037708
1837,162.1166229248047,160.5060956868366
1838,162.1166229248047,161.16397295271383
1839,162.1166229248047,161.21498999895772
1840,162.1166229248047,161.1822133234055
1841,162.1166229248047,161.15615565098884
1842,162.1166229248047,161.13992882771117
1843,162.1166229248047,161.14633556948303
1844,162.1166229248047,161.14020519696408
1845,162.1166229248047,161.12897814471623
1846,162.1166229248047,161.13768915999933
1847,162.1166229248047,161.13769633842148
1848,162.1166229248047,161.13769633842148
1849,162.1166229248047,161.13769633842148
1850,162.1166229248047,161.13769633842148
1851,162.1166229248047,161.13769633842148
1852,162.1166229248047,161.13769633842148
1853,162.1166229248047,161.13769633842148
1854,163.1112060546875,161.13769633842148
1855,163.1112060546875,161.91865841975118
1856,163.1112060546875,162.06843978719195
1857,163.1112060546875,162.095778807963
1858,163.1112060546875,162.0969632476183
1859,163.1112060546875,162.09421750114464
1860,163.1112060546875,162.09223625663031
1861,163.1112060546875,162.09135331070547
1862,163.1112060546875,162.09109847671903
1863,163.1112060546875,162.0912348667399
1864,163.1112060546875,162.09224702426354
1865,163.1112060546875,162.09224702426354
1866,163.1112060546875,162.09224702426354
1867,163.1112060546875,162.09224702426354
1868,163.1112060546875,162.09224702426354
1869,163.1112060546875,162.09224702426354
1870,163.1112060546875,162.09224702426354
1871,163.1112060546875,162.09224702426354
1872,163.1112060546875,162.09224702426354
1873,163.1112060546875,162.09224702426354
1874,163.1112060546875,162.09224702426354
1875,147.1979217529297,162.09224702426354
1876,147.1979217529297,149.70942214998627
1877,147.1979217529297,147.15902925681024
1878,129.29547119140625,146.58553793255675
1879,129.29547119140625,133.42800338264536
1880,129.29547119140625,129.82899914354633
1881,129.29547119140625,128.83027424237807
1882,129.29547119140625,128.69486228148276
1883,129.29547119140625,128.80516771089674
1884,129.29547119140625,128.9406855535188
1885,129.29547119140625,129.0402502687858
1886,129.29547119140625,129.0967408619216
1887,129.29547119140625,129.12778574312932
1888,129.29547119140625,129.14278146700767
1889,129.29547119140625,129.1431619233818
1890,129.29547119140625,129.14266840685875
1891,125.31714630126952,129.1426289255369
1892,125.31714630126952,126.41443548865001
1893,125.31714630126952,125.46305946000527
1894,125.31714630126952,125.17107713891765
1895,125.31714630126952,125.12090176267125
1896,125.31714630126952,125.14444519272871
1897,125.31714630126952,125.17881009418235
1898,125.31714630126952,125.20530026653375
1899,125.31714630126952,125.22179986985324
1900,125.31714630126952,125.23088236848278
1901,125.31714630126952,125.23536888232861
1902,125.31714630126952,125.23536888232861
1903,125.31714630126952,125.23536888232861
1904,125.31714630126952,125.23536888232861
1905,125.31714630126952,125.23536888232861
1906,136.25753784179688,125.23536888232861
1907,102.4417953491211,133.0519904518306
1908,102.4417953491211,113.23633879713174
1909,127.30630493164062,105.73258987881209
1910,127.30630493164062,113.47760511705452
1911,119.34966278076172,122.54507033598928
1912,109.4038543701172,122.90111379367619
1913,109.4038543701172,114.48854634677365
1914,109.4038543701172,111.00808657111509
1915,109.4038543701172,109.64137746782205
1916,127.30630493164062,109.254898173182
1917,127.30630493164062,120.77455827430607
1918,127.30630493164062,125.78566134078801
1919,127.30630493164062,127.3841954564295
1920,144.21417236328125,127.68106987221462
1921,144.21417236328125,139.50321331657105
1922,144.21417236328125,143.20549889900698
1923,144.21417236328125,144.02878854656393
1924,144.21417236328125,144.069002067467
1925,144.21417236328125,143.96127189700056
1926,144.21417236328125,143.86872050017737
1927,144.21417236328125,143.81457725108572
1928,134.26837158203125,144.72058026790467
1929,134.26837158203125,136.7992739735348
1930,134.26837158203125,134.55620189498256
1931,134.26837158203125,133.93191246636087
1932,134.26837158203125,133.82996810415003
1933,134.26837158203125,133.87345139634397
1934,134.26837158203125,133.93479460285545
1935,134.26837158203125,133.9799271375391
1936,134.26837158203125,134.00665240321604
1937,134.26837158203125,134.02060007746
1938,134.26837158203125,134.02658867614144
1939,124.32256317138672,134.02658867614144
1940,124.32256317138672,127.10958312234746
1941,112.3875961303711,124.81452132134956
1942,147.1979217529297,116.29060533056389
1943,147.1979217529297,136.77441509761775
1944,147.1979217529297,144.65687536050473
1945,147.1979217529297,146.7355849016172
1946,147.1979217529297,147.04980238532482
1947,147.1979217529297,146.9570464034703
1948,147.1979217529297,146.8324074596216
1949,147.1979217529297,146.74959718166053
1950,147.1979217529297,146.70772903445112
1951,147.1979217529297,146.68948507454837
1952,147.1979217529297,146.68717362261498
1953,147.1979217529297,146.68717362261498
1954,134.26837158203125,146.68717362261498
1955,147.1979217529297,137.1658329223736
1956,147.1979217529297,144.02444560116112
1957,147.1979217529297,146.06725226387363
1958,147.1979217529297,146.62374508446797
1959,147.1979217529297,146.74157888411526
1960,147.1979217529297,146.74159683017064
1961,147.1979217529297,146.72086913620282
1962,147.1979217529297,146.70430851629504
1963,144.21417236328125,146.69431974186864
1964,144.21417236328125,144.45720395909814
1965,151.17623901367188,143.8844125310046
1966,151.17623901367188,147.41538865796184
1967,159.1328887939453,150.073027178109
1968,159.1328887939453,154.7038524337143
1969,159.1328887939453,157.90719101674821
1970,159.1328887939453,158.36373148727927
1971,159.1328887939453,158.37059764806895
1972,160.12747192382812,158.3236256427085
1973,159.1328887939453,159.06154949401775
1974,159.1328887939453,158.42531876014397
1975,159.1328887939453,158.29276919508231
1976,159.1328887939453,158.2636104442954
1977,150.18165588378906,158.26030478089376
1978,144.21417236328125,150.23760327360782
1979,144.21417236328125,146.28916600632235
1980,144.21417236328125,144.21903467968315
1981,144.21417236328125,143.71051525433964
1982,144.21417236328125,143.64613916446837
1983,144.21417236328125,143.685207727038
1984,144.21417236328125,143.7290642971839
1985,144.21417236328125,143.75690939671676
1986,144.21417236328125,143.7705089174863
1987,144.21417236328125,143.77320441500487
1988,144.21417236328125,143.77348796267992
1989,144.21417236328125,143.7733085021261
1990,144.21417236328125,143.7733085021261
1991,139.24127197265625,143.77338746476977
1992,139.24127197265625,141.3695169353769
1993,139.24127197265625,139.38748997303685
1994,139.24127197265625,138.88786820195244
1995,139.24127197265625,138.79829764492845
1996,139.24127197265625,138.81656672930873
1997,139.24127197265625,138.85058886110454
1998,139.24127197265625,138.87646168915077
1999,139.24127197265625,138.8926544149232
2000,139.24127197265625,138.8998166856267
2001,138.24668884277344,138.71698586259188
2002,139.24127197265625,138.40147626289667
2003,139.24127197265625,138.75067778696865
2004,139.24127197265625,138.86177104821394
2005,137.25210571289062,138.89719476693517
2006,144.21417236328125,137.8015163015582
2007,144.21417236328125,141.35638042283625
2008,149.18707275390625,143.2196260338048
2009,149.18707275390625,147.1507597144896
2010,149.18707275390625,148.57626155333557
2011,149.18707275390625,148.7596451148762
2012,149.18707275390625,148.7295459907872
2013,149.18707275390625,148.6832990060642
2014,149.18707275390625,148.65237436342755
2015,149.18707275390625,148.63563428296595
2016,149.18707275390625,148.6297156739005
2017,149.18707275390625,148.62714579876962
2018,149.18707275390625,148.6266397200078
2019,149.18707275390625,148.62613723045706
2020,149.18707275390625,148.62613723045706
2021,149.18707275390625,148.62613723045706
2022,149.18707275390625,148.62613723045706
2023,149.18707275390625,148.62613723045706
2024,149.18707275390625,148.62613723045706
2025,149.18707275390625,148.62613723045706
2026,149.18707275390625,148.62613723045706
2027,134.26837158203125,148.62613723045706
2028,124.32256317138672,141.2610114953179
2029,148.1925048828125,131.73417750752367
2030,159.1328887939453,136.53661550694363
2031,158.1383056640625,153.3533076789936
2032,160.12747192382812,159.86330387511464
2033,159.1328887939453,159.5046914395996
2034,143.21958923339844,158.8653703949888
2035,149.18707275390625,147.94272272776928
2036,149.18707275390625,147.20165831676792
2037,149.18707275390625,148.2163749478883
2038,149.18707275390625,148.4587938532181
2039,149.18707275390625,148.5559896891745
2040,149.18707275390625,148.6065867977224
2041,149.18707275390625,148.62833023842492
2042,149.18707275390625,148.633577665019
2043,149.18707275390625,148.63295673150276
2044,149.18707275390625,148.6265643465752
2045,149.18707275390625,148.6264710270872
2046,149.18707275390625,148.62613723045706
2047,149.18707275390625,148.62613723045706
2048,149.18707275390625,148.62613723045706
2049,149.18707275390625,148.62613723045706
2050,149.18707275390625,148.62613723045706
2051,139.24127197265625,148.62613723045706
2052,139.24127197265625,141.20625090192104
2053,139.24127197265625,139.2950606093903
2054,139.24127197265625,138.8110178089842
2055,131.28463745117188,138.74877909430907
2056,131.28463745117188,135.03135960336834
2057,131.28463745117188,131.90841396463537
2058,131.28463745117188,131.04060015367227
2059,125.31714630126952,130.8694647749308
2060,136.25753784179688,126.7803806823947
2061,136.25753784179688,131.95341549311473
2062,142.2250213623047,135.0185550928523
2063,142.2250213623047,139.78031835774584
2064,142.2250213623047,141.72903385208326
2065,142.2250213623047,142.06068772320137
2066,141.23043823242188,142.0318950719443
2067,141.23043823242188,141.22477482028776
2068,135.26295471191406,140.96366689288172
2069,135.26295471191406,138.02882642286073
2070,135.26295471191406,135.62470464869247
2071,148.1925048828125,134.97958164437622
2072,148.1925048828125,141.77189621076093
2073,148.1925048828125,146.6246782793479
2074,148.1925048828125,147.6989758143411
2075,148.1925048828125,147.8452792362486
2076,148.1925048828125,147.79910044653607
2077,148.1925048828125,147.7378792732012
2078,100.45263671875,147.6954691551192
2079,105.425537109375,122.81898815772799
2080,100.45263671875,114.81308236367533
2081,90.50682830810548,105.1747037713429
2082,102.4417953491211,96.8722968394571
2083,99.4580535888672,96.76559138875305
2084,96.47431182861328,97.35459887249102
2085,95.47972869873048,96.64236031294922
2086,94.4851531982422,95.97415778410716
2087,90.50682830810548,95.0043215455923
2088,94.4851531982422,93.77108477109617
2089,90.50682830810548,93.6960594919604
2090,95.47972869873048,92.1251802476647
2091,91.50141143798828,93.58810858501275
2092,90.50682830810548,93.80934935038461
2093,100.45263671875,93.3942247864673
2094,94.4851531982422,99.70637379771148
2095,96.47431182861328,97.26676459632537
2096,98.46347045898438,97.46656790123902
2097,97.4688949584961,98.46121994513801
2098,93.49057006835938,98.70356886085182
2099,93.49057006835938,96.2320497783885
2100,99.4580535888672,94.84268501396527
2101,94.4851531982422,96.73026996254748
2102,99.4580535888672,95.93641722963591
2103,99.4580535888672,98.23675427361376
2104,99.4580535888672,99.54147198130744
2105,100.45263671875,100.06141676281077
2106,98.46347045898438,100.63785662396376
2107,98.46347045898438,99.65382236373233
2108,98.46347045898438,99.14235799070042
2109,98.46347045898438,98.37474239075935
2110,97.4688949584961,98.5267391987372
2111,99.4580535888672,98.1962491293107
2112,94.4851531982422,99.14653314048536
2113,94.4851531982422,96.81968977270625
2114,116.3659210205078,95.64206961844876
2115,116.3659210205078,108.04124744312418
2116,106.42011260986328,114.50957777772881
2117,106.42011260986328,110.63319683904163
2118,106.42011260986328,108.45785193971496
2119,101.44721221923828,107.32725549789
2120,101.44721221923828,103.8897747302691
2121,101.44721221923828,102.27934282855982
2122,99.4580535888672,101.68060589089575
2123,99.4580535888672,100.82126441267914
2124,99.4580535888672,100.06717924119437
2125,99.4580535888672,99.82053224521626
2126,99.4580535888672,99.79281456267663
2127,99.4580535888672,99.8297861286747
2128,89.51224517822266,99.88537672713302
2129,104.4309539794922,96.21728017480798
2130,99.4580535888672,98.73452580638815
2131,105.425537109375,99.9891623546262
2132,104.4309539794922,105.15368445397513
2133,105.425537109375,106.51511461291429
2134,103.4363784790039,106.6075776254147
2135,114.37676239013672,105.58000488886904
2136,115.371337890625,109.96874144656361
2137,107.4146957397461,114.8715995151153
2138,116.3659210205078,113.89117061741041
2139,119.34966278076172,115.99204129366443
2140,115.371337890625,120.54073463220216
2141,115.371337890625,118.38480052286668
2142,115.371337890625,116.55404714247256
2143,115.371337890625,115.91521198731125
2144,110.3984375,114.81678328894677
2145,110.3984375,113.32711532907749
2146,111.3930206298828,111.8017109404719
2147,112.3875961303711,112.91740194950965
2148,111.3930206298828,113.61370665512794
2149,111.3930206298828,112.66870596265814
2150,111.3930206298828,112.98626230996985
2151,111.3930206298828,111.98471920512932
2152,111.3930206298828,111.0925893864245
2153,111.3930206298828,110.64000613326832
2154,113.3821792602539,110.77545555655423
2155,111.3930206298828,114.66735411284289
2156,112.3875961303711,113.52760865982063
2157,116.3659210205078,112.31181253492313
2158,112.3875961303711,114.79773444846008
2159,114.37676239013672,114.73233543343196
2160,112.3875961303711,115.87235501245019
2161,105.0,115.18528130906974
2162,105.0,109.61415666669085
2163,106.0,106.8948778206528
2164,107.0,107.21492171556633
2165,108.0,105.33274279184266
2166,108.0,105.476660958664
2167,111.0,108.50635342568619
2168,113.0,110.38387902137107
2169,110.0,113.2494187795979
2170,108.0,112.36494317783979
2171,98.0,109.60392012453731
2172,100.0,104.8087007015696
2173,103.0,101.56386051950747
2174,102.0,102.49578616467632
2175,102.0,102.42683562528784
2176,101.0,102.70563297948527
2177,101.0,102.07121389990243
2178,102.0,101.55316736240728
2179,102.0,102.02055532611485
2180,101.0,102.73571460617029
2181,99.0,102.5730811711667
2182,97.0,101.06161862433709
2183,97.0,99.32630595568284
2184,98.0,98.7526037652786
2185,97.0,98.66467616962495
2186,93.0,97.91055331142388
2187,95.0,95.92683672796949
2188,101.0,97.32837250715374
2189,96.0,99.06418407614764
2190,97.0,98.71344547243206
2191,96.0,97.57201264155238
2192,94.0,97.22808815506588
2193,94.0,95.94888973812736
2194,94.0,94.98880359150229
2195,94.0,94.59927189716723
2196,94.0,94.50566886149858
2197,94.0,94.52832844832841
2198,94.0,94.58942489657836
2199,96.0,94.64407422443183
2200,92.0,96.48499135329234
2201,95.0,95.32133592203142
2202,93.0,95.39472990473284
2203,90.0,94.35467792992496
2204,90.0,93.00007377747656
2205,92.0,91.5004780597692
2206,94.0,92.15972460967218
2207,92.0,93.57603088973973
2208,93.0,93.57648133572985
2209,96.0,93.6277406537214
2210,95.0,95.4346446238138
2211,94.0,95.7817994002693
2212,93.0,95.7617671159476
2213,93.0,95.57854147969437
2214,94.0,94.89697452340829
2215,93.0,94.35353207428874
2216,94.0,94.0469228207609
2217,92.0,94.55718660268766
2218,92.0,93.74667813577477
2219,93.0,92.94328348521584
2220,92.0,93.38585115702543
2221,94.0,93.53930787660872
2222,97.0,93.87035517105488
2223,95.0,96.53587739333193
2224,98.0,96.63132797540229
2225,98.0,97.56337879430744
2226,100.0,100.02417510867917
2227,100.0,99.6745016033506
2228,98.0,99.95165240696662
2229,96.0,100.02976709953664
2230,96.0,98.68793425740182
2231,98.0,97.58455513965983
2232,98.0,97.76549085924616
2233,95.0,98.09178424362126
2234,95.0,98.16209509400781
2235,98.0,96.3931084470322
2236,98.0,96.62056303408056
2237,98.0,97.42661370083623
2238,96.0,97.99987980209465
2239,96.0,97.37809384819894
2240,98.0,97.93282616076019
2241,96.0,97.38545801202551
2242,97.0,97.18248184452008
2243,97.0,96.85991136933427
2244,97.0,97.06689219909849
2245,96.0,97.42253187053927
2246,97.0,97.32367961367099
2247,95.0,98.99628607290738
2248,99.0,96.87242335914756
2249,97.0,97.19134809318224
2250,96.0,97.67587184787263
2251,98.0,97.41651276356369
2252,100.0,97.75293759350548
2253,102.0,99.56110765780517
2254,100.0,100.89067616569099
2255,98.0,101.90388532815918
2256,98.0,99.95850062170092
2257,98.0,98.9341308073898
2258,98.0,98.44207688786057
2259,98.0,98.71475284256674
2260,97.0,98.73236151210891
2261,99.0,98.20763410684592
2262,99.0,98.99030106343703
2263,98.0,99.31459077072857
2264,98.0,99.10118884234817
2265,99.0,98.94001172973894
2266,98.0,99.4743887289816
2267,98.0,99.16446483902443
2268,100.0,99.20252662788705
2269,99.0,99.65842462963539
2270,100.0,99.66720473723171
2271,100.0,100.08281474194715
2272,100.0,100.88060035289598
2273,100.0,100.2062782191682
2274,100.0,100.08811152019355
2275,99.0,100.09816938693317
2276,106.0,99.92956978581736
2277,102.0,103.74861419918311
2278,102.0,102.83681640108088
2279,101.0,102.71492006314618
2280,100.0,101.83662126932533
2281,99.0,101.17640249187195
2282,100.0,100.32250046304205
2283,101.0,100.32699056609897
2284,101.0,100.7341192650402
2285,101.0,101.05138039974086
2286,101.0,101.21494523501885
2287,100.0,101.20157362915269
2288,100.0,100.97657854899462
2289,100.0,100.6318859713377
2290,101.0,100.27748278311283
2291,100.0,100.63023134503135
2292,101.0,100.39999781130687
2293,100.0,100.83362565562722
2294,99.0,100.85101538329371
2295,99.0,100.27938955149732
2296,99.0,100.15904689330745
2297,99.0,99.77170820694022
2298,99.0,99.92118628604503
2299,99.0,100.0466570295607
2300,99.0,100.14527957692007
2301,99.0,100.13945697925094
2302,100.0,99.94555972116396
2303,101.0,100.08773824224157
2304,99.0,100.64591888934474
2305,99.0,100.2412496972938
2306,99.0,99.8596349052911
2307,99.0,99.78577611975525
2308,99.0,99.80849133935678
2309,99.0,99.62426162130483
2310,98.0,99.74642490681335
2311,97.0,99.11372057282239
2312,98.0,98.33024155722518
2313,97.0,98.18321401198298
2314,99.0,97.64416027070742
2315,97.0,98.2459641892365
2316,99.0,97.97772629402664
2317,98.0,98.4341303745368
2318,98.0,98.59956159957466
2319,96.0,98.37774656043052
2320,95.0,97.54069767221115
2321,96.0,96.79884542937846
2322,96.0,96.26073385601053
2323,95.0,95.4910768922696
2324,95.0,95.16410694160655
2325,95.0,95.29065983226184
2326,95.0,95.45935813668224
2327,94.0,95.63143119681749
2328,93.0,95.12335952555581
2329,93.0,94.88988583153186
2330,96.0,94.15141642013894
2331,93.0,94.94235291905072
2332,96.0,94.4904676552861
2333,96.0,95.64792272441206
2334,95.0,96.34784849535532
2335,95.0,95.99339954468923
2336,96.0,95.67861765753979
2337,96.0,95.60830680715324
2338,95.0,95.67747808302295
2339,96.0,95.48122091865305
2340,97.0,95.83625401342186
2341,101.0,96.82634147813411
2342,95.0,98.79625216118205
2343,94.0,85.79740470869545
2344,93.0,93.3121431183548
2345,92.0,94.2120471682517
2346,92.0,93.68391719088801
2347,92.0,92.85557572874065
2348,92.0,92.74086454273007
2349,93.0,93.06853618415862
2350,93.0,93.41208649539038
2351,94.0,93.47749268884066
2352,95.0,94.10866173779357
2353,94.0,95.08028181421354
2354,94.0,95.10277540003108
2355,92.0,94.51708614193349
2356,92.0,93.75335227377184
2357,92.0,93.27907930591645
2358,92.0,92.8444653258528
2359,93.0,92.50012359357862
2360,92.0,92.92041662144635
2361,93.0,93.34607372526816
2362,93.0,93.31887647833464
2363,93.0,93.37006939592128
2364,92.0,93.56433544544637
2365,93.0,93.33623928691806
2366,93.0,93.43400939664673
2367,95.0,93.48944296712045
2368,94.0,94.63898651773064
2369,95.0,95.07029034787884
2370,94.0,95.49974483701978
2371,94.0,95.54293201929988
2372,94.0,95.23069578010659
2373,94.0,95.00589990116327
2374,95.0,94.92539120480511
2375,95.0,95.37711495407129
2376,94.0,95.64936020344825
2377,95.0,95.18990978003677
2378,95.0,95.90485370742762
2379,94.0,94.65905020764927
2380,94.0,94.64571718580218
2381,95.0,93.27739058210487
2382,94.0,94.2663752617138
2383,94.0,93.91399997774727
2384,95.0,94.20326885526092
2385,94.0,94.99269788552049
2386,93.0,95.04526547094949
2387,93.0,95.23071193155643
2388,93.0,94.29020582865739
2389,94.0,94.09964384496342
2390,94.0,94.35158133806857
2391,94.0,94.57392937505759
2392,94.0,94.4874114420543
2393,94.0,94.4318899359092
2394,93.0,94.53955370597072
2395,93.0,94.67370764838364
2396,93.0,94.31824474558839
2397,93.0,94.10383873540928
2398,94.0,94.0261601319851
2399,93.0,94.23945797324427
2400,94.0,94.11745171572035
2401,94.0,94.25569197494409
2402,93.0,94.56056943412743
2403,93.0,94.26378115940814
2404,93.0,94.0623124605549
2405,93.0,93.79378114733953
2406,93.0,93.70159585004617
2407,93.0,93.89023042739197
2408,93.0,93.78544699921949
2409,93.0,93.7384552531981
2410,94.0,93.92479183815206
2411,94.0,94.25205879603172
2412,94.0,94.50575051605058
2413,94.0,94.65188524503745
2414,94.0,94.71706352358436
2415,94.0,94.60990314037635
2416,94.0,94.63141687156994
2417,93.0,94.5639226545758
2418,93.0,94.2544545944254
2419,93.0,93.87973736880932
2420,94.0,93.71863742423824
2421,94.0,94.10580472577654
2422,94.0,94.32590950584263
2423,94.0,94.54648806177086
2424,92.0,94.54819114242673
2425,92.0,93.76078014609503
2426,90.0,92.98671473384917
2427,92.0,91.44877188499859
2428,92.0,91.36974822472342
2429,90.0,91.62592457611011
2430,90.0,91.74468439221518
2431,90.0,91.53935280494068
2432,90.0,91.48602071755235
2433,90.0,90.82054868103687
2434,90.0,90.12646524842367
2435,90.0,89.67310661351206
2436,90.0,90.16143672654925
2437,90.0,90.54746176166242
2438,90.0,90.56476175905199
2439,89.0,90.77627037858946
2440,98.0,90.27114096310787
2441,90.0,93.54687931737496
2442,86.0,83.65450751129325
2443,86.0,85.93985331790658
2444,86.0,86.23892612547617
2445,86.0,86.19792836195283
2446,86.0,86.42532641892674
2447,86.0,86.69397348419935
2448,86.0,86.8899174899028
2449,86.0,87.00064824082934
2450,86.0,87.04513651212474
2451,86.0,87.05529039026067
2452,84.0,86.91451794262234
2453,83.0,86.26803642191355
2454,82.0,85.34511386407917
2455,82.0,84.33652581087219
2456,81.0,83.3512712188747
2457,81.0,82.53413527370873
2458,79.0,82.1947340904816
2459,75.0,81.33266122263564
2460,75.0,79.35190843022782
2461,76.0,77.91877233942174
2462,76.0,77.31282377940187
2463,76.0,77.17900363361906
2464,77.0,77.0567192122367
2465,76.0,77.52973416160972
2466,78.0,78.16289612001296
2467,78.0,78.59396037032178
2468,78.0,79.14035853476298
2469,78.0,79.38878398482959
2470,79.0,79.31754173416864
2471,78.0,80.11841137473513
2472,78.0,80.19453495246034
2473,77.0,79.98793098985917
2474,78.0,79.16726685020483
2475,77.0,79.48232241469886
2476,78.0,79.25499255273542
2477,79.0,79.13075201131626
2478,81.0,79.47399365039543
2479,86.0,80.98979824532506
2480,87.0,83.61131673980205
2481,88.0,86.13468466817626
2482,91.0,88.21770485179182
2483,91.0,90.25245373563716
2484,95.0,91.59166017256662
2485,97.0,93.74767952566516
2486,98.0,95.82792435181568
2487,101.0,97.56840279251202
2488,110.0,99.96906097799128
2489,108.0,104.90957906809068
2490,115.0,107.27683942017578
2491,117.0,111.11588964743152
2492,112.0,115.54616481789354
2493,112.0,114.87504201718922
2494,117.0,113.2666658361241
2495,116.0,114.36877527044771
2496,116.0,114.9515832893535
2497,113.0,115.60073563175472
2498,107.0,114.06413425054404
2499,113.0,110.50729135233428
2500,113.0,110.88779685378859
2501,109.0,112.36422107343631
2502,111.0,110.8456799293864
2503,111.0,110.53742076039175
2504,109.0,110.83011195066702
2505,108.0,110.47016993677376
2506,109.0,110.77595625149942
2507,103.0,109.11268217569342
2508,103.0,106.59293790641001
2509,103.0,105.77441428251153
2510,103.0,104.23916065006016
2511,103.0,103.43830357173245
2512,95.0,103.19026665376488
2513,101.0,99.62050102539924
2514,100.0,101.43242944234758
2515,101.0,101.04497096606069
2516,103.0,101.1046685192935
2517,103.0,102.18515654609122
2518,103.0,103.03857178816885
2519,103.0,103.42251373490338
2520,99.0,103.54050187062695
2521,101.0,101.19745949595605
2522,99.0,100.51084431429064
2523,100.0,99.92984884697859
2524,100.0,99.85283155569526
2525,99.0,100.00012021604329
2526,100.0,99.7017517911475
2527,101.0,100.00015431354852
2528,100.0,101.06338092697573
2529,100.0,101.05501088674492
2530,100.0,102.27820056213467
2531,100.0,103.11314617266311
2532,100.0,101.73136271933657
2533,109.0,100.95968502975947
2534,127.0,104.79308628743192
2535,110.0,118.02276487728727
2536,111.0,118.26112617949488
2537,113.0,114.40985513717443
2538,118.0,114.23767260610136
2539,124.0,116.56556312621207
2540,119.0,122.14955632409216
2541,122.0,122.25456587256248
2542,122.0,122.11788243364326
2543,124.0,122.18815200810243
2544,124.0,123.31768480965738
2545,122.0,123.82401481624412
2546,115.0,122.99042233829158
2547,111.0,118.06941116174252
2548,117.0,114.67592066238014
2549,116.0,114.95728699440572
2550,112.0,114.83488098849814
2551,114.0,113.2473962591562
2552,118.0,113.7253360547778
2553,118.0,115.55438052204805
2554,118.0,116.25210117143608
2555,110.0,116.6266631636731
2556,111.0,112.87123975989837
2557,116.0,112.1343146065712
2558,114.0,114.85705558318122
2559,114.0,115.64817378590377
2560,114.0,115.6372729032125
2561,115.0,114.70033582207785
2562,115.0,115.83657910239204
2563,114.0,115.53000125446111
2564,113.0,115.40112659289059
2565,115.0,114.49541834003132
2566,116.0,116.09545229725147
2567,115.0,116.06167243720333
2568,117.0,115.75630639666217
2569,114.0,117.90748569862382
2570,116.0,115.82658404684626
2571,114.0,115.91504733225311
2572,114.0,115.8888187236589
2573,117.0,116.87859886217271
2574,119.0,118.28721256560017
2575,117.0,119.80793079049377
2576,119.0,120.95858879114327
2577,112.0,120.65957430825368
2578,115.0,116.38584953299736
2579,115.0,116.95315485196019
2580,114.0,117.82156088275094
2581,117.0,116.27511250095142
2582,117.0,118.06369624040569
2583,117.0,118.56513774150598
2584,117.0,119.04922450974777
2585,117.0,117.49158227590287
2586,114.0,116.97930315195654
2587,118.0,117.44786209577788
2588,116.0,118.82135895803114
2589,116.0,117.87017315757345
2590,116.0,116.4782447991387
2591,124.0,115.99916901821132
2592,121.0,120.95564025424378
2593,122.0,123.22002865738041
2594,125.0,122.92931871161947
2595,123.0,125.82295862769129
2596,125.0,125.17026597721433
2597,125.0,125.82557875177727
2598,125.0,125.65515224222345
2599,129.0,127.2163352327955
2600,127.0,128.5544900308795
2601,127.0,129.91175019952465
2602,129.0,129.63329202577395
2603,130.0,130.61436698147264
2604,129.0,131.6460318672971
2605,128.0,131.76725747141185
2606,128.0,131.11956279735915
2607,128.0,131.02438050881676
2608,129.0,130.9697365647799
2609,127.0,131.26010194627747
2610,124.0,129.14285145662367
2611,128.0,125.65466949333364
2612,125.0,126.59473412327023
2613,126.0,126.90066232399627
2614,126.0,126.24056692567366
2615,126.0,125.51583521967672
2616,127.0,125.61820669800568
2617,127.0,126.01545878536668
2618,127.0,126.69063425402796
2619,126.0,129.1530017455485
2620,126.0,128.3304066103349
2621,127.0,126.31500357419286
2622,127.0,126.54491407892043
2623,125.0,128.10833673720433
2624,126.0,126.80214745296921
2625,127.0,126.52163625048264
2626,126.0,127.97295887381425
2627,127.0,128.80324389375963
2628,130.0,127.30166872614348
2629,136.0,128.49926104543715
2630,137.0,134.04032817614296
2631,136.0,135.87821960006582
2632,136.0,136.4066878605735
2633,136.0,136.0314143072405
2634,137.0,135.59213794198826
2635,136.0,136.05136134779914
2636,136.0,135.80387627103462
2637,136.0,136.26106997798166
2638,136.0,135.7004011102996
2639,136.0,135.60336858344718
2640,136.0,136.07390338796623
2641,136.0,135.96627551001546
2642,137.0,135.53317258781507
2643,137.0,136.7428641376482
2644,134.0,136.64930955632911
2645,125.0,134.75818295371698
2646,125.0,127.65715495881074
2647,137.0,125.36954794921908
2648,137.0,132.65742847817157
2649,137.0,135.73208128186786
2650,137.0,136.65790033304114
2651,137.0,136.86040900580383
2652,137.0,136.84901146602985
2653,137.0,136.79944625566648
2654,120.0,136.75785986152658
2655,120.0,126.5146642079662
2656,120.0,121.50594437763918
2657,120.0,119.85736230274452
2658,123.0,119.47355629737953
2659,125.0,121.51618349953817
2660,130.0,123.79379724818958
2661,130.0,128.09055937474156
2662,122.0,129.60006849344268
2663,120.0,124.55810628742626
2664,120.0,121.36344910868405
2665,120.0,120.18094852466504
2666,120.0,121.93812666719839
2667,120.0,120.49281417781468
2668,120.0,122.12188799320484
2669,120.0,120.58535480700462
2670,124.0,120.05535395336722
2671,127.0,122.69992236137863
2672,129.0,124.671467930072
2673,129.0,126.59148229803476
2674,129.0,128.49451790299932
2675,129.0,128.99543179007134
2676,129.0,129.06737034768116
2677,124.0,129.01974690051028
2678,124.0,125.547562050989
2679,124.0,124.2993474986699
2680,124.0,123.8932767196935
2681,124.0,125.23818641302381
2682,124.0,124.27264556286497
2683,124.0,123.96138379447898
2684,124.0,123.88277379078038
2685,124.0,123.879268926164
2686,121.0,123.8973890582846
2687,124.0,121.9151108511692
2688,124.0,122.87600905680037
2689,125.0,123.62281082170779
2690,125.0,124.56290506263578
2691,121.0,124.89543649586214
2692,121.0,122.30819765907572
2693,121.0,121.31642236785467
2694,123.0,120.97458231570094
2695,121.0,122.22247742823423
2696,121.0,121.88470215762483
2697,121.0,121.25461525581153
2698,121.0,121.02702248413672
2699,121.0,120.96159834463107
2700,121.0,120.95641193462527
2701,121.0,120.96809840589093
2702,121.0,120.97828817613761
2703,121.0,120.98655771845827
2704,128.0,120.99193615125667
2705,128.0,125.69006808757736
2706,121.0,127.4585908290213
2707,121.0,123.26227905556951
2708,124.0,121.64421783706537
2709,124.0,123.04785779124332
2710,124.0,123.64573690746006
2711,124.0,123.87813473546377
2712,124.0,123.95341574588875
2713,120.0,123.96756800516408
2714,120.0,121.53309047831485
2715,120.0,120.36572739201172
2716,120.0,119.9722188518037
2717,120.0,119.88172945674408
2718,120.0,119.89821649782479
2719,119.0,119.99370297200592
2720,119.0,119.28818341559966
2721,120.0,119.0456003038631
2722,120.0,119.63893009504015
2723,120.0,119.90190351490331
2724,120.0,120.00204340124534
2725,120.0,120.0318733345036
2726,120.0,120.03531897713721
2727,120.0,120.03003655573511
2728,120.0,120.02474695591086
2729,120.0,120.02114249068711
2730,120.0,120.01829624630331
2731,120.0,120.01688658365293
2732,120.0,120.01689824858894
2733,120.0,120.0169054270111
2734,120.0,120.01691170813048
2735,120.0,120.01691440003879
2736,120.0,120.01691529734155
2737,120.0,120.01691529734155
2738,120.0,120.01691619464432
2739,120.0,120.25001750801907
2740,120.0,120.09476169638359
2741,120.0,120.03423324078652
2742,120.0,120.01414532369313
2743,120.0,120.00956100384545
2744,120.0,120.00850398118337
2745,120.0,120.0108226115389
2746,120.0,120.01325609664889
2747,120.0,120.0162880827059
2748,120.0,120.01522926543828
2749,120.0,120.01600902154469
2750,120.0,120.01629615843083
2751,120.0,120.01751200368305
2752,120.0,120.01623424453976
2753,120.0,120.01623244993422
2754,120.0,120.01648638661788
2755,120.0,120.01669635546588
2756,120.0,120.01682018324802
2757,118.0,120.01688030253355
2758,118.0,118.71151205033223
2759,118.0,118.19168302088612
2760,118.0,118.0172455679541
2761,118.0,117.98347737284197
2762,125.0,117.99658247978569
2763,125.0,121.70748934722778
2764,125.0,124.09925795417288
2765,125.0,124.91480208422635
2766,125.0,125.11082146336241
2767,125.0,125.10075731550342
2768,121.0,125.04305536362922
2769,121.0,122.31513919329801
2770,121.0,121.28403871091535
2771,121.0,120.94075400130326
2772,121.0,120.86946329629278
2773,121.0,120.8908280752267
2774,120.0,120.93009135249723
2775,120.0,120.30296016600558
2776,120.0,120.06549706386991
2777,124.0,119.99603506190299
2778,124.0,122.62955049440377
2779,124.0,123.66277758434936
2780,124.0,123.99581240442923
2781,124.0,124.05933336476147
2782,124.0,124.03820547375862
2783,124.0,124.00292173426935
2784,124.0,123.97499767209281
2785,120.0,123.95685510740299
2786,120.0,121.28560988806417
2787,120.0,120.27331507711777
2788,120.0,119.94334723790291
2789,120.0,119.88106186348382
2790,118.0,119.90626709826978
2791,118.0,118.87044141950469
2792,118.0,118.23227161434671
2793,118.0,118.01927257490966
2794,118.0,117.97367075087772
2795,118.0,117.98757086807493
2796,118.0,118.01017661673859
2797,118.0,118.03039554003628
2798,118.0,118.04331849451786
2799,114.0,118.05108195807671
2800,114.0,115.01761938934773
2801,111.0,114.24860399708675
2802,111.0,112.12754423285212
2803,111.0,111.28014630314453
2804,111.0,111.0243174322552
2805,111.0,111.00826670464599
2806,111.0,111.06387524915971
2807,111.0,111.12322307863825
2808,111.0,111.16644413409789
2809,111.0,111.19278961637777
2810,111.0,111.20157645374486
2811,111.0,111.20773553995244
2812,111.0,111.20846168221838
2813,111.0,111.20705426282494
2814,111.0,111.20700648145248
2815,111.0,111.20728756154493
2816,111.0,111.20750740072337
2817,111.0,111.20764939888659
2818,100.0,111.2077191641769
2819,101.0,104.62694394994949
2820,101.0,102.09776419153938
2821,70.0,101.14595611161128
2822,75.0,85.13329477778358
2823,75.0,77.74073670238536
2824,70.0,74.96642369776872
2825,60.0,72.2578937537654
2826,61.0,66.81086754247958
2827,61.0,63.78086631918267
2828,50.0,62.634763027389475
2829,50.0,58.174238658950294
2830,50.0,54.893624361435535
2831,50.0,53.31892260734319
2832,67.0,52.6607151340469
2833,90.0,59.308476018924004
2834,99.0,73.55642007235181
2835,103.0,88.95729230243512
2836,103.0,99.81773804439305
2837,103.0,104.48306459147292
2838,103.0,105.52165396276706
2839,103.0,105.18307111966541
2840,103.0,104.56518439495312
2841,103.0,104.04683995293861
2842,103.0,103.70509770678672
2843,103.0,103.52436118841514
2844,103.0,103.4424872458937
2845,103.0,103.42011255269308
2846,123.0,103.41639906518287
2847,140.0,115.82201184058596
2848,140.0,130.02916226687043
2849,140.0,138.3352230156323
2850,140.0,140.2930192139937
2851,140.0,140.39414523607903
2852,140.0,140.14072180958814
2853,140.0,139.91492812996552
2854,140.0,139.77518578590622
2855,138.0,139.70197305836416
2856,138.0,138.2155676913636
2857,125.0,137.78257782931212
2858,125.0,125.0440370128587
2859,125.0,124.63516844384804
2860,125.0,124.52155555642693
2861,125.0,124.61490914192574
2862,125.0,124.7469867257308
2863,125.0,124.84623917963414
2864,125.0,124.90330225193668
2865,125.0,124.93024825409483
2866,130.0,124.9396412194825
2867,130.0,128.00338820532232
2868,130.0,129.46257120091184
2869,130.0,129.8950549842015
2870,130.0,129.97080169476365
2871,130.0,129.94460045390392
2872,130.0,129.90356859287536
2873,130.0,129.87191892960124
2874,130.0,129.85226979356196
2875,130.0,129.84183954617313
2876,130.0,129.83597477527385
2877,130.0,129.83465932941425
2878,130.0,129.83471675679147
2879,130.0,129.83487827128994
2880,130.0,129.83476521114102
2881,130.0,129.83478136259086
2882,130.0,129.8347921302241
2883,130.0,129.83481007627947
2884,130.0,129.8348208439127
2885,130.0,129.83483340615146
2886,100.0,129.834835200757
2887,75.0,110.56389107991939
2888,100.0,92.36149928876969
2889,120.0,92.472312591551
2890,120.0,106.05125551667219
2891,96.0,115.58792439146791
2892,119.0,108.92002398582545
2893,119.0,115.20660167151658
2894,119.0,119.33634524443204
2895,119.0,119.62816784562673
2896,119.0,119.52678070843555
2897,119.0,119.33045175984414
2898,119.0,119.17421160707087
2899,119.0,119.08960313436039
2900,119.0,119.05769504788873
2901,119.0,119.04572143973694
2902,119.0,119.03113219401303
2903,119.0,119.033670663547
2904,119.0,119.03636077724897
2905,119.0,119.0363598799462
2906,119.0,119.03636346915728
2907,119.0,119.03636795567112
2908,119.0,119.0363715448822
2909,119.0,119.03637244218497
2910,119.0,119.0363715448822
