,y_actual,y_predict
0,998.6104736328125,1432.8275625046858
1,998.6104736328125,1003.1914403288943
2,998.6104736328125,999.5973013389344
3,1034.275390625,1286.5451255208645
4,1034.275390625,929.8880865447995
5,1034.275390625,983.0328990270436
6,1016.4431762695317,822.8233484736334
7,1016.4431762695317,946.906411669524
8,998.6104736328125,1057.820112764999
9,998.6104736328125,1376.4288431222985
10,927.2813110351562,1310.5632708506564
11,927.2813110351562,1165.6890866896251
12,927.2813110351562,954.8868843672162
13,927.2813110351562,1431.0720769317945
14,927.2813110351562,1121.4331525835642
15,945.11376953125,780.6762932716151
16,945.11376953125,962.8723975403127
17,927.2813110351562,916.3373284720947
18,927.2813110351562,1010.4119213461227
19,927.2813110351562,1095.0123806442002
20,891.61669921875,1086.1551452525023
21,891.61669921875,1097.7426381550777
22,873.7842407226567,1078.7884904485377
23,873.7842407226567,1081.310688335766
24,855.9520263671875,1033.356445414714
25,855.9520263671875,997.5525484830955
26,927.2813110351562,1007.3839957599566
27,909.4490966796875,1004.8659982688991
28,909.4490966796875,1026.4893577286375
29,909.4490966796875,1000.0839872418987
30,909.4490966796875,1036.3451673032878
31,891.61669921875,1070.8995863873647
32,909.4490966796875,1068.8878766480675
33,891.61669921875,1068.5210420491703
34,945.11376953125,1053.5550304933913
35,945.11376953125,963.781923324449
36,945.11376953125,963.3268804059699
37,927.2813110351562,977.937818472129
38,945.11376953125,988.5810623155576
39,945.11376953125,991.2961984002213
40,945.11376953125,978.2822509581165
41,927.2813110351562,1013.0814131257325
42,945.11376953125,1018.7152644961266
43,927.2813110351562,995.4237877038449
44,927.2813110351562,1066.149218344849
45,927.2813110351562,1005.8673727159658
46,927.2813110351562,1013.3418376883083
47,927.2813110351562,1040.6906171549595
48,909.4490966796875,1025.7834111455686
49,909.4490966796875,984.6856149069613
50,909.4490966796875,987.1837305228114
51,873.7842407226567,979.5342490433609
52,855.9520263671875,1034.5067939126307
53,909.4490966796875,1030.3845251108223
54,909.4490966796875,1036.1693107169463
55,909.4490966796875,1033.2903591816303
56,855.9520263671875,1031.3184131927483
57,891.61669921875,1042.1825978747497
58,891.61669921875,1044.5471408923754
59,820.2872924804688,1038.0172050055903
60,855.9520263671875,1033.189269647125
61,855.9520263671875,1018.7270256054044
62,855.9520263671875,1027.818923129832
63,855.9520263671875,1017.6668456119496
64,820.2872924804688,1012.2225721220543
65,820.2872924804688,1000.6933247130441
66,820.2872924804688,1000.8691812993861
67,820.2872924804688,1001.4502361029831
68,838.1195678710938,987.9255204865358
69,838.1195678710938,989.8145786576515
70,838.1195678710938,995.0575131577707
71,838.1195678710938,984.3725453790471
72,820.2872924804688,984.5192792186062
73,820.2872924804688,989.9229488788528
74,820.2872924804688,990.8041919954403
75,820.2872924804688,983.2863229293353
76,820.2872924804688,974.7709997859224
77,802.4549560546875,977.8703321069884
78,802.4549560546875,967.1509210796662
79,713.2933349609375,961.8872646251061
80,659.79638671875,961.0200228290869
81,659.79638671875,947.0923492066754
82,820.2872924804688,943.4450051985541
83,820.2872924804688,918.1516195913741
84,766.790283203125,907.0270103467969
85,731.125610351563,931.1344841018163
86,695.4611206054688,909.0894048665518
87,695.4611206054688,911.3564986930201
88,695.4611206054688,928.401986379648
89,695.4611206054688,879.6421074730788
90,677.6287231445312,946.4552891208036
91,641.9638671875,955.9434240173227
92,641.9638671875,936.1435965484397
93,677.6287231445312,837.346358246622
94,677.6287231445312,808.0085511799953
95,713.2933349609375,836.6166094185864
96,713.2933349609375,778.4985278703748
97,677.6287231445312,822.9403995135872
98,677.6287231445312,873.9897743595338
99,695.4611206054688,786.5705692045854
100,695.4611206054688,873.1608961818729
101,695.4611206054688,887.157456301482
102,695.4611206054688,944.8566183382809
103,677.6287231445312,787.105419650306
104,677.6287231445312,733.8102329851554
105,677.6287231445312,804.2755190899943
106,677.6287231445312,780.8787523670371
107,677.6287231445312,753.5576955151118
108,677.6287231445312,734.7029571846092
109,713.2933349609375,686.0172852770538
110,713.2933349609375,799.8802245370989
111,713.2933349609375,775.0029581772174
112,713.2933349609375,875.2095694074706
113,713.2933349609375,817.8528796717796
114,713.2933349609375,813.5695956834329
115,713.2933349609375,880.6894062516103
116,766.790283203125,880.0901497312739
117,748.9579467773433,789.6292976960021
118,748.9579467773433,785.775294196289
119,748.9579467773433,751.9733060795688
120,748.9579467773433,833.4044264537379
121,748.9579467773433,838.8562606567402
122,748.9579467773433,864.3490250688174
123,748.9579467773433,863.0065784526996
124,748.9579467773433,872.7831405529319
125,731.125610351563,843.1972300858297
126,731.125610351563,854.6021457681904
127,748.9579467773433,881.1455692757354
128,802.4549560546875,868.7378790142511
129,802.4549560546875,817.4961260236914
130,802.4549560546875,786.004915853614
131,802.4549560546875,796.8083348043474
132,802.4549560546875,863.765450027518
133,802.4549560546875,916.7738896474239
134,945.11376953125,978.7616561743857
135,945.11376953125,970.876952509383
136,945.11376953125,794.446872077247
137,945.11376953125,736.3769550717916
138,766.790283203125,909.9364847609522
139,766.790283203125,844.2156861439898
140,748.9579467773433,1014.6184780977537
141,748.9579467773433,966.7647646583841
142,731.125610351563,978.9167908062855
143,748.9579467773433,739.5278122525497
144,748.9579467773433,780.5236788774173
145,748.9579467773433,924.7627631374567
146,748.9579467773433,869.6924890506184
147,748.9579467773433,860.0450191260288
148,748.9579467773433,702.0347960075351
149,748.9579467773433,713.0541153214363
150,748.9579467773433,811.5259629332395
151,748.9579467773433,871.9125384399763
152,748.9579467773433,1059.2647690212675
153,748.9579467773433,896.3622044696922
154,748.9579467773433,811.8059893446116
155,748.9579467773433,949.2373515177851
156,748.9579467773433,899.1862708283793
157,731.125610351563,736.5348899678052
158,731.125610351563,816.2920124547918
159,731.125610351563,768.9854706232436
160,731.125610351563,891.7543698705654
161,713.2933349609375,900.7933424032435
162,713.2933349609375,882.7240781566397
163,713.2933349609375,875.4736343133945
164,713.2933349609375,893.548499088226
165,731.125610351563,892.5306030828888
166,802.4549560546875,868.5258990208426
167,802.4549560546875,876.2431468918448
168,784.6226806640625,840.7811622085114
169,802.4549560546875,854.3274398586341
170,784.6226806640625,886.0955961495588
171,784.6226806640625,880.2931688795188
172,784.6226806640625,918.8525256990383
173,784.6226806640625,931.1437249733917
174,784.6226806640625,932.7807593742727
175,784.6226806640625,893.195665809897
176,766.790283203125,880.5992377471484
177,784.6226806640625,913.6308732061839
178,784.6226806640625,910.6547525061214
179,784.6226806640625,909.9448855532937
180,784.6226806640625,845.1562948597884
181,784.6226806640625,835.5200259916533
182,802.4549560546875,871.3177623422221
183,802.4549560546875,898.8580798742514
184,784.6226806640625,929.8015583836855
185,784.6226806640625,894.4804269852721
186,784.6226806640625,878.1756091567236
187,784.6226806640625,922.3461352073159
188,784.6226806640625,933.462903712375
189,784.6226806640625,905.9113851238903
190,784.6226806640625,908.7150095545476
191,784.6226806640625,883.6812084307094
192,784.6226806640625,929.165898429871
193,784.6226806640625,934.4320751221335
194,784.6226806640625,919.8530600668705
195,784.6226806640625,921.1521025892257
196,784.6226806640625,914.8744704990872
197,802.4549560546875,912.7765126250879
198,802.4549560546875,922.053227581021
199,838.1195678710938,932.6900308169879
200,820.2872924804688,940.5766946668705
201,820.2872924804688,908.5576347113565
202,820.2872924804688,896.3549237829966
203,820.2872924804688,930.6814013682165
204,838.1195678710938,932.1722619823613
205,909.4490966796875,952.7623239841364
206,927.2813110351562,967.0447910697562
207,909.4490966796875,937.724345640635
208,909.4490966796875,894.2256029509235
209,927.2813110351562,902.6689593066135
210,927.2813110351562,961.404779118312
211,909.4490966796875,1003.407340692062
212,927.2813110351562,1064.36152973465
213,909.4490966796875,1035.240183084014
214,909.4490966796875,1039.6718810703878
215,927.2813110351562,1006.7771785265136
216,909.4490966796875,951.6058149051701
217,927.2813110351562,995.6492089649996
218,927.2813110351562,945.1475657796964
219,927.2813110351562,928.066234712413
220,927.2813110351562,955.0414589462935
221,962.9460449218755,975.5027087988378
222,962.9460449218755,985.9418133883764
223,962.9460449218755,1030.5281786598566
224,945.11376953125,1034.9923597099496
225,980.778564453125,1063.3413935180215
226,962.9460449218755,1064.3584494441247
227,962.9460449218755,1101.1942437016496
228,980.778564453125,1141.2489415578957
229,998.6104736328125,1129.6412867537015
230,998.6104736328125,1019.253755285195
231,998.6104736328125,1010.2405451823629
232,962.9460449218755,1029.167810353411
233,962.9460449218755,1062.7256154394145
234,962.9460449218755,1056.4600244849648
235,927.2813110351562,1048.8186637714443
236,962.9460449218755,1056.6669640029686
237,927.2813110351562,1058.7598814015637
238,927.2813110351562,1076.1537219439383
239,945.11376953125,1098.759134028358
240,909.4490966796875,1059.4812294372578
241,980.778564453125,1038.1499375245808
242,1034.275390625,1044.0652154384038
243,1052.1077880859375,1034.6633286765873
244,1052.1077880859375,1035.1872580922645
245,1016.4431762695317,1126.3084124055517
246,1016.4431762695317,1208.8478773159309
247,1016.4431762695317,1164.9055727906061
248,1069.9398193359375,1224.0435105290348
249,1052.1077880859375,1179.71336942396
250,1069.9398193359375,1171.0031478982328
251,1052.1077880859375,996.4755669049587
252,1052.1077880859375,1122.4577692227745
253,998.6104736328125,1157.6512085776021
254,1052.1077880859375,1097.1058580956174
255,998.6104736328125,1127.0230398073732
256,998.6104736328125,1082.4257535058491
257,980.778564453125,949.6685921912981
258,980.778564453125,1060.0359617581857
259,998.6104736328125,1068.014474270998
260,1034.275390625,1156.9553429453426
261,998.6104736328125,1050.3016836460706
262,1013.6272583007812,1077.9321696825623
263,1013.6272583007812,1174.069717129168
264,1032.398193359375,1091.1642576991253
265,1069.93994140625,980.543464229946
266,1069.93994140625,1143.7422967247526
267,1069.93994140625,1032.6051345530027
268,1069.93994140625,1074.8709209534427
269,1069.93994140625,1135.2614168299388
270,1069.93994140625,1090.0517127667445
271,1088.7110595703125,1088.1576141202236
272,1088.7110595703125,1130.0691671102782
273,1088.7110595703125,1105.28850986232
274,1088.7110595703125,1105.5612555869966
275,1051.1690673828125,1083.494054265234
276,1032.398193359375,1130.1918186784592
277,1051.1690673828125,1127.2927052415243
278,1032.398193359375,1130.6995065622768
279,1032.398193359375,1068.703619269385
280,1032.398193359375,1060.0138396716875
281,1032.398193359375,1095.8827027307443
282,994.8564453125,1122.0366095000709
283,976.085693359375,1167.2639552271817
284,994.8564453125,1115.4120246862426
285,994.8564453125,1095.3548529453083
286,994.8564453125,1149.6847372004786
287,994.8564453125,1143.4387480948253
288,1088.7110595703125,1114.8122081130837
289,1088.7110595703125,1123.636960441062
290,1088.7110595703125,1076.9862404649475
291,1069.93994140625,1101.908871103471
292,994.8564453125,1137.975712835368
293,1013.6272583007812,1141.2999063647653
294,1013.6272583007812,1160.8600312255144
295,1013.6272583007812,1161.8499245897146
296,1032.398193359375,1160.031713100676
297,1032.398193359375,1115.4498282517775
298,1013.6272583007812,1109.226241259034
299,1013.6272583007812,1139.6891944465533
300,1013.6272583007812,1125.2966769812642
301,994.8564453125,1112.9741147488376
302,994.8564453125,1077.4460438324204
303,994.8564453125,1068.6977387147463
304,1013.6272583007812,1088.2077388478592
305,1013.6272583007812,1110.8683161353197
306,976.085693359375,1122.8061220785212
307,994.8564453125,1092.0721033247937
308,1013.6272583007812,1075.825250963399
309,994.8564453125,1117.4982214509641
310,994.8564453125,1099.2909041835537
311,994.8564453125,1122.4140851026004
312,994.8564453125,1176.774212210199
313,1051.1690673828125,1161.3646388188067
314,1069.93994140625,1197.3830359815365
315,1088.7110595703125,1121.5650450233206
316,1201.336181640625,1076.512435776906
317,1163.79443359375,1236.328549222338
318,1238.8779296875,1266.9525175963963
319,1238.8779296875,1362.6283014906498
320,1238.8779296875,1621.4443923597332
321,1313.96142578125,1599.4536382482747
322,1464.1285400390625,1320.1116114256206
323,1407.8156738281255,1239.959371672188
324,1389.045043945312,1315.994663125629
325,1389.045043945312,1136.1068165658708
326,1389.045043945312,1585.4383163591037
327,1464.1285400390625,1037.2367713970966
328,1501.6702880859375,1041.3803222061688
329,1539.2117919921875,1446.7501956516926
330,1539.2117919921875,1641.9524066229765
331,1539.2117919921875,1384.9746891445507
332,1501.6702880859375,1403.6826936354946
333,1651.8372802734375,1446.49453153811
334,1708.14990234375,1441.2560774605731
335,1670.60791015625,1459.6717343780442
336,1576.7537841796875,1560.3157468628606
337,1576.7537841796875,1619.5964980710887
338,1576.7537841796875,1432.6309839639025
339,1802.004150390625,2047.1635050932523
340,1764.4625244140625,1691.1219641693829
341,1783.2333984375,1582.2871791519342
342,1783.2333984375,1229.3614921074013
343,1745.6917724609375,1574.783031379986
344,1726.920654296875,1596.0924812325761
345,1726.920654296875,1385.4538143344084
346,1708.14990234375,1740.0626001244927
347,1689.3790283203125,1505.938538144168
348,1614.29541015625,1026.9247987983208
349,1633.066650390625,1555.5715394013955
350,1614.29541015625,2198.2012105817876
351,1614.29541015625,1517.8710235855538
352,1595.5247802734375,1695.978182195397
353,1708.14990234375,1250.7286274007342
354,1726.920654296875,1580.889287306365
355,1501.6702880859375,1562.6671286391515
356,1576.7537841796875,1596.509440559109
357,1520.4410400390625,1619.3803176815095
358,1501.6702880859375,1612.8108980707216
359,1501.6702880859375,1351.0021649433052
360,1464.1285400390625,2086.0665943327313
361,1482.8992919921875,1709.1476843090186
362,1482.8992919921875,1391.3200876262413
363,1464.1285400390625,1556.6504811644118
364,1445.357543945313,1432.8200017915788
365,1445.357543945313,1626.2423648921817
366,1426.586669921875,1507.0211202505325
367,1389.045043945312,1572.8130455759838
368,1426.586669921875,1496.5932167174487
369,1576.7537841796875,1479.077284659716
370,1576.7537841796875,1462.966805160659
371,1576.7537841796875,1568.6151696431052
372,1576.7537841796875,1706.79168209694
373,1576.7537841796875,1668.4473855613542
374,1576.7537841796875,1606.5307457428808
375,1576.7537841796875,1727.9234551915142
376,1576.7537841796875,1637.5982759525523
377,1651.8372802734375,1555.4001632376358
378,1595.5247802734375,1547.5499028212316
379,1670.60791015625,1433.679682874491
380,1670.60791015625,1434.340545205329
381,1670.60791015625,1439.7646567936054
382,1670.60791015625,1530.2845944016767
383,1670.60791015625,1560.439518536687
384,1670.60791015625,1657.1177969836522
385,1670.60791015625,1697.503206031729
386,1670.60791015625,1678.4818519864598
387,1614.29541015625,1612.2466448518066
388,1595.5247802734375,1648.5125853621894
389,1576.7537841796875,1604.3913439599983
390,1576.7537841796875,1629.7261734760614
391,1557.9827880859375,1572.7127961207125
392,1557.9827880859375,1564.3402864470995
393,1557.9827880859375,1553.9809893848023
394,1557.9827880859375,1601.9371924907337
395,1539.2117919921875,1628.4621342551281
396,1482.8992919921875,1636.377920851793
397,1482.8992919921875,1559.6789668034007
398,1482.8992919921875,1605.1661770402648
399,1482.8992919921875,1567.9590677612605
400,1464.1285400390625,1643.457548584101
401,1464.1285400390625,1650.1927438304215
402,1426.586669921875,1666.239937360508
403,1426.586669921875,1599.3827915661977
404,1482.8992919921875,1565.282855347778
405,1689.3790283203125,1453.1308774612162
406,1689.3790283203125,1510.6009778935127
407,1895.858642578125,1563.601296747489
408,1877.0877685546875,1661.972054824787
409,1802.004150390625,2151.919565415861
410,1802.004150390625,2074.535526752047
411,1802.004150390625,1891.0822439094945
412,1764.4625244140625,2025.9951885519938
413,1764.4625244140625,1661.5646163962406
414,1783.2333984375,1748.4345497452828
415,1764.4625244140625,1949.511714827152
416,1764.4625244140625,1588.6953035497722
417,1764.4625244140625,1469.096863332005
418,1745.6917724609375,1850.5141176279976
419,1764.4625244140625,1530.8144043719926
420,1764.4625244140625,1625.3989253411291
421,1726.920654296875,1825.5620842162803
422,1726.920654296875,2055.956194397129
423,1745.6917724609375,1856.052059952497
424,1745.6917724609375,2036.8099485723878
425,1745.6917724609375,1874.3890294483726
426,1745.6917724609375,1847.1567409688528
427,1745.6917724609375,1604.1958855248604
428,1745.6917724609375,1940.3719327863796
429,1783.2333984375,1860.9600828646148
430,1764.4625244140625,1654.2758089346376
431,1764.4625244140625,1664.9714177169926
432,1745.6917724609375,1667.4017669412906
433,1764.4625244140625,1698.873935315395
434,1802.004150390625,1810.7584879790966
435,1802.004150390625,1815.3350996333556
436,1764.4625244140625,1665.509068426827
437,1802.004150390625,1633.6776261669324
438,1783.2333984375,1844.9596537452276
439,1726.920654296875,1777.5976203312134
440,1726.920654296875,1783.7632418568028
441,1726.920654296875,1753.854460937389
442,1726.920654296875,1783.1362627217409
443,1783.2333984375,1598.1515154353947
444,1858.317138671875,1707.749512437038
445,1820.7752685546875,1783.3230403381262
446,1820.7752685546875,1646.627727587244
447,1802.004150390625,1572.3328002804806
448,1802.004150390625,1770.740193556329
449,1802.004150390625,1634.1088668404454
450,1802.004150390625,1669.1197289750585
451,1802.004150390625,1742.8889066944707
452,1802.004150390625,1887.8907828990873
453,1820.7752685546875,1725.320609697811
454,1820.7752685546875,1792.1872763901083
455,1820.7752685546875,1921.3026942247661
456,1802.004150390625,1935.0595517362408
457,1802.004150390625,1681.27595551913
458,1783.2333984375,1673.9325429073097
459,1783.2333984375,1604.3372988626033
460,1783.2333984375,1881.1998318257638
461,1764.4625244140625,1699.1444408287807
462,1764.4625244140625,1844.183980585727
463,1726.920654296875,1634.4843822580951
464,1726.920654296875,1710.4923711364272
465,1726.920654296875,1935.608823542147
466,1726.920654296875,1892.501557775534
467,1726.920654296875,1762.1578040873928
468,1726.920654296875,1787.4338280570678
469,1726.920654296875,1632.171364100162
470,1726.920654296875,1914.0729723359627
471,1726.920654296875,1867.48903865896
472,1726.920654296875,1760.4059588578493
473,1726.920654296875,1796.4039140925488
474,1726.920654296875,1796.2650209925082
475,1689.3790283203125,1845.7253859671246
476,1689.3790283203125,1785.3579922695667
477,1651.8372802734375,1742.8296811084656
478,1670.60791015625,1732.3865161359622
479,1670.60791015625,1720.2617925631694
480,1670.60791015625,1767.2255820671985
481,1689.3790283203125,1747.17989140913
482,1651.8372802734375,1741.362342712876
483,1670.60791015625,1727.7571195031592
484,1670.60791015625,1723.4760757261033
485,1670.60791015625,1727.9157544652016
486,1670.60791015625,1718.2509229031066
487,1670.60791015625,1740.8190914748143
488,1670.60791015625,1739.7486905173446
489,1501.6702880859375,1749.2070026010524
490,1501.6702880859375,1708.8666778052066
491,1426.586669921875,1660.4537516223277
492,1445.357543945313,1673.3635292394015
493,1464.1285400390625,1645.7834479569574
494,1407.8156738281255,1535.7406290008498
495,1389.045043945312,1505.806645704412
496,1389.045043945312,1619.477486846256
497,1426.586669921875,1579.982561786342
498,1426.586669921875,1678.3821625840114
499,1464.1285400390625,1710.424184705258
500,1445.357543945313,1705.0574785313129
501,1445.357543945313,1522.7185607928154
502,1445.357543945313,1506.4221437566075
503,1445.357543945313,1594.3745191988087
504,1445.357543945313,1526.9130764087572
505,1445.357543945313,1515.5221620469651
506,1389.045043945312,1379.5220148623143
507,1426.586669921875,1349.657758142308
508,1426.586669921875,1419.6503596647512
509,1426.586669921875,1481.8974306486439
510,1407.8156738281255,1593.138202592601
511,1426.586669921875,1472.0335003080636
512,1445.357543945313,1423.9000404837334
513,1445.357543945313,1509.528756764369
514,1445.357543945313,1490.8017104774522
515,1389.045043945312,1355.2246832003843
516,1389.045043945312,1421.3680416721077
517,1389.045043945312,1397.4764682802556
518,1389.045043945312,1480.4457737320909
519,1426.586669921875,1469.7182419388391
520,1445.357543945313,1471.2925504235732
521,1445.357543945313,1445.458713842445
522,1445.357543945313,1464.9395912287755
523,1407.8156738281255,1486.1877152972747
524,1426.586669921875,1488.4685304179002
525,1407.8156738281255,1457.4883684485767
526,1389.045043945312,1452.3647251997022
527,1351.5030517578125,1470.0699551115226
528,1351.5030517578125,1433.7365282359992
529,1370.274169921875,1419.1233499585492
530,1370.274169921875,1421.4290874297867
531,1482.8992919921875,1423.1453693050858
532,1407.8156738281255,1480.4656556072987
533,1445.357543945313,1489.5343109395822
534,1445.357543945313,1479.0736443163682
535,1468.8594970703125,1377.0857850833772
536,1468.8594970703125,1427.938581388541
537,1449.2744140625,1443.158016846612
538,1468.8594970703125,1493.7627097513
539,1468.8594970703125,1499.7911183353176
540,1468.8594970703125,1454.6665423011805
541,1449.2744140625,1378.0031516070321
542,1410.1048583984375,1377.8608981900552
543,1468.8594970703125,1483.3726097837516
544,1527.6136474609375,1491.1136598997205
545,1488.444091796875,1423.9907690410182
546,1488.444091796875,1345.1255306742514
547,1488.444091796875,1329.3256004654063
548,1488.444091796875,1444.9443053247542
549,1488.444091796875,1459.5586037078501
550,1468.8594970703125,1535.0030394332957
551,1468.8594970703125,1478.6256020581727
552,1429.6898193359375,1523.9750393006416
553,1488.444091796875,1539.8794193609288
554,1449.2744140625,1372.6134832673542
555,1449.2744140625,1297.6501329166458
556,1468.8594970703125,1425.9142704607325
557,1488.444091796875,1451.5582491349505
558,1527.6136474609375,1516.3832432619342
559,1468.8594970703125,1569.286953003987
560,1449.2744140625,1568.2472149385626
561,1449.2744140625,1466.2585156263376
562,1468.8594970703125,1433.114589576342
563,1468.8594970703125,1507.1776550144896
564,1468.8594970703125,1476.1045242765904
565,1468.8594970703125,1548.785939401028
566,1468.8594970703125,1444.1423096825847
567,1468.8594970703125,1361.6300073341085
568,1468.8594970703125,1295.4603263797167
569,1488.444091796875,1471.6369829095606
570,1488.444091796875,1563.3145497022438
571,1488.444091796875,1525.7246443188942
572,1488.444091796875,1411.583918858768
573,1488.444091796875,1477.0605344450146
574,1488.444091796875,1487.4579150992586
575,1488.444091796875,1493.8391569616047
576,1488.444091796875,1454.0625253318508
577,1488.444091796875,1438.0581758427043
578,1488.444091796875,1447.1601543179413
579,1508.02880859375,1550.1796308504267
580,1508.02880859375,1595.6786021965681
581,1508.02880859375,1491.8725314745388
582,1508.02880859375,1459.131003377685
583,1508.02880859375,1499.334675284781
584,1508.02880859375,1525.0024562039657
585,1508.02880859375,1515.948642271485
586,1488.444091796875,1461.6593618459633
587,1468.8594970703125,1453.760656860392
588,1566.7833251953125,1500.3668526370984
589,1547.198486328125,1547.6885158948608
590,1527.6136474609375,1555.7084723165563
591,1508.02880859375,1535.4163584164808
592,1488.444091796875,1533.1786673632068
593,1527.6136474609375,1511.722763697469
594,1508.02880859375,1575.8406911357383
595,1527.6136474609375,1529.0706799083787
596,1527.6136474609375,1571.3420668370463
597,1527.6136474609375,1470.8699905688127
598,1527.6136474609375,1483.102664323189
599,1547.198486328125,1540.8796737023495
600,1605.9530029296875,1587.8319821235123
601,1566.7833251953125,1597.7499575614875
602,1566.7833251953125,1477.3517619128415
603,1566.7833251953125,1444.4853420365152
604,1566.7833251953125,1516.0536521757494
605,1566.7833251953125,1539.2034356038766
606,1566.7833251953125,1634.7730894882197
607,1488.444091796875,1548.298413418829
608,1527.6136474609375,1526.6075675939505
609,1547.198486328125,1562.343698134017
610,1527.6136474609375,1573.362737421507
611,1527.6136474609375,1564.259358814213
612,1527.6136474609375,1544.9366963503076
613,1527.6136474609375,1533.7633625101516
614,1566.7833251953125,1549.4493219695682
615,1586.367919921875,1558.8366473579936
616,1645.122314453125,1530.2375499645664
617,1625.5374755859375,1544.647989120183
618,1645.122314453125,1540.0149521440326
619,1605.9530029296875,1505.0332127562024
620,1605.9530029296875,1583.2577506937496
621,1703.8768310546875,1695.8180070880921
622,1743.046630859375,1719.1058435370255
623,1880.1397705078125,1644.7462301292353
624,1860.5552978515625,1681.3815254762176
625,1860.5552978515625,1677.4608756905973
626,1860.5552978515625,1648.263081829657
627,1860.5552978515625,1764.6934432423664
628,1860.5552978515625,1692.8164039845951
629,1860.5552978515625,1737.699037199307
630,1860.5552978515625,1725.261384111806
631,1860.5552978515625,1748.7760419539509
632,1860.5552978515625,1369.4598258224823
633,1860.5552978515625,1479.3665519426631
634,1880.1397705078125,1974.3888411738276
635,1880.1397705078125,1884.049660614297
636,1880.1397705078125,1890.8586428200142
637,1880.1397705078125,2017.2562643191004
638,1840.969970703125,1873.8160954107057
639,1801.80078125,1904.0382258844452
640,1723.4615478515625,1960.6238628964234
641,1723.4615478515625,1960.0975532562497
642,1664.707153320312,1630.2579436312567
643,1645.122314453125,1625.867689553766
644,1625.5374755859375,1825.406809571174
645,1625.5374755859375,1724.8857286809503
646,1605.9530029296875,1689.113894773434
647,1625.5374755859375,1901.5048269407625
648,1684.2919921875005,1679.0085816662508
649,1703.8768310546875,1707.3844980098143
650,1703.8768310546875,1770.148357735894
651,1723.4615478515625,1772.0867005554114
652,1723.4615478515625,1762.7643412944244
653,1743.046630859375,1770.342696065386
654,1743.046630859375,1905.160851767636
655,1743.046630859375,1751.3066406335201
656,1762.6309814453125,1721.1996010148546
657,1762.6309814453125,1677.921799163716
658,1684.2919921875005,1608.5735384138397
659,1684.2919921875005,1635.2634157345324
660,1703.8768310546875,1627.283503089663
661,1703.8768310546875,1629.0599906434072
662,1703.8768310546875,1623.9472684245766
663,1743.046630859375,1579.781502822977
664,1762.6309814453125,1760.172696857176
665,1821.3856201171875,1750.3885740438368
666,1782.216064453125,1646.6369684588194
667,1782.216064453125,1590.1595616548366
668,1801.80078125,1600.0363732103401
669,1801.80078125,1790.404068202491
670,1782.216064453125,1821.9966479334853
671,1801.80078125,1811.2535746744024
672,1801.80078125,1774.561293952706
673,1821.3856201171875,1684.3596063611594
674,1801.80078125,1659.3700494103177
675,1801.80078125,1718.3966766502258
676,1801.80078125,1786.3128823323455
677,1821.3856201171875,1707.1886195350598
678,1801.80078125,1683.459321448598
679,1801.80078125,1798.71763231651
680,1801.80078125,1755.440110491783
681,1821.3856201171875,1689.3325954007155
682,1801.80078125,1735.1045924979449
683,1801.80078125,1645.4264142824582
684,1801.80078125,1755.677712901832
685,1801.80078125,1809.3380540074122
686,1801.80078125,1918.1669584702217
687,1840.969970703125,1953.4273241373676
688,1821.3856201171875,1996.2353816834293
689,1821.3856201171875,2014.9513669270973
690,1860.5552978515625,1945.0067899342043
691,1899.724365234375,1875.7555583358685
692,1978.06396484375,1810.6321960675682
693,1958.479248046875,1731.0355287142975
694,1958.479248046875,2089.9063164854642
695,1958.479248046875,2055.3574979296154
696,1919.3095703125,2089.5838660727695
697,1919.3095703125,2175.031265252042
698,1958.479248046875,2124.011713218906
699,1938.8944091796875,2098.139373006214
700,1958.479248046875,1945.5181181613698
701,1958.479248046875,1966.5664433853553
702,1978.06396484375,2028.6036345739244
703,1978.06396484375,1873.2797048197226
704,1997.6485595703125,1952.6986954149775
705,1958.479248046875,2029.013173200556
706,1958.479248046875,2069.750715460933
707,1958.479248046875,2018.1201457981833
708,1958.479248046875,2023.0290087895353
709,1958.479248046875,1981.3417569549902
710,1958.479248046875,1911.2540864658858
711,1958.479248046875,2054.2249311088212
712,1958.479248046875,2166.7821072126385
713,1958.479248046875,2054.0147712870867
714,1919.3095703125,1977.1879851819026
715,1919.3095703125,2120.4381561701816
716,1919.3095703125,2020.6700663001373
717,1958.479248046875,1981.7141920821146
718,1978.06396484375,1999.5945785142485
719,1978.06396484375,1920.0431354264147
720,2017.2335205078125,1911.6277817118616
721,2017.2335205078125,1876.7982366786123
722,2036.8186035156252,1826.3859219185365
723,2036.8186035156252,1915.6689828675776
724,2056.40283203125,1963.3923440124531
725,2056.40283203125,2060.4947224594416
726,2056.40283203125,1986.0277189228896
727,2115.15771484375,2023.7583375779539
728,2095.572509765625,2144.3048072114216
729,2095.572509765625,2076.520493969058
730,1958.479248046875,1950.2812274056023
731,1978.06396484375,1862.8382200056872
732,1978.06396484375,1856.37101003505
733,1958.479248046875,1929.2434031720431
734,1938.8944091796875,1945.8618505813288
735,1938.8944091796875,2026.7113560990776
736,1958.479248046875,1850.9342972582617
737,1958.479248046875,1901.7939542105041
738,1978.06396484375,2027.2817698990425
739,2017.2335205078125,2074.7127834704456
740,2017.2335205078125,2013.6330025823577
741,2036.8186035156252,2012.519337544331
742,2075.98779296875,1955.9419613114883
743,2075.98779296875,2038.339032791685
744,2075.98779296875,1974.170140546546
745,2134.7421875,2054.3204201150993
746,2095.572509765625,1907.820262596436
747,2056.40283203125,1945.0084700926723
748,2036.8186035156252,2095.904342203848
749,2056.40283203125,2054.710636919346
750,2095.572509765625,2039.266480266149
751,2095.572509765625,2101.465526720491
752,2095.572509765625,2085.558626422502
753,2095.572509765625,2003.8840230836454
754,2115.15771484375,1920.2014903620457
755,2154.326904296875,1987.790905222094
756,2154.326904296875,1941.2866390591266
757,2154.326904296875,1991.6180261863155
758,2154.326904296875,1943.8544812514083
759,2154.326904296875,1957.3693959434572
760,2173.911865234375,2013.1045927440985
761,2173.911865234375,2100.419068021194
762,2154.326904296875,2165.9539291010055
763,2115.15771484375,2090.314174953628
764,2115.15771484375,2056.3630727728523
765,2115.15771484375,2140.755332434075
766,2115.15771484375,2178.0248876028145
767,2115.15771484375,2123.9240649521466
768,2115.15771484375,2104.9074713558707
769,2115.15771484375,2029.5462034746026
770,2115.15771484375,2028.403135663382
771,2134.7421875,2060.2352779893054
772,2095.572509765625,2082.56626419058
773,2095.572509765625,2084.8987441841036
774,2095.572509765625,2074.207755837536
775,2095.572509765625,2075.3281415094357
776,2115.15771484375,2094.4388239799327
777,2196.510009765625,2095.3076059212144
778,2155.83349609375,2093.4550911967826
779,2155.83349609375,2097.621324145176
780,2155.83349609375,2109.495144053379
781,2155.83349609375,2161.4169411839557
782,2155.83349609375,2173.100623158837
783,2155.83349609375,2169.8104528384215
784,2155.83349609375,2107.713335997819
785,2155.83349609375,2070.245382116622
786,2115.15771484375,2120.5059225617338
787,2155.83349609375,2108.7610548159673
788,2155.83349609375,2113.9373430301794
789,2155.83349609375,2059.9969755132274
790,2155.83349609375,2064.871255242775
791,2135.4951171875,2078.1947718826514
792,2135.4951171875,2128.9690207794256
793,2155.83349609375,2164.8854883284157
794,2176.17138671875,2111.464569804559
795,2216.84765625,2088.163712127496
796,2257.523681640625,2125.1643019281137
797,2257.523681640625,2144.934306584186
798,2216.84765625,2160.265752606805
799,2196.510009765625,2141.1867131207937
800,2196.510009765625,2147.4156206153534
801,2196.510009765625,2168.156616852858
802,2196.510009765625,2172.345391927367
803,2196.510009765625,2153.843206848782
804,2196.510009765625,2151.6104162577067
805,2196.510009765625,2148.21089562365
806,2196.510009765625,2170.405508962587
807,2196.510009765625,2158.3489718209635
808,2196.510009765625,2151.185896218067
809,2176.17138671875,2161.2395444523518
810,2277.861572265625,2167.5474193949185
811,2237.185546875,2165.2386016331557
812,2196.510009765625,2074.4624398586793
813,2196.510009765625,2061.870632231718
814,2155.83349609375,2168.7807957238065
815,2094.8193359375,2160.0270300911106
816,2094.8193359375,2244.884693648033
817,2115.15771484375,2268.4171331673006
818,2094.8193359375,2255.4087862534234
819,2094.8193359375,2095.7515877964447
820,2094.8193359375,2065.628446659125
821,2074.481201171875,2170.2853776321085
822,2033.8052978515625,2113.691059801378
823,2074.481201171875,2100.323999054533
824,2094.8193359375,1962.803728495749
825,2094.8193359375,1924.3554021483383
826,2115.15771484375,1952.1309418659207
827,2115.15771484375,2023.5833210708463
828,2115.15771484375,2198.560064427961
829,2115.15771484375,2102.2019961824
830,2115.15771484375,2073.2983700666055
831,2115.15771484375,2197.6398976401924
832,2115.15771484375,2169.2595008740473
833,2115.15771484375,1979.1460698634219
834,2115.15771484375,2000.3040254274597
835,2115.15771484375,2016.2649708228435
836,2115.15771484375,2085.0275563333353
837,2135.4951171875,2065.296195322032
838,2115.15771484375,2013.819640185537
839,2196.510009765625,1845.2716031674959
840,2277.861572265625,1881.293360647162
841,2216.84765625,2141.998509687361
842,2196.510009765625,2219.7570836763853
843,2338.87548828125,2170.518779645987
844,2359.2138671875,2198.9289992249437
845,2460.904052734375,2223.529039437567
846,2847.32763671875,2089.2457341810377
847,3010.031494140625,2083.8977897766545
848,2908.34130859375,2114.033112062869
849,2969.355712890625,2055.3440566618697
850,3111.721923828125,2595.0133368825764
851,3355.778564453125,2475.6924028384783
852,3620.173583984375,2625.793700007386
853,3111.721923828125,2549.6004736579316
854,3050.7080078125,2849.812308867322
855,3193.073974609375,3334.004716651878
856,3152.3984375,2993.3857003409266
857,2989.69384765625,2943.602814947013
858,2989.69384765625,3249.6674121738874
859,2989.69384765625,2679.9473076365975
860,2949.017578125,3244.3527909124573
861,2928.67919921875,3287.741133189485
862,2928.67919921875,2937.3236427116117
863,3010.031494140625,3126.9379266439664
864,3010.031494140625,3344.1338320040277
865,3030.36962890625,3016.5806380278877
866,2989.69384765625,3275.7471119442002
867,2989.69384765625,3540.4777106544752
868,2989.69384765625,3421.00367216996
869,2949.017578125,3155.278209626683
870,2888.003662109375,3036.1001590589876
871,2928.67919921875,2878.0831453000183
872,2684.62255859375,2967.478846873033
873,2603.2705078125,2798.3034106803134
874,2521.918701171875,2760.7462683870945
875,2582.9326171875,2827.1321297310656
876,2765.974853515625,2950.925365591186
877,2704.960693359375,2941.474334194174
878,2704.960693359375,2835.902556935238
879,2745.636474609375,2825.6255876378837
880,2806.650634765625,2945.9566469544034
881,2765.974853515625,2832.352382091863
882,2643.94677734375,2902.948020491196
883,2643.94677734375,2881.4944270433525
884,2603.2705078125,2873.373171067343
885,2562.594482421875,2619.4695835329594
886,2582.9326171875,2752.925410743884
887,2582.9326171875,2720.610222858344
888,2725.29931640625,2615.319872142837
889,2684.62255859375,2462.3842876512276
890,2623.608642578125,2520.4586850792653
891,2542.25634765625,2572.319436452163
892,2664.28515625,2673.2737182007795
893,2623.608642578125,2841.309446899215
894,2704.960693359375,2724.623141346511
895,2643.94677734375,2548.112693334312
896,2623.608642578125,2813.767729235129
897,2684.62255859375,2860.114200515288
898,2684.62255859375,2671.098473037241
899,2684.62255859375,2632.495152071136
900,2684.62255859375,2614.596143882646
901,2643.94677734375,2591.7352076978495
902,2643.94677734375,2611.179541637496
903,2664.28515625,2537.9524950505
904,2684.62255859375,2491.4445885441846
905,2704.960693359375,2561.339040809442
906,2704.960693359375,2632.4804506845394
907,2704.960693359375,2623.085424569801
908,2704.960693359375,2595.07942311566
909,2725.29931640625,2657.9781155588153
910,2725.29931640625,2669.37771073936
911,2704.960693359375,2732.656399022747
912,2684.62255859375,2674.5950228228385
913,2684.62255859375,2697.5342263896137
914,2745.636474609375,2641.6576162512297
915,2704.960693359375,2678.8529644209557
916,2704.960693359375,2685.6902292942214
917,2684.62255859375,2713.4828506228973
918,2684.62255859375,2683.5564280395665
919,2725.29931640625,2502.9815366795074
920,2704.960693359375,2484.5086143609105
921,2704.960693359375,2584.8833814511927
922,2704.960693359375,2678.1135546817277
923,2704.960693359375,2710.6373622437404
924,2704.960693359375,2659.3270027823946
925,2704.960693359375,2611.2296663651314
926,2725.29931640625,2674.966617870729
927,2725.29931640625,2686.058884064793
928,2725.29931640625,2636.231824504485
929,2725.29931640625,2615.4580651768492
930,2725.29931640625,2669.845914899174
931,2888.003662109375,2686.555790931772
932,2826.9892578125,2667.486972409776
933,2888.003662109375,2578.8012077961916
934,2847.32763671875,2577.029060651824
935,2826.9892578125,2666.4981991512213
936,2847.32763671875,2706.8897687803483
937,3132.059814453125,2802.5749335593823
938,3050.7080078125,2786.2786565363804
939,2928.67919921875,2796.410572152644
940,3030.36962890625,2806.7819103506304
941,2928.67919921875,2900.0853804943426
942,2969.355712890625,2813.221257693336
943,2928.67919921875,2840.3572170873445
944,2928.67919921875,2873.300084173975
945,2908.34130859375,2902.082948899865
946,2908.34130859375,2680.8825958505804
947,2928.67919921875,2675.4940476165484
948,2928.67919921875,2870.532583150385
949,2847.32763671875,2771.8178126267167
950,2908.34130859375,2794.6604070815683
951,2867.66552734375,2630.291764253255
952,2867.66552734375,2766.987777070166
953,2867.66552734375,2744.932056831269
954,2847.32763671875,2939.0543459470964
955,2847.32763671875,2910.32671643085
956,2989.69384765625,2774.3541518477186
957,3010.031494140625,2775.3954300584055
958,2949.017578125,3015.553921190592
959,2928.67919921875,2821.0897198264793
960,2949.017578125,2920.929216431424
961,2949.017578125,2886.801137558661
962,3010.031494140625,2868.254708307079
963,3010.031494140625,2929.3836338303627
964,2969.355712890625,2899.0949970839224
965,2969.355712890625,2668.512009088603
966,2989.69384765625,2725.752767889986
967,2969.355712890625,2842.377607645394
968,2949.017578125,2797.5616207165885
969,2928.67919921875,2871.483272816993
970,2928.67919921875,2848.194736302031
971,2928.67919921875,2662.1527492995497
972,2949.017578125,2697.6886609554854
973,2908.34130859375,2954.259010011968
974,2908.34130859375,2960.022933650444
975,2888.003662109375,2863.9390812682186
976,2888.003662109375,2715.23049545627
977,2888.003662109375,2916.9762936018933
978,2908.34130859375,2798.8468019315806
979,2847.32763671875,2719.0815586786644
980,2847.32763671875,2852.1790920962385
981,2847.32763671875,2736.6235331926546
982,2847.32763671875,2798.8619233577947
983,2867.66552734375,2827.949246799449
984,2867.66552734375,2847.8168406598843
985,2847.32763671875,2733.49787838892
986,2867.66552734375,2707.944908298398
987,2847.32763671875,2885.359911625932
988,2888.003662109375,2775.6355527061573
989,2908.34130859375,2854.8770065566023
990,2888.003662109375,2925.9020654577744
991,2867.66552734375,2940.1138258745227
992,2847.32763671875,2873.6253348507835
993,2745.636474609375,2840.3310346178814
994,2725.29931640625,2916.641101987481
995,2725.29931640625,2793.74640087485
996,2765.974853515625,2834.859458552877
997,2765.974853515625,2766.4246439568965
998,2765.974853515625,2667.5838615481107
999,2765.974853515625,2711.749207110093
1000,2765.974853515625,2759.436584861107
1001,2806.650634765625,2794.117715896329
1002,2684.62255859375,2656.5760233170754
1003,2684.62255859375,2648.1455481763087
1004,2643.94677734375,2885.941526482352
1005,2562.594482421875,2837.9912739376623
1006,2460.904052734375,2845.1733913365324
1007,2399.890380859375,2627.9559239427954
1008,2399.890380859375,2513.5122099055643
1009,2399.890380859375,2657.329434376872
1010,2399.890380859375,2585.315042164322
1011,2399.890380859375,2710.7331312764295
1012,2440.56640625,2541.5595152553833
1013,2440.56640625,2486.400892835757
1014,2440.56640625,2536.6612932676635
1015,2277.861572265625,2566.9938941606893
1016,2399.890380859375,2539.2330558297044
1017,2359.2138671875,2509.734093563333
1018,2318.5380859375,2425.6995676426386
1019,2196.510009765625,2520.9359900974487
1020,2094.8193359375,2502.6135819749643
1021,2176.17138671875,2408.28248490812
1022,2237.185546875,2356.289561069055
1023,2237.185546875,2328.133045418801
1024,2237.185546875,2326.8114607703305
1025,2237.185546875,2363.169249943643
1026,2155.83349609375,2356.0107947765337
1027,2155.83349609375,2332.797865392642
1028,2033.8052978515625,2275.8329326064604
1029,2033.8052978515625,2274.8611009457936
1030,1993.129150390625,2272.5994676343475
1031,1972.7906494140625,2218.6641405928003
1032,1993.129150390625,2209.74109899443
1033,1972.7906494140625,2195.8621499675974
1034,1871.100830078125,2152.905958449919
1035,1891.438842773437,2108.7707157271598
1036,1911.7764892578125,2087.7907169475484
1037,1911.7764892578125,2095.6009335871267
1038,1937.042724609375,2089.2542749865847
1039,1937.042724609375,2072.159502651555
1040,1894.9327392578125,2081.902461582423
1041,1894.9327392578125,2055.0297270151045
1042,1894.9327392578125,2096.988884495092
1043,1937.042724609375,2025.3092638573378
1044,1937.042724609375,2099.6093716527116
1045,1894.9327392578125,2114.7485795439243
1046,1894.9327392578125,2087.0357657424897
1047,1852.8233642578125,1887.8288970621743
1048,1852.8233642578125,1873.9289460544887
1049,1810.7137451171875,1807.5786480647616
1050,1852.8233642578125,1813.1065094384512
1051,1852.8233642578125,1877.5743298777297
1052,1852.8233642578125,1927.2637564568486
1053,1852.8233642578125,1890.9587522620795
1054,1852.8233642578125,1888.5586458902098
1055,1852.8233642578125,1930.2622792698203
1056,1852.8233642578125,2005.8978330210275
1057,1852.8233642578125,1866.5866535483133
1058,1873.87841796875,1855.605837865976
1059,1873.87841796875,1756.591439082139
1060,1873.87841796875,1804.4319912801739
1061,1873.87841796875,1828.0617399773928
1062,1873.87841796875,1848.8661621970732
1063,1873.87841796875,1880.8818618356509
1064,1894.9327392578125,1797.1125209265256
1065,1873.87841796875,1804.9213374340466
1066,1894.9327392578125,1925.8438825379867
1067,1915.9879150390625,1894.2571833616312
1068,1915.9879150390625,1810.2706819704867
1069,1937.042724609375,1847.2028053135232
1070,1937.042724609375,1823.9950564182423
1071,1937.042724609375,1896.1395208988738
1072,1937.042724609375,1850.913155264203
1073,1937.042724609375,1859.80385381206
1074,1937.042724609375,1863.1207666547616
1075,1915.9879150390625,1899.9537606481726
1076,1894.9327392578125,1911.664325158546
1077,1894.9327392578125,1906.137443877296
1078,1894.9327392578125,1896.4404092778932
1079,1894.9327392578125,1905.6850612097242
1080,1852.8233642578125,1911.7406323556447
1081,1873.87841796875,1918.7799362847154
1082,1894.9327392578125,1891.4987831964108
1083,2021.2615966796875,1878.9199967975783
1084,2021.2615966796875,1880.1150095081084
1085,2000.207275390625,1853.0575975224901
1086,2021.2615966796875,1895.7165410044963
1087,2000.207275390625,1945.3583630936819
1088,2000.207275390625,1974.8856080276018
1089,2000.207275390625,2024.5132887830127
1090,2000.207275390625,2022.5344821470524
1091,2000.207275390625,2052.086649431584
1092,2000.207275390625,1939.5683969989477
1093,1979.15185546875,1894.121090525704
1094,1958.097412109375,1916.3431464529558
1095,1958.097412109375,1913.0179728311182
1096,1979.15185546875,1919.1518113590173
1097,2021.2615966796875,1880.008599471787
1098,2021.2615966796875,1874.9398413995418
1099,2042.3162841796875,1780.4706913118903
1100,2168.645263671875,1835.2280358840203
1101,2358.138671875,2040.768401923543
1102,2484.468017578125,1909.9026790046041
1103,2421.302734375,1991.6842524326053
1104,2358.138671875,2225.641838711369
1105,2400.24853515625,2311.22687087183
1106,2379.19384765625,2240.4934594781025
1107,2400.24853515625,2225.089766641349
1108,2421.302734375,2204.683822005051
1109,2400.24853515625,2317.5266250484674
1110,2358.138671875,2222.7627471628475
1111,2484.468017578125,1849.1081050164985
1112,2442.358154296875,1999.62958181567
1113,2379.19384765625,2007.8020126183574
1114,2379.19384765625,2004.818891258011
1115,2421.302734375,2180.1563086329734
1116,2442.358154296875,2278.161352217019
1117,2442.358154296875,2273.8945897869435
1118,2442.358154296875,2533.328138893102
1119,2442.358154296875,2481.241686232638
1120,2442.358154296875,2338.918402666001
1121,2442.358154296875,2214.6673236232873
1122,2421.302734375,2414.8810272656906
1123,2379.19384765625,2501.3185998355743
1124,2379.19384765625,2315.532556973087
1125,2379.19384765625,2217.982976347138
1126,2337.083984375,2227.4279871763056
1127,2400.24853515625,2110.3073606595635
1128,2400.24853515625,2359.728005374292
1129,2421.302734375,2322.8257048440664
1130,2421.302734375,2341.375074372968
1131,2400.24853515625,2383.6607426486153
1132,2400.24853515625,2411.9730929967973
1133,2400.24853515625,2451.0715006582086
1134,2400.24853515625,2427.367965001593
1135,2379.19384765625,2414.404562326741
1136,2358.138671875,2310.664157798178
1137,2316.029052734375,2277.6468036861233
1138,2252.86474609375,2355.4818248854517
1139,2294.974365234375,2271.91424300572
1140,2252.86474609375,2271.667119697684
1141,2358.138671875,2256.373897280217
1142,2316.029052734375,2220.145480308958
1143,2294.974365234375,2138.1064225957007
1144,2273.919921875,2163.06685679976
1145,2358.138671875,2504.125584583168
1146,2358.138671875,2339.472154894489
1147,2358.138671875,2312.3413759890914
1148,2379.19384765625,2462.4254515336993
1149,2442.358154296875,2419.389312475575
1150,2463.41259765625,2200.3544736720332
1151,2463.41259765625,2227.9257341225193
1152,2463.41259765625,2280.250629272266
1153,2400.24853515625,2273.777398733784
1154,2442.358154296875,2306.5427290756047
1155,2484.468017578125,2228.666964033421
1156,2484.468017578125,2207.130132734797
1157,2526.577392578125,2265.959061328276
1158,2442.358154296875,2389.5006934577796
1159,2379.19384765625,2497.249536051927
1160,2442.358154296875,2405.4990223790815
1161,2463.41259765625,2283.447550797695
1162,2484.468017578125,2396.3712814739984
1163,2484.468017578125,2426.7628279266182
1164,2463.41259765625,2247.7081999538977
1165,2463.41259765625,2325.226371268759
1166,2442.358154296875,2278.8418163966535
1167,2568.68701171875,2342.8057293086677
1168,2526.577392578125,2344.0965110518873
1169,2526.577392578125,2358.5111506036747
1170,2526.577392578125,2391.6482160065916
1171,2526.577392578125,2419.6634583323084
1172,2484.468017578125,2446.559295078565
1173,2421.302734375,2502.776697359589
1174,2442.358154296875,2465.6899994374744
1175,2442.358154296875,2484.3820424229702
1176,2442.358154296875,2498.44510881528
1177,2463.41259765625,2454.48026216384
1178,2463.41259765625,2448.2359532166547
1179,2463.41259765625,2430.3993909179007
1180,2421.302734375,2429.775072033747
1181,2442.358154296875,2368.8808086431927
1182,2442.358154296875,2371.9237156423674
1183,2400.24853515625,2383.9046456529204
1184,2400.24853515625,2408.9924918741535
1185,2400.24853515625,2434.1766671808987
1186,2400.24853515625,2417.6016238653756
1187,2379.19384765625,2424.238249814893
1188,2379.19384765625,2398.0616609062454
1189,2379.19384765625,2380.159432414025
1190,2379.19384765625,2444.702859984374
1191,2379.19384765625,2410.6821712403726
1192,2379.19384765625,2384.6947401726065
1193,2379.19384765625,2407.9199907185985
1194,2379.19384765625,2393.7150909489287
1195,2442.358154296875,2389.9749181854377
1196,2442.358154296875,2377.6830188450563
1197,2442.358154296875,2370.995848128286
1198,2442.358154296875,2388.3817079179366
1199,2442.358154296875,2384.6626771485044
1200,2379.19384765625,2398.5461065979193
1201,2379.19384765625,2400.358997585142
1202,2379.19384765625,2386.8677451248536
1203,2379.19384765625,2373.399734856709
1204,2379.19384765625,2351.000842250676
1205,2379.19384765625,2356.5553061334467
1206,2379.19384765625,2343.6304070901583
1207,2379.19384765625,2336.196965987082
1208,2379.19384765625,2360.1005805146224
1209,2379.19384765625,2356.8081699829154
1210,2337.083984375,2371.1953669463887
1211,2358.138671875,2380.323527891089
1212,2358.138671875,2364.4603117132738
1213,2358.138671875,2361.1939436378243
1214,2358.138671875,2340.3321160038126
1215,2358.138671875,2340.7402544983875
1216,2358.138671875,2331.198774570502
1217,2358.138671875,2342.955543438752
1218,2358.138671875,2358.9054277908863
1219,2358.138671875,2349.9431824949243
1220,2358.138671875,2360.932959022426
1221,2358.138671875,2345.5711301341726
1222,2358.138671875,2310.4384565106125
1223,2273.919921875,2291.0737900850013
1224,2210.7548828125,2304.0258516901927
1225,2147.590576171875,2296.8227323104693
1226,2147.590576171875,2280.733674831883
1227,2168.645263671875,2294.8302043803515
1228,2168.645263671875,2272.354164497986
1229,2126.5361328125,2268.8375928239757
1230,2168.645263671875,2274.4867056337894
1231,2189.70068359375,2237.7947049385043
1232,2231.81005859375,2224.356937522788
1233,2231.81005859375,2236.119586945677
1234,2210.7548828125,2159.5248027223147
1235,2189.70068359375,2135.873211965009
1236,2231.81005859375,2231.482769612973
1237,2231.81005859375,2198.1799285745237
1238,2273.919921875,2257.544967732575
1239,2273.919921875,2282.9894275886904
1240,2294.974365234375,2280.271631253119
1241,2294.974365234375,2138.050417313427
1242,2316.029052734375,2116.7080643575
1243,2316.029052734375,2198.4880976402383
1244,2316.029052734375,2167.9583581536067
1245,2358.138671875,2175.2781085336665
1246,2358.138671875,2098.354433290148
1247,2273.919921875,2050.2384751165287
1248,2337.083984375,2141.797730750407
1249,2337.083984375,2185.1189366953085
1250,2358.138671875,2312.756795170362
1251,2358.138671875,2221.186478493234
1252,2358.138671875,2079.238290304629
1253,2358.138671875,2189.584937917076
1254,2358.138671875,2298.709270243883
1255,2337.083984375,2123.40433593264
1256,2316.029052734375,2252.649405995763
1257,2358.138671875,2259.9478743685586
1258,2316.029052734375,2328.1295450886587
1259,2358.138671875,2144.7083252702087
1260,2358.138671875,2165.1793760471505
1261,2358.138671875,2289.9557846375983
1262,2337.083984375,2203.5257727808216
1263,2337.083984375,2283.0153300317425
1264,2358.138671875,2116.1922557077532
1265,2379.19384765625,2051.1438005044947
1266,2610.796630859375,2136.377959571507
1267,2695.015625,2274.8973643660665
1268,2610.796630859375,2420.826968071559
1269,2652.90625,2262.6828923284293
1270,2652.90625,2189.2183833445897
1271,2547.6318359375,2450.2130796941474
1272,2547.6318359375,2413.6934352550616
1273,2673.9609375,2342.4068316856683
1274,2610.796630859375,2440.1955548669293
1275,2758.180419921875,2281.9582303288125
1276,2779.23486328125,2248.3120769100215
1277,2821.344970703125,2351.4858479951727
1278,2863.4541015625,2373.6180154443737
1279,2884.509033203125,2448.896815547493
1280,2947.673828125,2421.8084606434177
1281,2989.783447265625,2477.0284088471344
1282,2989.783447265625,2478.8090967970493
1283,2863.4541015625,2617.9382591023714
1284,2863.4541015625,2631.7896255276846
1285,2779.23486328125,2742.9295879635474
1286,2695.015625,2633.0938485386496
1287,2695.015625,2664.741173433067
1288,2737.125244140625,2726.8168682532
1289,2737.125244140625,2615.907647580307
1290,2737.125244140625,2494.8583905252212
1291,2737.125244140625,2590.11077448548
1292,2737.125244140625,2526.2531315965816
1293,2737.125244140625,2619.00838003343
1294,2737.125244140625,2656.6240478466257
1295,2737.125244140625,2687.6548945964078
1296,2631.85107421875,2736.6763181711985
1297,2779.23486328125,2777.515790045315
1298,2947.673828125,2784.8814647568397
1299,2968.728515625,2674.528376536932
1300,2779.23486328125,2757.2350172149
1301,2737.125244140625,2741.7676183695594
1302,2695.015625,3029.2278908843005
1303,2737.125244140625,2818.222389387235
1304,2821.344970703125,2682.649002453515
1305,2821.344970703125,2868.8539648274154
1306,2863.4541015625,2905.9075496263845
1307,2863.4541015625,2603.1772268797167
1308,2863.4541015625,2622.1336147975476
1309,2863.4541015625,2752.218484068376
1310,2863.4541015625,2642.225089773875
1311,2905.5634765625,2674.0856547805524
1312,2758.180419921875,2574.382531037946
1313,2821.344970703125,2640.640700338332
1314,2905.5634765625,2597.469868576338
1315,2779.23486328125,2732.7329862462575
1316,2821.344970703125,2833.2712887607804
1317,2821.344970703125,2721.0962086952804
1318,2821.344970703125,2684.286176867602
1319,2821.344970703125,3005.130638093296
1320,2779.23486328125,2743.4148737344553
1321,2779.23486328125,2455.5779656964187
1322,2610.796630859375,2592.429113145229
1323,2442.358154296875,2591.6626808573037
1324,2610.796630859375,2708.708680335415
1325,2695.015625,2665.268743192092
1326,2695.015625,2607.382523512497
1327,2758.180419921875,2585.6107500547314
1328,2758.180419921875,2629.7244307438154
1329,2758.180419921875,2663.542660392395
1330,2737.125244140625,2779.4308906726883
1331,2716.07080078125,2729.7428642256264
1332,2737.125244140625,2730.150162640967
1333,2779.23486328125,2765.3226000149416
1334,2673.9609375,2752.2470467623352
1335,2737.125244140625,2639.233007568365
1336,2737.125244140625,2653.979618430834
1337,2737.125244140625,2637.7922716818557
1338,2652.90625,2635.86751014329
1339,2716.07080078125,2629.091991093732
1340,2716.07080078125,2630.320887000038
1341,2652.90625,2637.7117640885863
1342,2737.125244140625,2640.6849445113285
1343,2737.125244140625,2627.9553638899724
1344,2673.9609375,2634.4584172412656
1345,2716.07080078125,2635.542819519304
1346,2673.9609375,2633.899484524167
1347,2695.015625,2655.4891008013346
1348,2695.015625,2649.1190599954434
1349,2695.015625,2653.491952435429
1350,2695.015625,2634.341786240929
1351,2695.015625,2642.1669842935153
1352,2695.015625,2656.6290883220304
1353,2695.015625,2647.7794136434395
1354,2779.23486328125,2656.336740748558
1355,2779.23486328125,2651.283384128938
1356,2821.344970703125,2639.8828088559535
1357,2821.344970703125,2645.597307832823
1358,2863.4541015625,2656.959379474244
1359,2863.4541015625,2663.79468416263
1360,2863.4541015625,2677.252473466759
1361,2884.509033203125,2703.552554022822
1362,2863.4541015625,2703.021203907243
1363,2842.399169921875,2713.025567493127
1364,2842.399169921875,2729.028796876628
1365,2779.23486328125,2720.0424693092873
1366,2779.23486328125,2714.8580603291457
1367,2779.23486328125,2733.744161617722
1368,2779.23486328125,2712.1517450764404
1369,2842.399169921875,2699.415583834417
1370,2884.509033203125,2673.6156304490646
1371,2842.399169921875,2680.6339323972825
1372,2842.399169921875,2669.5425062824525
1373,2695.015625,2694.8918971719067
1374,2695.015625,2759.4595470268396
1375,2758.180419921875,2724.51673131019
1376,2695.015625,2752.390280271752
1377,2695.015625,2787.53275481971
1378,2695.015625,2806.527506355899
1379,2695.015625,2757.197493675776
1380,2695.015625,2713.4153642577567
1381,2442.358154296875,2746.8356763757765
1382,2568.68701171875,2731.898227513957
1383,2610.796630859375,2719.2973190286266
1384,2610.796630859375,2649.2386312730996
1385,2610.796630859375,2582.939718129859
1386,2526.577392578125,2609.3652505182163
1387,2526.577392578125,2621.259792380861
1388,2526.577392578125,2650.9830558027415
1389,2589.74169921875,2618.5890404824004
1390,2589.74169921875,2530.998319150486
1391,2589.74169921875,2598.8890424291712
1392,2589.74169921875,2628.163843553239
1393,2589.74169921875,2550.377966989106
1394,2589.74169921875,2604.1123750804936
1395,2526.577392578125,2609.0496607526
1396,2526.577392578125,2557.0155730310635
1397,2589.74169921875,2467.823240639307
1398,2568.68701171875,2535.5886520989025
1399,2568.68701171875,2498.0165283926754
1400,2526.577392578125,2564.3690665936933
1401,2526.577392578125,2605.1739552060053
1402,2526.577392578125,2490.8894361836396
1403,2610.796630859375,2327.2455017079574
1404,2610.796630859375,2354.2985732841994
1405,2610.796630859375,2528.3369481368063
1406,2463.41259765625,2516.667547508905
1407,2610.796630859375,2505.824084781345
1408,2568.68701171875,2327.976510654844
1409,2568.68701171875,2310.630974668431
1410,2589.74169921875,2366.285803889008
1411,2695.015625,2436.116690158884
1412,2695.015625,2589.861130939742
1413,2695.015625,2434.84845054178
1414,2526.577392578125,2426.2524797918923
1415,2610.796630859375,2579.232168443293
1416,2526.577392578125,2526.489613900985
1417,2526.577392578125,2393.4987705461435
1418,2526.577392578125,2454.173633243388
1419,2526.577392578125,2417.263211947233
1420,2526.577392578125,2491.9711782107697
1421,2526.577392578125,2488.74345378009
1422,2568.68701171875,2492.6799250579525
1423,2610.796630859375,2453.7643746431677
1424,2400.24853515625,2488.401401518599
1425,2400.24853515625,2491.412385506877
1426,2610.796630859375,2514.6596181261616
1427,2652.90625,2508.6181883140152
1428,2652.90625,2521.4123150231926
1429,2652.90625,2546.568907728418
1430,2610.796630859375,2506.969252790651
1431,2610.796630859375,2496.5363087821625
1432,2947.673828125,2578.2356944584258
1433,2947.673828125,2513.8046974922427
1434,2947.673828125,2484.521915615451
1435,2947.673828125,2499.8950855733647
1436,2947.673828125,2520.4023997705794
1437,2947.673828125,2520.120833213945
1438,2842.399169921875,2610.810186800896
1439,2842.399169921875,2602.00125596516
1440,2842.399169921875,2590.6845486023813
1441,2842.399169921875,2578.6173704571256
1442,2842.399169921875,2614.3236781843816
1443,2821.344970703125,2631.5093190899006
1444,2821.344970703125,2655.275020609841
1445,2821.344970703125,2645.6251704607544
1446,2695.015625,2626.8578003705998
1447,2695.015625,2645.8743939668757
1448,2695.015625,2695.4968942336764
1449,2695.015625,2700.1271309457134
1450,2695.015625,2660.3026147996147
1451,2695.015625,2671.4849094849346
1452,2695.015625,2671.359877692257
1453,2695.015625,2702.7128948283225
1454,2695.015625,2738.0550282075887
1455,2695.015625,2732.895121538442
1456,2652.90625,2761.6088897473255
1457,2526.577392578125,2759.8793066174862
1458,2442.358154296875,2737.023970960917
1459,2421.302734375,2703.660224177994
1460,2484.468017578125,2652.3950889820853
1461,2442.358154296875,2618.2941726712256
1462,2442.358154296875,2571.194570357681
1463,2484.468017578125,2560.8890383663675
1464,2484.468017578125,2572.412825260355
1465,2779.23486328125,2562.5245326219856
1466,2779.23486328125,2575.3812452341044
1467,2779.23486328125,2548.680166856957
1468,2779.23486328125,2543.7902056483726
1469,2779.23486328125,2567.221415619929
1470,2779.23486328125,2620.0024737938006
1471,2505.5224609375,2619.811215754834
1472,2463.41259765625,2634.3504670596817
1473,2505.5224609375,2630.8214342103656
1474,2505.5224609375,2556.6515386962797
1475,2505.5224609375,2480.8224866948144
1476,2505.5224609375,2474.7579547037303
1477,2442.358154296875,2440.657598445693
1478,2421.302734375,2422.9056041231734
1479,2421.302734375,2429.1991977187604
1480,2400.24853515625,2435.014786230135
1481,2400.24853515625,2473.3249195435337
1482,2463.41259765625,2527.557634633958
1483,2463.41259765625,2510.1405518994397
1484,2463.41259765625,2488.6978094750366
1485,2526.577392578125,2487.783243215495
1486,2526.577392578125,2506.7277300108426
1487,2526.577392578125,2479.53282505724
1488,2526.577392578125,2505.5706608790533
1489,2526.577392578125,2497.4322532853475
1490,2526.577392578125,2501.3958871251134
1491,2400.24853515625,2509.5438156168057
1492,2400.24853515625,2471.1794971928066
1493,2358.138671875,2428.0811922713574
1494,2400.24853515625,2410.540057836601
1495,2379.19384765625,2395.3288831576656
1496,2505.5224609375,2355.4485017424986
1497,2505.5224609375,2368.4777106240226
1498,2505.5224609375,2399.2737552278695
1499,2505.5224609375,2385.5972652964588
1500,2505.5224609375,2425.109692007083
1501,2484.468017578125,2474.7366726964656
1502,2484.468017578125,2482.7564891049556
1503,2505.5224609375,2427.7839442356862
1504,2505.5224609375,2415.5710123433114
1505,2505.5224609375,2406.7760828281434
1506,2379.19384765625,2398.96572617536
1507,2379.19384765625,2403.3034753007187
1508,2379.19384765625,2376.0893885379382
1509,2379.19384765625,2369.528789759108
1510,2379.19384765625,2356.432374538854
1511,2379.19384765625,2414.0853322177772
1512,2442.358154296875,2427.4621938890195
1513,2379.19384765625,2370.688519141805
1514,2400.24853515625,2374.529641426596
1515,2568.68701171875,2390.9397491858203
1516,2568.68701171875,2385.8623102948222
1517,2421.302734375,2295.834379091532
1518,2442.358154296875,2310.3967325753183
1519,2442.358154296875,2585.519881484241
1520,2442.358154296875,2607.908973165876
1521,2463.41259765625,2850.560539438508
1522,2463.41259765625,2529.4223305072846
1523,2442.358154296875,2365.7499733508475
1524,2533.297119140625,2608.6528633276857
1525,2576.601318359375,2696.2550657424663
1526,2641.5576171875,2228.039284832331
1527,2641.5576171875,2194.674277930557
1528,2771.4697265625,2496.1439917798307
1529,2533.297119140625,2357.06929461152
1530,2511.64501953125,2472.4002723331832
1531,2554.94921875,3095.950413981344
1532,2533.297119140625,2799.9348445529668
1533,2554.94921875,2862.213558521344
1534,2511.64501953125,2815.1119960229203
1535,2771.4697265625,2236.748666278824
1536,2771.4697265625,2908.3231274574828
1537,2663.209716796875,2788.0445030864926
1538,2554.94921875,2820.457980242424
1539,2619.905517578125,2782.3841892202236
1540,2641.5576171875,2153.1096776641925
1541,2598.25341796875,2743.8652962171473
1542,2598.25341796875,3765.8990418155763
1543,2598.25341796875,1867.6242914156528
1544,2576.601318359375,3399.59425288851
1545,2576.601318359375,2622.9560523677474
1546,2641.5576171875,2847.9278711319935
1547,2619.905517578125,2976.1677863914965
1548,2468.340576171875,3468.785628841415
1549,2425.035888671875,2160.762379447374
1550,2360.079833984375,2696.5313117972846
1551,2360.079833984375,2410.7262754001636
1552,2295.12353515625,2033.7355386019342
1553,2273.4716796875,2445.7207559897115
1554,2208.515625,2368.874368035731
1555,2208.515625,2007.6916822122769
1556,2251.819580078125,1956.7926815492365
1557,2251.819580078125,2282.0108752941505
1558,2208.515625,1813.0114404717906
1559,2186.863037109375,1545.0484268884452
1560,2251.819580078125,1738.8054215506377
1561,2251.819580078125,2659.550183832258
1562,2208.515625,1349.078103470768
1563,2251.819580078125,2753.504085322985
1564,2208.515625,2047.2790159879432
1565,2230.167236328125,1636.0514100561331
1566,2186.863037109375,1539.5876318402788
1567,2208.515625,2809.5844146756417
1568,2165.2109375,2188.123480076125
1569,2186.863037109375,1616.8306772059673
1570,2078.6025390625,2314.9874855633516
1571,1991.9942626953125,2550.7519422614932
1572,2078.6025390625,2306.370092792994
1573,1927.0377197265625,2043.8269904017543
1574,1818.777099609375,2262.8768106183043
1575,1732.1688232421875,2023.3619601926566
1576,1645.560302734375,1864.2627143603368
1577,1446.361083984375,2094.652624145015
1578,1342.430908203125,1902.9342217576109
1579,1342.430908203125,2316.408199561448
1580,1368.413330078125,1910.3459608138064
1581,1584.9344482421875,2153.5847424710855
1582,1662.882080078125,2341.0471634452515
1583,1688.8646240234375,2219.6450731118366
1584,1706.186279296875,1719.6905386839703
1585,1628.239013671875,1995.5379759059074
1586,1662.882080078125,2016.083233681863
1587,1602.2559814453125,1643.1483994259465
1588,1602.2559814453125,1787.7527781396207
1589,1472.3436279296875,1581.0469421759672
1590,1472.3436279296875,1613.893760203497
1591,1472.3436279296875,1507.4484405542862
1592,1385.73486328125,1811.4346117493546
1593,1437.7001953125,1768.1183062666523
1594,1342.430908203125,1470.503716022738
1595,1238.500732421875,1371.0982603554203
1596,1290.4659423828125,1793.3573667500264
1597,1299.126708984375,1441.3017217656266
1598,1203.8574218750005,1149.0695191746945
1599,1195.1964111328125,1492.4544263573698
1600,1195.1964111328125,1422.3374931082776
1601,1082.60546875,1516.3804429978204
1602,1021.9794921875,1393.8702881546064
1603,1021.9794921875,1465.4304775279106
1604,978.6753540039062,1375.4115071697838
1605,1073.94482421875,1443.0840898740098
1606,1125.9097900390625,1402.5659483069426
1607,1333.7702636718755,1364.0723976940953
1608,1342.430908203125,1342.4994429884046
1609,1342.430908203125,1358.1467588030519
1610,1255.822509765625,1316.634803502025
1611,1299.126708984375,1329.1435832980146
1612,1299.126708984375,1350.9596009287766
1613,1299.126708984375,1324.7748912541992
1614,1299.126708984375,1292.3425123155002
1615,1212.5179443359375,1335.2324775868883
1616,1212.5179443359375,1303.8857610450787
1617,1212.5179443359375,1265.0897819079496
1618,1117.2491455078125,1254.2129960374368
1619,1056.622924804688,1219.208574510285
1620,1056.622924804688,1272.8985984154706
1621,961.3536376953125,1247.0286384272754
1622,909.3885498046875,1202.2896587615974
1623,900.7278442382812,1184.8868573740588
1624,935.3710327148438,1194.0339201015267
1625,926.7102661132812,1062.0487916031284
1626,944.0320434570312,1136.4798117458186
1627,935.3710327148438,1525.5546682871914
1628,926.7102661132812,1515.63949311333
1629,926.7102661132812,1581.1561524764024
1630,926.7102661132812,1765.9189788317362
1631,926.7102661132812,1631.371048616461
1632,952.6929321289062,1531.1599569636255
1633,961.3536376953125,1503.5616739644424
1634,952.6929321289062,1297.9553617050415
1635,952.6929321289062,1203.767638160819
1636,1030.6405029296875,1272.9355619017715
1637,1082.60546875,987.630652675361
1638,1108.5882568359375,1024.897127553576
1639,1125.9097900390625,1226.3355267061152
1640,1125.9097900390625,1382.8938128816449
1641,1125.9097900390625,1401.0347638895605
1642,1039.3012695312505,1149.7897471047431
1643,1047.962158203125,1074.8860423796568
1644,1047.962158203125,1208.5644905876225
1645,1039.3012695312505,1180.8990012497093
1646,1039.3012695312505,1219.2460980494088
1647,1047.962158203125,1299.9852731610772
1648,1065.283935546875,1343.2079098091758
1649,1117.2491455078125,1275.735545989081
1650,1108.5882568359375,1176.1015887700837
1651,1099.9271240234375,1194.247860279815
1652,1099.9271240234375,1153.0316128691975
1653,1099.9271240234375,1097.050412866166
1654,1099.9271240234375,1090.4409494785514
1655,1099.9271240234375,1092.2389990659713
1656,1117.2491455078125,1139.6284287152857
1657,1117.2491455078125,1134.9357461135128
1658,1117.2491455078125,1152.028838290074
1659,1117.2491455078125,1177.8229111207875
1660,1117.2491455078125,1192.6589904216899
1661,1117.2491455078125,1182.3733403055835
1662,1117.2491455078125,1179.4280225107723
1663,1117.2491455078125,1199.1810855689564
1664,1117.2491455078125,1184.3503267698698
1665,1117.2491455078125,1162.8605399083563
1666,1117.2491455078125,1176.7809328440721
1667,1117.2491455078125,1148.16447381314
1668,1117.2491455078125,1170.8194505723727
1669,1117.2491455078125,1172.3464345935845
1670,1125.9097900390625,1179.5957583311838
1671,1134.5706787109375,1153.2315517269171
1672,1125.9097900390625,1191.3134635150473
1673,1125.9097900390625,1218.5015078215706
1674,1117.2491455078125,1214.2358654971404
1675,1151.892456054687,1195.8910552617463
1676,1151.892456054687,1199.303457110726
1677,1160.55322265625,1209.9366200033455
1678,1160.55322265625,1231.885370153098
1679,1160.55322265625,1216.4469540413343
1680,1160.55322265625,1227.9902027709127
1681,1160.55322265625,1220.7201570788716
1682,1169.2139892578125,1230.1774890701395
1683,1125.9097900390625,1235.6284831939079
1684,1125.9097900390625,1227.490915679436
1685,1125.9097900390625,1229.5107461846628
1686,1125.9097900390625,1226.5127834245136
1687,1125.9097900390625,1216.9890851737505
1688,1151.892456054687,1221.3530167685722
1689,1151.892456054687,1220.4698134671048
1690,1151.892456054687,1221.7831373364397
1691,1151.892456054687,1226.9807075579165
1692,1151.892456054687,1233.3487881789279
1693,1151.892456054687,1248.170026080028
1694,1169.2139892578125,1249.0630303058933
1695,1177.8748779296875,1247.7340249575213
1696,1169.2139892578125,1245.8054830624023
1697,1151.892456054687,1226.3201252534896
1698,1203.8574218750005,1213.1275209609298
1699,1247.161376953125,1233.478720433805
1700,1229.8398437500005,1228.039487419314
1701,1273.14404296875,1244.6635353568272
1702,1325.10888671875,1288.5461942565294
1703,1299.126708984375,1285.0453040615557
1704,1420.3785400390625,1280.603245097961
1705,1342.430908203125,1295.1861805229832
1706,1342.430908203125,1287.4333692977366
1707,1325.10888671875,1267.8925662593724
1708,1325.10888671875,1286.0242763957126
1709,1342.430908203125,1285.9397084194784
1710,1342.430908203125,1264.4748439085765
1711,1333.7702636718755,1281.9918960719551
1712,1403.056884765625,1304.072818687875
1713,1342.430908203125,1323.4111626308172
1714,1299.126708984375,1309.6610257532157
1715,1255.822509765625,1267.0765692966343
1716,1255.822509765625,1299.935988512676
1717,1281.8048095703125,1350.8576713150374
1718,1299.126708984375,1349.9473054516666
1719,1281.8048095703125,1389.8874725056617
1720,1299.126708984375,1379.3859220263876
1721,1351.091552734375,1356.1806933688085
1722,1316.4482421875,1203.4789309306943
1723,1333.7702636718755,1236.13505097208
1724,1333.7702636718755,1369.490348701322
1725,1333.7702636718755,1301.2689142308068
1726,1342.430908203125,1440.1726552749747
1727,1333.7702636718755,1504.116126258959
1728,1325.10888671875,1398.8404769300491
1729,1368.413330078125,1289.9930907240887
1730,1385.73486328125,1297.2849784762166
1731,1333.7702636718755,1434.8907971036751
1732,1307.787353515625,1358.3982225204636
1733,1342.430908203125,1454.2988676230489
1734,1342.430908203125,1344.050509280994
1735,1342.430908203125,1306.6647431515348
1736,1342.430908203125,1313.1448343370953
1737,1333.7702636718755,1312.5338167074815
1738,1351.091552734375,1397.8012989174472
1739,1316.4482421875,1355.230563755023
1740,1299.126708984375,1232.2771271026072
1741,1299.126708984375,1392.8966363222657
1742,1307.787353515625,1333.521236186994
1743,1437.7001953125,1258.1470870908024
1744,1481.0042724609375,1335.4189751768622
1745,1515.6478271484375,1309.5834584372656
1746,1558.951904296875,1475.831218499091
1747,1576.27392578125,1427.5910686120283
1748,1515.6478271484375,1412.2817446759072
1749,1515.6478271484375,1519.9051354377602
1750,1524.30859375,1539.1846738343147
1751,1506.9869384765625,1498.6724128218862
1752,1498.3260498046875,1478.90870876007
1753,1489.665283203125,1438.836369239907
1754,1489.665283203125,1474.7074725102552
1755,1558.951904296875,1460.343517738926
1756,1472.3436279296875,1453.16840100034
1757,1524.30859375,1447.2380016603029
1758,1472.3436279296875,1472.0690636623076
1759,1429.039184570312,1477.5144572578483
1760,1437.7001953125,1492.1715996818843
1761,1498.3260498046875,1536.5661468615745
1762,1515.6478271484375,1518.5164844637666
1763,1506.9869384765625,1510.0221633012065
1764,1515.6478271484375,1548.564718536044
1765,1472.3436279296875,1532.5808109749273
1766,1481.0042724609375,1514.3099277121355
1767,1472.3436279296875,1546.7554678921692
1768,1498.3260498046875,1524.1976602976824
1769,1498.3260498046875,1550.9586643268635
1770,1498.3260498046875,1564.454257196528
1771,1498.3260498046875,1564.6765981671574
1772,1498.3260498046875,1567.0445015017194
1773,1498.3260498046875,1560.802992818648
1774,1489.665283203125,1547.544862345827
1775,1481.0042724609375,1520.7656565999068
1776,1489.665283203125,1515.966843988224
1777,1472.3436279296875,1530.667950558845
1778,1472.3436279296875,1520.6690474879833
1779,1516.6912841796875,1516.9404958205646
1780,1516.6912841796875,1503.4342619472677
1781,1516.6912841796875,1510.9395298248614
1782,1578.778076171875,1526.7694228597234
1783,1507.8216552734375,1548.2054446502539
1784,1516.6912841796875,1565.8921928189234
1785,1507.8216552734375,1571.3885512213342
1786,1525.560791015625,1545.3572960201886
1787,1507.8216552734375,1550.0530589124864
1788,1507.8216552734375,1552.084930553402
1789,1516.6912841796875,1538.3672767395196
1790,1507.8216552734375,1544.8515683212509
1791,1516.6912841796875,1519.469694368077
1792,1507.8216552734375,1488.4427679880541
1793,1525.560791015625,1503.8545815907373
1794,1516.6912841796875,1530.2512712587236
1795,1507.8216552734375,1540.1745671985145
1796,1507.8216552734375,1525.7736489408844
1797,1507.8216552734375,1557.941402920837
1798,1507.8216552734375,1599.3595493740536
1799,1525.560791015625,1577.8692024597176
1800,1507.8216552734375,1574.921644453615
1801,1507.8216552734375,1598.7863353099751
1802,1507.8216552734375,1615.3459771728726
1803,1507.8216552734375,1542.321529694504
1804,1463.4738769531245,1478.585838307758
1805,1498.9520263671875,1498.5984858492839
1806,1463.4738769531245,1497.9460243107874
1807,1463.4738769531245,1534.9047501629043
1808,1463.4738769531245,1503.8487010360986
1809,1463.4738769531245,1483.0976238477842
1810,1463.4738769531245,1471.7604745569756
1811,1507.8216552734375,1524.1928998486892
1812,1481.212890625,1586.534899786037
1813,1543.299682617188,1515.3684275471219
1814,1552.1693115234375,1492.017865182041
1815,1561.0389404296875,1550.8914579881343
1816,1507.8216552734375,1557.112804769587
1817,1552.1693115234375,1517.824539201266
1818,1552.1693115234375,1541.1543796119054
1819,1552.1693115234375,1513.0134054274831
1820,1516.6912841796875,1554.6793752547642
1821,1516.6912841796875,1554.6762949642389
1822,1543.299682617188,1561.8108078731761
1823,1543.299682617188,1559.56051563139
1824,1534.430419921875,1548.7556965485996
1825,1543.299682617188,1537.9687991561373
1826,1552.1693115234375,1547.8979756505673
1827,1534.430419921875,1547.585466175476
1828,1543.299682617188,1541.969816521821
1829,1534.430419921875,1546.4978435937069
1830,1516.6912841796875,1570.4036983325386
1831,1534.430419921875,1568.4757164902421
1832,1534.430419921875,1573.6973689830966
1833,1534.430419921875,1579.3987067186317
1834,1552.1693115234375,1590.8106230612766
1835,1561.0389404296875,1574.622856272681
1836,1552.1693115234375,1523.6126851243262
1837,1596.5169677734375,1522.1344256986931
1838,1587.6475830078125,1552.3128720522586
1839,1667.473388671875,1572.0846968800051
1840,1640.8646240234375,1626.3300131589413
1841,1658.603759765625,1621.6566523795532
1842,1640.8646240234375,1644.7224278842687
1843,1640.8646240234375,1604.3577407906337
1844,1623.125732421875,1562.8889095569584
1845,1623.125732421875,1623.1391122013565
1846,1605.38671875,1633.332633628122
1847,1596.5169677734375,1657.543437128938
1848,1552.1693115234375,1564.402172284013
1849,1596.5169677734375,1529.574447422437
1850,1561.0389404296875,1538.6094995853564
1851,1614.256103515625,1573.0953121986468
1852,1578.778076171875,1619.954091798411
1853,1596.5169677734375,1584.4414223346193
1854,1614.256103515625,1552.1042523757865
1855,1587.6475830078125,1609.0064592458207
1856,1561.0389404296875,1651.5458314501711
1857,1578.778076171875,1633.2444253085396
1858,1552.1693115234375,1589.958782717883
1859,1596.5169677734375,1593.1068396345272
1860,1614.256103515625,1639.8614494092612
1861,1614.256103515625,1640.5125108157013
1862,1631.9952392578125,1624.1007228980084
1863,1631.9952392578125,1635.016152413291
1864,1631.9952392578125,1632.586083215404
1865,1631.9952392578125,1632.5029153712267
1866,1631.9952392578125,1642.76336311031
1867,1569.9084472656245,1642.464014876553
1868,1596.5169677734375,1639.4528908750694
1869,1631.9952392578125,1638.2490573325808
1870,1569.9084472656245,1628.3106399665758
1871,1596.5169677734375,1617.0586187048239
1872,1596.5169677734375,1624.4893995569928
1873,1605.38671875,1624.24801679039
1874,1640.8646240234375,1609.88798238882
1875,1640.8646240234375,1637.5041870783316
1876,1640.8646240234375,1635.5818057642623
1877,1640.8646240234375,1640.525672057036
1878,1623.125732421875,1655.859918343769
1879,1623.125732421875,1653.6303480564247
1880,1587.6475830078125,1660.8119054024723
1881,1614.256103515625,1669.8085939470334
1882,1614.256103515625,1652.007034949701
1883,1623.125732421875,1637.1278315814475
1884,1623.125732421875,1648.5431082410287
1885,1640.8646240234375,1646.6383685908763
1886,1640.8646240234375,1647.9682140184818
1887,1640.8646240234375,1640.4338233941057
1888,1640.8646240234375,1651.627599162292
1889,1578.778076171875,1657.6229646297675
1890,1596.5169677734375,1660.0029091000183
1891,1614.256103515625,1667.0816967530927
1892,1614.256103515625,1645.3250447215414
1893,1614.256103515625,1628.0840985997756
1894,1596.5169677734375,1633.1772189698104
1895,1614.256103515625,1637.9191862199846
1896,1658.603759765625,1651.3156497400237
1897,1640.8646240234375,1647.88616627995
1898,1614.256103515625,1613.9077615240658
1899,1614.256103515625,1586.506337092077
1900,1614.256103515625,1594.1140946362325
1901,1596.5169677734375,1649.322141717466
1902,1596.5169677734375,1668.493309892819
1903,1596.5169677734375,1715.6294556530474
1904,1614.256103515625,1732.9103055384335
1905,1596.5169677734375,1734.0045087408698
1906,1596.5169677734375,1667.2147092984942
1907,1596.5169677734375,1562.9703972426678
1908,1596.5169677734375,1614.846410054985
1909,1596.5169677734375,1621.0842783947087
1910,1543.299682617188,1615.8388236568876
1911,1534.430419921875,1597.7771201233904
1912,1578.778076171875,1566.778476410916
1913,1552.1693115234375,1588.248941450045
1914,1552.1693115234375,1630.9434482862957
1915,1596.5169677734375,1631.5872290060402
1916,1552.1693115234375,1638.1672896204605
1917,1552.1693115234375,1612.8671833794074
1918,1552.1693115234375,1639.706874830184
1919,1552.1693115234375,1694.3520688245594
1920,1552.1693115234375,1611.701993481688
1921,1587.6475830078125,1568.092640359485
1922,1587.6475830078125,1577.1621357710028
1923,1587.6475830078125,1582.1804890892013
1924,1587.6475830078125,1633.0285249453718
1925,1587.6475830078125,1626.7693745983838
1926,1578.778076171875,1614.6551520160178
1927,1587.6475830078125,1620.8675379523065
1928,1587.6475830078125,1612.8537421116612
1929,1587.6475830078125,1606.3380875718567
1930,1587.6475830078125,1610.9817655516395
1931,1596.5169677734375,1611.5636604344704
1932,1605.38671875,1605.937369777183
1933,1605.38671875,1605.8698834120423
1934,1605.38671875,1618.1417608640113
1935,1605.38671875,1610.9243601373082
1936,1596.5169677734375,1616.6607011742644
1937,1552.1693115234375,1626.0648281473718
1938,1534.430419921875,1623.8996639346433
1939,1552.1693115234375,1624.9769255391916
1940,1578.778076171875,1613.6772997875064
1941,1623.125732421875,1601.6087215101943
1942,1623.125732421875,1600.4107685223444
1943,1631.9952392578125,1610.4519555813235
1944,1614.256103515625,1628.4769756549308
1945,1614.256103515625,1645.2679193336212
1946,1614.256103515625,1647.7492333647892
1947,1640.8646240234375,1642.2693965206495
1948,1640.8646240234375,1647.8119592809367
1949,1640.8646240234375,1633.4911285769585
1950,1676.3427734375,1632.0615937469042
1951,1667.473388671875,1634.450219035908
1952,1676.3427734375,1611.7344765454072
1953,1773.9075927734375,1620.4858619536067
1954,1840.429443359375,1671.6674092657213
1955,1884.777099609375,1665.678204379296
1956,1929.1251220703125,1685.977038913244
1957,1884.777099609375,1690.3773739415446
1958,1862.6031494140625,1745.112316400765
1959,1995.646484375,1710.566018082618
1960,2039.9940185546875,1670.2149122699343
1961,2062.168212890625,1699.9657582933346
1962,2039.9940185546875,1723.075777971047
1963,2106.51513671875,1779.3659871190275
1964,2106.51513671875,1847.7426962346485
1965,2217.384765625,1891.9937298785107
1966,2372.601806640625,1922.686024696944
1967,2793.905029296875,1868.5037143605664
1968,2660.862060546875,1806.1876168662707
1969,2660.862060546875,1822.6120059724753
1970,2527.818603515625,1922.720747971954
1971,2439.123046875,2140.72368944959
1972,2394.775634765625,2224.67266730161
1973,2549.992431640625,2142.485195590326
1974,2483.470947265625,2151.81413547198
1975,2483.470947265625,2236.2324375894596
1976,2505.644775390625,2364.27997470435
1977,2483.470947265625,2292.4812028285573
1978,2483.470947265625,2085.8158306813475
1979,2416.94970703125,2179.0233217725618
1980,2372.601806640625,2235.8976660146645
1981,2261.732666015625,2304.7207372300127
1982,2217.384765625,2263.250225837869
1983,2173.037353515625,2340.574198836444
1984,2306.080078125,2370.4934807462846
1985,2306.080078125,2382.609243473913
1986,2350.427978515625,2408.302786822944
1987,2261.732666015625,2369.458783156265
1988,2306.080078125,2363.2136341298456
1989,2306.080078125,2484.8604675467996
1990,2483.470947265625,2504.169268703342
1991,2439.123046875,2408.6791423198283
1992,2394.775634765625,2376.9002050120657
1993,2461.296875,2394.685242451127
1994,2416.94970703125,2348.8841226071154
1995,2594.33984375,2349.3066824618754
1996,2594.33984375,2348.884682659938
1997,2594.33984375,2364.4838339318294
1998,2616.51416015625,2356.8988985402
1999,2660.862060546875,2353.4841164667237
2000,2683.03564453125,2396.9199932270817
2001,2683.03564453125,2368.382781670568
2002,2594.33984375,2396.305195240914
2003,2594.33984375,2443.479984645912
2004,2572.166748046875,2401.606795274216
2005,2594.33984375,2400.354097122943
2006,2594.33984375,2407.2459671464258
2007,2527.818603515625,2435.459468171394
2008,2527.818603515625,2428.010625615692
2009,2350.427978515625,2432.313511452835
2010,2372.601806640625,2441.669053843569
2011,2350.427978515625,2439.0551473066166
2012,2372.601806640625,2468.562510365329
2013,2394.775634765625,2431.816884612266
2014,2416.94970703125,2429.783892865705
2015,2527.818603515625,2439.4341630544086
2016,2527.818603515625,2449.3795810806987
2017,2505.644775390625,2491.861267844306
2018,2461.296875,2490.7989876527663
2019,2416.94970703125,2508.2993782446683
2020,2461.296875,2519.712274679753
2021,2452.29833984375,2512.2025263795776
2022,2474.7958984375,2501.19832849189
2023,2497.2939453125,2483.3910289531245
2024,2474.7958984375,2400.1921018439643
2025,2519.792236328125,2375.3495587590933
2026,2497.2939453125,2433.420875896605
2027,2519.792236328125,2404.3223513984963
2028,2497.2939453125,2440.785290489279
2029,2519.792236328125,2447.325867379696
2030,2789.7705078125,2451.6897989745175
2031,2879.762451171875,2413.966180979738
2032,2812.268798828125,2450.011180651548
2033,2789.7705078125,2617.187648306689
2034,2789.7705078125,2627.3715088222616
2035,2767.272216796875,2650.9228501242965
2036,2767.272216796875,2677.776122856025
2037,2767.272216796875,2692.615842500275
2038,2767.272216796875,2773.002464360026
2039,2789.7705078125,2692.5510163860426
2040,2969.75537109375,2433.6072334733735
2041,3037.25,2630.605113807581
2042,3262.231201171875,2569.615361410749
2043,3352.223876953125,2654.8055563311755
2044,3509.7109375,2863.4631763820917
2045,3599.703125,3029.5305994349937
2046,3464.71484375,3053.2134831437706
2047,3757.190673828125,3345.909829511552
2048,3869.681640625,3252.0348254622295
2049,3757.190673828125,2938.3803923815267
2050,3937.175537109375,3242.81187557728
2051,3937.175537109375,3483.156199236713
2052,4252.150390625,3332.702453825792
2053,4162.1572265625,3220.8277720930914
2054,4297.14599609375,3552.5537446349904
2055,4342.142578125,3730.752121848338
2056,4297.14599609375,3772.4831803146126
2057,4342.142578125,3953.0436328128353
2058,4319.64453125,4005.612750372012
2059,4432.134765625,4002.201919296184
2060,4589.62158203125,4077.590395681188
2061,4634.61865234375,4179.756734560421
2062,4454.6328125,4253.311140773137
2063,4319.64453125,4147.438580145085
2064,4297.14599609375,4520.786050819809
2065,4432.134765625,4418.090494838679
2066,4499.62939453125,4554.075170564101
2067,5624.53759765625,4586.723554875873
2068,5939.5107421875,4577.336439507256
2069,5804.52197265625,5329.287266578349
2070,5669.53271484375,5319.998930526344
2071,6074.5,4709.78217644906
2072,5849.51806640625,4799.8630326441
2073,5804.52197265625,5590.3537897024235
2074,5804.52197265625,5425.560906860882
2075,5669.53271484375,5665.701196276329
2076,5624.53759765625,5335.301533828592
2077,5624.53759765625,4877.258272364369
2078,5579.541015625,5361.7419076167525
2079,5669.53271484375,5504.459748397013
2080,5534.54443359375,5619.5770659668
2081,5579.541015625,5887.862109923222
2082,5489.54833984375,6189.0438166084
2083,5534.54443359375,5639.068024303939
2084,5939.5107421875,5567.234949192753
2085,5939.5107421875,5039.283304149307
2086,5804.52197265625,5319.865637954531
2087,5669.53271484375,5696.341546195453
2088,5714.52880859375,6227.988349756762
2089,5669.53271484375,5644.397486965172
2090,5669.53271484375,5171.829745589301
2091,5579.541015625,5754.675948146449
2092,5534.54443359375,6167.565370816546
2093,5489.54833984375,5900.99926898633
2094,5489.54833984375,5882.954367037516
2095,5444.55078125,5974.910840135926
2096,5489.54833984375,5884.4603490778745
2097,5444.55078125,5801.9361456069155
2098,5309.5625,6018.109394512646
2099,5084.58056640625,6125.453038889538
2100,5084.58056640625,5575.233343580773
2101,5174.5732421875,5726.834042169372
2102,5174.5732421875,5560.436467977463
2103,5264.5654296875,5463.680622214547
2104,5264.5654296875,5644.716157021314
2105,5309.5625,5805.155329232049
2106,5129.57763671875,5631.384799641919
2107,5264.5654296875,5439.87165661405
2108,5174.5732421875,5603.0458467846565
2109,5129.57763671875,5450.584487020705
2110,5084.58056640625,5450.776305112495
2111,5084.58056640625,5434.504670413694
2112,5039.58447265625,5445.697186063028
2113,4994.587890625,5323.3082826559385
2114,4859.599609375,5455.83988269613
2115,4679.6142578125,5406.657723961212
2116,4904.5966796875,5397.010254036622
2117,4814.60302734375,5464.746822775846
2118,4679.6142578125,5376.930960209189
2119,4634.61865234375,5439.73472369889
2120,4634.61865234375,5410.428419603542
2121,4589.62158203125,5077.8301297869175
2122,4544.625,4997.321206392
2123,4477.13134765625,4935.446780555041
2124,4859.599609375,4827.9333701662545
2125,4949.591796875,4893.228808664343
2126,4859.599609375,4937.178533889569
2127,4814.60302734375,4836.927328453305
2128,4994.587890625,4922.909438065091
2129,4994.587890625,4971.349946849491
2130,5219.5703125,5009.810804378811
2131,5174.5732421875,4905.80451477265
2132,5129.57763671875,5062.41943628988
2133,4994.587890625,5024.622101342306
2134,5039.58447265625,5058.271335051622
2135,4769.607421875,5088.685073597344
2136,4544.625,4934.634003896033
2137,4589.62158203125,4977.340551867973
2138,4679.6142578125,5077.180818545548
2139,4544.625,5066.559416762207
2140,4544.625,5121.1087017106875
2141,4544.625,4898.885342174058
2142,4499.62939453125,4947.645501107038
2143,4544.625,4896.098099288466
2144,4499.62939453125,4894.571675320078
2145,4409.63671875,4921.985700940578
2146,4139.6591796875,4847.025710906806
2147,4117.1611328125,4716.662565389677
2148,4139.6591796875,4770.513114435182
2149,4184.6552734375,4711.786605501661
2150,4184.6552734375,4668.042979715206
2151,4117.1611328125,4660.550032999712
2152,4094.66259765625,4522.358294109759
2153,4724.60986328125,4466.607975882904
2154,4544.625,4408.242455996944
2155,4499.62939453125,4880.416760264838
2156,4544.625,4766.018900552469
2157,4499.62939453125,4752.740188138412
2158,4477.13134765625,4544.7795538254
2159,4387.13916015625,4358.072889132226
2160,4342.142578125,4870.0321208123105
2161,4319.64453125,4828.203805673036
2162,4252.150390625,4235.407634660413
2163,4342.142578125,4315.516855356399
2164,4319.64453125,4583.998197827194
2165,4274.64697265625,4192.9281531047955
2166,4274.64697265625,4490.378087818823
2167,4274.64697265625,4455.220876880967
2168,4229.6513671875,4653.626660004949
2169,4184.6552734375,3809.788456352453
2170,4252.150390625,4568.410562641471
2171,4432.134765625,4095.3498522700297
2172,4409.63671875,3665.492421721001
2173,4454.6328125,3897.3879810146746
2174,4409.63671875,4535.024903791858
2175,4724.60986328125,3962.319918978326
2176,4679.6142578125,3871.6019414416373
2177,4499.62939453125,4633.099428929226
2178,4544.625,4452.512776459889
2179,4364.6396484375,4463.040929448244
2180,4342.142578125,4458.087157221168
2181,4589.62158203125,4507.067206893678
2182,4544.625,4416.218063235739
2183,4544.625,4529.066431804081
2184,4544.625,4415.671101647726
2185,4679.6142578125,4409.417096786046
2186,4634.61865234375,4579.552813549964
2187,4814.60302734375,4621.293130389465
2188,4814.60302734375,4688.105471957956
2189,4769.607421875,4799.54660279925
2190,4769.607421875,4790.722620543902
2191,4994.587890625,4606.0669742975215
2192,4949.591796875,4704.950110701027
2193,5309.5625,4771.613198192257
2194,5309.5625,4712.636695679984
2195,5669.53271484375,5354.781431122483
2196,5669.53271484375,5369.687096986611
2197,5579.541015625,5331.667491075012
2198,5534.54443359375,5350.025882591357
2199,5714.52880859375,5077.024843834414
2200,5759.52490234375,5351.7761876756385
2201,5759.52490234375,5557.598540311413
2202,5669.53271484375,5188.944679825949
2203,5669.53271484375,5467.565988672334
2204,5759.52490234375,5446.352167839228
2205,5624.53759765625,5707.29673946115
2206,5579.541015625,5970.307065919764
2207,5714.52880859375,5951.766657236026
2208,5669.53271484375,5990.852043669308
2209,5714.52880859375,5816.539382946762
2210,5804.52197265625,5892.936888563312
2211,5849.51806640625,5945.265704082818
2212,5894.513671875,5750.493473666196
2213,5804.52197265625,5686.368545567643
2214,5804.52197265625,5905.07281319256
2215,5759.52490234375,5808.641658053631
2216,6029.50341796875,5932.708479717661
2217,6254.48486328125,5877.624904376284
2218,6299.48095703125,5942.408594607589
2219,6344.47705078125,6122.2970012201695
2220,6254.48486328125,6129.203852656661
2221,6299.48095703125,6100.261162856481
2222,6569.4580078125,6004.732532841404
2223,6614.4541015625,6034.022035352068
2224,6614.4541015625,6182.325422946762
2225,6614.4541015625,6309.331681850965
2226,7019.421875,6220.123247940555
2227,6929.4296875,6331.577259996771
2228,6839.43603515625,6482.608524877845
2229,6704.44775390625,6660.086184114925
2230,6794.4404296875,6687.682226902817
2231,6794.4404296875,6837.624889109682
2232,6479.46533203125,6883.285715721597
2233,6164.4912109375,6744.159353680388
2234,6254.48486328125,6844.7991657690345
2235,6389.47314453125,6934.993152634268
2236,6344.47705078125,6960.335262837028
2237,6524.46240234375,6807.819437936065
2238,6434.4697265625,6774.863129581689
2239,6434.4697265625,6599.8343013120575
2240,6254.48486328125,6645.343353609009
2241,6164.4912109375,6664.950522906869
2242,6119.49560546875,6668.65303211803
2243,6299.48095703125,6668.182307720514
2244,6164.4912109375,6564.184698933106
2245,6119.49560546875,6507.155360072308
2246,6074.5,6624.770373218327
2247,6209.48876953125,6600.88776067164
2248,6164.4912109375,6471.933918076344
2249,6569.4580078125,6278.19414503845
2250,6614.4541015625,6268.585038732219
2251,6524.46240234375,6352.813062903171
2252,6569.4580078125,6375.638435733724
2253,6749.44287109375,6454.818983839696
2254,6749.44287109375,6513.103121049851
2255,6749.44287109375,6373.736636360891
2256,6839.43603515625,6437.4265434293775
2257,7019.421875,6496.077235212018
2258,7424.388671875,6604.764166284263
2259,7964.34423828125,6657.176149647947
2260,7739.36328125,6845.393381813966
2261,7469.38427734375,6900.568105752245
2262,7739.36328125,6971.832587235142
2263,7829.35595703125,7023.891457294085
2264,7784.35888671875,7016.50856095826
2265,7559.376953125,6960.084639198849
2266,7632.0634765625,7137.485011146389
2267,7904.6376953125,7238.825449316288
2268,8268.0693359375,7421.3595454635115
2269,8131.7822265625,7482.490431171675
2270,8040.92431640625,7652.335690540397
2271,8086.35302734375,7682.7686809019
2272,8177.2109375,7835.820476354229
2273,8404.35546875,7968.485508979438
2274,8177.2109375,7871.806110426828
2275,8222.638671875,7822.153227294393
2276,8086.35302734375,7858.229869950688
2277,7677.49267578125,7884.009101381599
2278,7950.06640625,7916.5204477683055
2279,7677.49267578125,7921.604887319587
2280,7450.34765625,7829.566926535468
2281,7359.48974609375,7815.9498022032685
2282,7450.34765625,7800.046262222216
2283,7450.34765625,7870.502867508303
2284,7495.7763671875,7729.219742046706
2285,7632.0634765625,7595.624181656507
2286,7904.6376953125,7499.36790301148
2287,7904.6376953125,7436.952256127941
2288,7904.6376953125,7521.182800536597
2289,7904.6376953125,7553.136334311849
2290,7995.4951171875,7580.570241807558
2291,8040.92431640625,7589.93460503025
2292,8040.92431640625,7654.953377433903
2293,8131.7822265625,7681.686098795535
2294,8131.7822265625,7692.9137577594975
2295,8131.7822265625,7696.692714180964
2296,8086.35302734375,7704.878446238192
2297,8086.35302734375,7689.272294306016
2298,7904.6376953125,7746.780198303848
2299,7904.6376953125,7788.217666579449
2300,7859.2080078125,7830.503894907919
2301,7768.349609375,7896.261937037594
2302,7177.77392578125,7903.923459652733
2303,7813.7802734375,7841.136217721305
2304,7632.0634765625,7815.817629737101
2305,7541.20556640625,7756.135320654965
2306,7541.20556640625,7731.392186946131
2307,7086.91650390625,7707.145540064659
2308,7086.91650390625,7588.810298988592
2309,6905.2001953125,7504.486505784949
2310,7450.34765625,7436.231748171481
2311,6950.62890625,7370.472585936161
2312,6859.77197265625,7330.83344727439
2313,7041.48681640625,7277.681914158273
2314,6587.197265625,7198.060324454391
2315,6450.9111328125,7137.05237034082
2316,6814.34130859375,7088.855064494697
2317,6996.05908203125,7020.961820978309
2318,6814.34130859375,6916.136454118886
2319,6859.77197265625,6904.319059532574
2320,6950.62890625,6946.9376792113435
2321,6905.2001953125,6963.556966699863
2322,6814.34130859375,6882.83739343699
2323,6814.34130859375,6823.157604592558
2324,6678.0546875,6850.036219714514
2325,6678.0546875,6843.312225524649
2326,6678.0546875,6842.921308654373
2327,6405.482421875,6823.840869036305
2328,6360.052734375,6757.327595675159
2329,6405.482421875,6707.737998511695
2330,6541.76806640625,6693.601985239222
2331,6632.62646484375,6644.7488575376665
2332,6859.77197265625,6674.233678470264
2333,6905.2001953125,6677.626478470447
2334,6905.2001953125,6712.107810661155
2335,6814.34130859375,6688.555909306298
2336,6814.34130859375,6685.501381211052
2337,6587.197265625,6661.5283201334905
2338,6360.052734375,6611.86199573331
2339,6360.052734375,6576.126985298889
2340,6178.33740234375,6681.0545617984635
2341,6087.47900390625,6667.735665594375
2342,5724.04736328125,6650.519641823221
2343,5678.619140625,6524.629848221159
2344,5678.619140625,6412.3720203510975
2345,5587.76123046875,6267.543760521532
2346,5315.1865234375,6199.4850213960235
2347,5860.333984375,6075.273566090519
2348,5678.619140625,6060.768197981447
2349,5496.9033203125,6050.812839017553
2350,5587.76123046875,6010.054574802734
2351,5633.189453125,5951.996698932968
2352,5860.333984375,6005.544749447588
2353,5724.04736328125,5807.607800542844
2354,5678.619140625,5779.742932400035
2355,5860.333984375,5805.33832649188
2356,6314.62451171875,5822.487984003538
2357,6314.62451171875,5883.849471461466
2358,6223.765625,5983.198501806893
2359,6132.908203125,6035.638767838125
2360,5951.19189453125,6094.440393856496
2361,5951.19189453125,6197.455950019222
2362,5860.333984375,6104.482420994709
2363,5951.19189453125,6036.83686083918
2364,5905.763671875,5974.9949880725435
2365,5860.333984375,6104.573009538788
2366,5814.90478515625,6080.8476318220855
2367,5587.76123046875,6055.568247535473
2368,5814.90478515625,6048.478678865562
2369,5814.90478515625,5953.696459249996
2370,5905.763671875,6044.371391476762
2371,5814.90478515625,6098.469693889728
2372,5769.4765625,6001.601137496235
2373,5814.90478515625,6013.104622475399
2374,6042.0498046875,5930.018546010022
2375,5996.62109375,5883.743901504379
2376,6042.0498046875,5926.659909232025
2377,5951.19189453125,5937.652906063258
2378,5860.333984375,5876.510119232611
2379,5724.04736328125,5918.108882721162
2380,5814.90478515625,5932.653594541032
2381,5814.90478515625,5935.40723425726
2382,5814.90478515625,5927.736750796957
2383,5814.90478515625,5882.450459510252
2384,5814.90478515625,5901.632128676031
2385,5860.333984375,5848.021072218853
2386,5905.763671875,5868.7897910710835
2387,5860.333984375,5843.520207708871
2388,5814.90478515625,5870.9472545575
2389,5814.90478515625,5896.932865453591
2390,5905.763671875,5880.9373367964035
2391,5951.19189453125,5883.096200414876
2392,5951.19189453125,5879.4419957596765
2393,5860.333984375,5885.200598896337
2394,5951.19189453125,5964.771783846172
2395,6178.33740234375,5982.187466448634
2396,6360.052734375,5939.33306453149
2397,6223.765625,5955.089590646572
2398,6269.1943359375,5999.812328780391
2399,6223.765625,5884.4782707682025
2400,6314.62451171875,6019.8050944467095
2401,6314.62451171875,5969.896687213898
2402,6360.052734375,6048.283500456835
2403,6132.908203125,6098.060435289508
2404,6178.33740234375,6094.9686636815495
2405,6087.47900390625,6170.912246485265
2406,5996.62109375,6277.685617075398
2407,6132.908203125,6347.421434378613
2408,6132.908203125,6235.172427340512
2409,6087.47900390625,6170.595116574386
2410,5951.19189453125,6179.453052032113
2411,6042.0498046875,6206.353509214157
2412,5905.763671875,6194.417523442629
2413,5996.62109375,6178.2335370105875
2414,5996.62109375,6105.45607282705
2415,5996.62109375,6158.0559539127635
2416,5724.04736328125,6188.489364313883
2417,5678.619140625,6159.612200693964
2418,5905.763671875,6111.455078637873
2419,5860.333984375,5989.895193421649
2420,5860.333984375,5977.764029241395
2421,5814.90478515625,5913.407939340254
2422,5678.619140625,5900.458537985971
2423,5633.189453125,5915.13052180981
2424,5633.189453125,5886.603811243722
2425,5587.76123046875,5862.9982848310865
2426,5587.76123046875,5833.98502837524
2427,5678.619140625,5836.676362214937
2428,5587.76123046875,5816.009152936829
2429,5587.76123046875,5784.448076177114
2430,5587.76123046875,5772.7085289331635
2431,5587.76123046875,5726.100092945166
2432,5406.044921875,5671.96412697987
2433,5451.47412109375,5686.384647086297
2434,5451.47412109375,5693.1960095165105
2435,5542.33203125,5616.880411625287
2436,5451.47412109375,5635.807396769923
2437,5496.9033203125,5645.2864308080725
2438,5542.33203125,5632.112028232252
2439,5496.9033203125,5582.170577882898
2440,5406.044921875,5533.122691812233
2441,5451.47412109375,5555.515143810804
2442,5451.47412109375,5600.255523608539
2443,5678.619140625,5522.772215581894
2444,5724.04736328125,5539.6625686366215
2445,5905.763671875,5623.041412715089
2446,5905.763671875,5659.3901010300315
2447,5769.4765625,5639.618416215491
2448,5633.189453125,5631.50647111766
2449,5633.189453125,5714.747682214937
2450,5587.76123046875,5557.053328888471
2451,5542.33203125,5573.839792144579
2452,5496.9033203125,5601.9732056158955
2453,5587.76123046875,5733.222144678797
2454,5542.33203125,5742.359266468661
2455,5360.6162109375,5742.073779542267
2456,5542.33203125,5753.976582184047
2457,5542.33203125,5736.0508314732715
2458,5496.9033203125,5818.2931883611855
2459,5587.76123046875,5786.908248214223
2460,5633.189453125,5836.949527979231
2461,5587.76123046875,5823.005192785343
2462,5587.76123046875,5670.0764689408115
2463,5769.4765625,5705.32017303648
2464,5678.619140625,5511.935193461795
2465,5542.33203125,5756.188930847093
2466,5542.33203125,5777.238096150312
2467,5406.044921875,5898.525935707887
2468,5406.044921875,5957.971482459208
2469,5315.1865234375,5778.865049600384
2470,5269.7578125,5785.105578191015
2471,5315.1865234375,5974.777407550907
2472,5269.7578125,5943.601367106829
2473,5269.7578125,5742.549124375571
2474,5406.044921875,5545.880415087932
2475,5315.1865234375,5528.4987556944525
2476,5360.6162109375,5671.861637313308
2477,5269.7578125,5656.912707368623
2478,5269.7578125,5753.100939595687
2479,5269.7578125,5569.556228129822
2480,5315.1865234375,5409.157939775147
2481,5269.7578125,5488.4069543386995
2482,5224.32958984375,5456.326148559478
2483,5088.0419921875,5583.6977019173155
2484,5133.470703125,5604.8950011921515
2485,5133.470703125,5430.737055061889
2486,5178.8994140625,5500.405105973551
2487,4860.89697265625,5458.225567707814
2488,4860.89697265625,5435.61119477823
2489,4906.326171875,5458.678930467826
2490,4860.89697265625,5439.84603419741
2491,4860.89697265625,5289.531216889831
2492,4815.46923828125,5237.019124084082
2493,4815.46923828125,5211.866241728808
2494,4815.46923828125,5153.293397288528
2495,4906.326171875,5100.361754911941
2496,4860.89697265625,5171.114278108245
2497,4906.326171875,5113.912162951631
2498,4906.326171875,5042.589365968568
2499,4860.89697265625,4977.894374103064
2500,4906.326171875,5009.3037465544185
2501,5269.7578125,5069.2714725563455
2502,5269.7578125,5059.242676666069
2503,5088.0419921875,5072.560942810733
2504,5133.470703125,5068.368667406082
2505,5088.0419921875,5019.168096934616
2506,5042.61328125,5053.427858227326
2507,4997.18408203125,5014.4273898032925
2508,5042.61328125,5026.774664366523
2509,5088.0419921875,4988.357560963981
2510,5088.0419921875,5067.6870831208025
2511,5042.61328125,5095.11728026656
2512,5042.61328125,5055.337498339678
2513,5116.36328125,5068.347595418626
2514,5070.26904296875,5063.4261312387625
2515,5024.17578125,5141.780181391569
2516,5116.36328125,5179.578006385363
2517,5116.36328125,5118.623117276747
2518,5116.36328125,5145.054670232948
2519,5116.36328125,5137.275676538238
2520,5300.73583984375,5099.086164601538
2521,5346.82958984375,5169.215419012731
2522,5346.82958984375,5185.8483577888055
2523,5254.64306640625,5139.235511384828
2524,5346.82958984375,5207.591918585625
2525,5254.64306640625,5212.072201154372
2526,5392.9228515625,5222.788881924183
2527,5392.9228515625,5235.971685292345
2528,5531.203125,5246.455314081291
2529,5485.109375,5273.297805796182
2530,5531.203125,5332.522551722136
2531,5531.203125,5355.4747765170405
2532,5577.296875,5377.321877079465
2533,5623.38916015625,5384.375462355515
2534,5623.38916015625,5424.40425776871
2535,5623.38916015625,5440.829346940943
2536,5623.38916015625,5477.254762492601
2537,5623.38916015625,5501.641982632582
2538,5669.4833984375,5550.819100892095
2539,5669.4833984375,5528.723336876373
2540,5669.4833984375,5559.969523936499
2541,5669.4833984375,5586.495305780129
2542,5669.4833984375,5594.180350613823
2543,5807.76318359375,5619.228433084641
2544,5946.04296875,5621.151934504356
2545,6084.3232421875,5675.087121532697
2546,6084.3232421875,5665.953500072976
2547,6130.4169921875,5729.6774303504435
2548,6176.51025390625,5807.287590341441
2549,6130.4169921875,5804.786954487889
2550,6084.3232421875,5815.418017182423
2551,6176.51025390625,5904.246875292218
2552,6314.791015625,5974.54134528612
2553,6453.06982421875,5989.173845385955
2554,6453.06982421875,6068.1356928646455
2555,6406.97705078125,6116.6966130059345
2556,6406.97705078125,6156.12363166109
2557,6453.06982421875,6160.614135193853
2558,6545.25732421875,6203.101142459276
2559,6499.1640625,6266.1090452028675
2560,6499.1640625,6227.646997561299
2561,6591.349609375,6324.6897303826645
2562,6637.443359375,6410.446278720092
2563,6683.5361328125,6494.08344716305
2564,6637.443359375,6526.458140661007
2565,6591.349609375,6478.137343167469
2566,6683.5361328125,6553.679228084072
2567,6637.443359375,6586.017238122138
2568,6545.25732421875,6514.43576674157
2569,6453.06982421875,6655.355977974028
2570,6683.5361328125,6554.156673115462
2571,6729.630859375,6529.471784900192
2572,6729.630859375,6643.085780680527
2573,6637.443359375,6637.183664008039
2574,6637.443359375,6627.631683089727
2575,6591.349609375,6551.387771959814
2576,6683.5361328125,6587.746681238772
2577,6683.5361328125,6595.631944956598
2578,6729.630859375,6567.660666777467
2579,6729.630859375,6635.141431389902
2580,6729.630859375,6628.955367936283
2581,6960.09765625,6675.124442484837
2582,6960.09765625,6705.09202895064
2583,6960.09765625,6703.818188805309
2584,7006.1904296875,6659.620780219224
2585,7190.564453125,6653.208455425216
2586,7190.564453125,6717.876354735419
2587,7006.1904296875,6745.7608247270255
2588,7098.376953125,6805.301440445007
2589,7052.283203125,6899.826315788521
2590,7190.564453125,6875.302442759792
2591,7098.376953125,6912.345736588142
2592,7098.376953125,6924.295023614211
2593,7006.1904296875,6945.787890766249
2594,7052.283203125,6970.305043161106
2595,7374.9375,6900.828810341233
2596,7374.9375,6910.850395551416
2597,7374.9375,6964.472373038638
2598,7467.12353515625,6980.036521009108
2599,7467.12353515625,7097.888436499148
2600,7559.31103515625,7145.472204477954
2601,7421.0302734375,7142.337308802644
2602,7559.31103515625,7137.813762153341
2603,7559.31103515625,7159.660302662942
2604,7559.31103515625,7191.7644906475125
2605,7605.404296875,7228.971319900105
2606,7605.404296875,7240.708346906354
2607,7651.49755859375,7246.467930135454
2608,7651.49755859375,7242.812185334991
2609,7651.49755859375,7349.481526113301
2610,7697.5908203125,7375.047097392335
2611,7651.49755859375,7373.3798201390255
2612,7697.5908203125,7399.053761639259
2613,7605.404296875,7419.832001389477
2614,7559.31103515625,7484.1453872628845
2615,7559.31103515625,7500.219183302051
2616,7559.31103515625,7433.995457250264
2617,7651.49755859375,7383.343999934877
2618,7605.404296875,7377.055166788283
2619,7743.6845703125,7326.889275270215
2620,7743.6845703125,7386.609947970708
2621,7651.49755859375,7403.69491938134
2622,7651.49755859375,7437.8390997727565
2623,7651.49755859375,7431.50490234752
2624,7559.31103515625,7446.811145993117
2625,7236.65673828125,7442.542983430984
2626,7328.8447265625,7451.843220605473
2627,7421.0302734375,7608.163204304925
2628,7374.9375,7548.695115427488
2629,7421.0302734375,7445.802770885766
2630,7421.0302734375,7401.481870652267
2631,7421.0302734375,7276.758947106391
2632,7559.31103515625,7340.591247605061
2633,7559.31103515625,7272.23400032503
2634,7467.12353515625,7302.333199204177
2635,7605.404296875,7341.6878310319935
2636,7743.6845703125,7337.443750741239
2637,7835.87109375,7348.708373191503
2638,7881.9638671875,7388.61857741948
2639,7928.05712890625,7463.698698783731
2640,7835.87109375,7544.038556232783
2641,7835.87109375,7492.775521234958
2642,7789.77783203125,7548.511138075217
2643,7835.87109375,7486.435723281496
2644,7513.2177734375,7478.027650253638
2645,7605.404296875,7499.310497597148
2646,7789.77783203125,7547.289662868812
2647,7789.77783203125,7401.328416178834
2648,7605.404296875,7510.60536289984
2649,7467.12353515625,7562.820207669918
2650,7467.12353515625,7553.5174502577265
2651,7467.12353515625,7497.046764087617
2652,7559.31103515625,7514.699069007687
2653,7559.31103515625,7499.934676468097
2654,7605.404296875,7504.629039228337
2655,7374.9375,7416.405318193518
2656,7513.2177734375,7435.171568178026
2657,7559.31103515625,7407.524280556852
2658,7190.564453125,7377.16465711513
2659,7467.12353515625,7401.031868209192
2660,7467.12353515625,7393.8046665580905
2661,7328.8447265625,7301.391750409144
2662,7328.8447265625,7374.838757742273
2663,7374.9375,7345.210003234231
2664,7421.0302734375,7327.535016174839
2665,7559.31103515625,7234.944843307494
2666,7559.31103515625,7228.625767308473
2667,7605.404296875,7274.286873946799
2668,7605.404296875,7289.7118487908165
2669,7559.31103515625,7278.117635254368
2670,7559.31103515625,7279.597854864881
2671,7651.49755859375,7306.5081129713235
2672,7651.49755859375,7323.9039136985775
2673,7789.77783203125,7329.471678835887
2674,7928.05712890625,7345.908949157016
2675,7928.05712890625,7359.256968107888
2676,8250.7119140625,7410.881517202792
2677,8250.7119140625,7465.233523544461
2678,8204.6171875,7527.878232032503
2679,8250.7119140625,7574.947311467207
2680,7928.05712890625,7597.786545605122
2681,8204.6171875,7646.516461685675
2682,8296.8046875,7669.210922168911
2683,8112.43115234375,7651.755195789623
2684,7881.9638671875,7719.7688506629
2685,7974.150390625,7753.747255418784
2686,7881.9638671875,7786.419616992029
2687,7835.87109375,7809.904312008157
2688,8066.337890625,7783.939143040096
2689,8112.43115234375,7740.262303552752
2690,8066.337890625,7785.41348209597
2691,8020.24462890625,7798.004589656903
2692,8158.52392578125,7833.056335647576
2693,8112.43115234375,7798.314298867879
2694,8112.43115234375,7782.5667335979615
2695,8296.8046875,7748.451675953327
2696,8204.6171875,7804.246938419208
2697,8250.7119140625,7865.023310690574
2698,8204.6171875,7896.291899863611
2699,8020.24462890625,7874.091125943623
2700,8020.24462890625,7834.344177113475
2701,7743.6845703125,7808.857573282448
2702,7651.49755859375,7786.401135248879
2703,7374.9375,7764.264767403507
2704,7559.31103515625,7777.050493320343
2705,7743.6845703125,7742.099556837764
2706,7651.49755859375,7696.896013355619
2707,7743.6845703125,7662.288109226971
2708,7605.404296875,7639.4401942703025
2709,7928.05712890625,7597.098800738793
2710,7835.87109375,7590.581466040519
2711,7835.87109375,7561.2125760422305
2712,7651.49755859375,7554.746486177239
2713,7835.87109375,7530.649093373028
2714,8250.7119140625,7515.321567720168
2715,8204.6171875,7541.767262010144
2716,8158.52392578125,7586.958484330187
2717,7881.9638671875,7647.992480900017
2718,7789.77783203125,7615.9347772997335
2719,7374.9375,7621.4109738005245
2720,7052.283203125,7622.86095055861
2721,7190.564453125,7604.021613680732
2722,7328.8447265625,7599.667202983897
2723,7421.0302734375,7537.281238899965
2724,7236.65673828125,7451.350934174281
2725,7236.65673828125,7417.449536681524
2726,7006.1904296875,7361.446214591993
2727,6821.81640625,7333.089060017992
2728,6637.443359375,7216.2732422500285
2729,6499.1640625,7216.845336208462
2730,6591.349609375,7138.460903190021
2731,6637.443359375,7028.434885818596
2732,6453.06982421875,6967.363365709643
2733,6545.25732421875,6852.743235033247
2734,6591.349609375,6833.562265933497
2735,6821.81640625,6731.31398213793
2736,6914.00390625,6632.032578170851
2737,6960.09765625,6672.046392171036
2738,7098.376953125,6751.489605050874
2739,7098.376953125,6782.33955473891
2740,6867.91064453125,6778.6488066370275
2741,6867.91064453125,6794.81165107501
2742,6960.09765625,6747.631961207813
2743,7374.9375,6716.464741595693
2744,7513.2177734375,6783.300885409151
2745,7727.34912109375,6812.464516047904
2746,7773.8984375,6888.981172902493
2747,7727.34912109375,7000.587659339702
2748,7401.4970703125,7062.171907807877
2749,7354.9462890625,7119.1329202243
2750,7354.9462890625,7078.875763272631
2751,7401.4970703125,7150.363705831802
2752,7308.39599609375,7207.523256973886
2753,7401.4970703125,7242.945757933216
2754,7448.04638671875,7252.245435054881
2755,7541.14697265625,7221.252391870636
2756,7587.697265625,7171.912018213292
2757,7634.24755859375,7146.131946703146
2758,7308.39599609375,7278.821901678969
2759,7680.7978515625,7293.781192600874
2760,7680.7978515625,7365.057435193048
2761,7680.7978515625,7411.350001389017
2762,7634.24755859375,7361.646713502536
2763,7308.39599609375,7364.46797959711
2764,7308.39599609375,7335.485246020103
2765,7354.9462890625,7302.553860016338
2766,7168.7451171875,7312.117882070339
2767,7168.7451171875,7294.186670844541
2768,7354.9462890625,7285.29807249477
2769,7354.9462890625,7268.527010691287
2770,7448.04638671875,7270.337661467218
2771,7587.697265625,7281.039990883447
2772,7587.697265625,7266.785806465376
2773,7727.34912109375,7201.550293619321
2774,7727.34912109375,7211.629284243834
2775,7401.4970703125,7256.474953972245
2776,7541.14697265625,7317.785616636509
2777,7354.9462890625,7323.264053348592
2778,7448.04638671875,7283.829333967124
2779,7587.697265625,7221.441689724723
2780,7448.04638671875,7224.405769289096
2781,7448.04638671875,7276.725343937026
2782,7448.04638671875,7288.695352917535
2783,7354.9462890625,7338.591018948629
2784,6889.44287109375,7281.797182299797
2785,6842.8935546875,7257.356757141655
2786,6889.44287109375,7257.858284444423
2787,6749.7919921875,7189.707976682397
2788,6889.44287109375,7148.0977321109785
2789,6935.9931640625,7093.677959377757
2790,6935.9931640625,7039.729751121287
2791,7029.0947265625,7006.459533159763
2792,6982.5439453125,6954.256729525374
2793,6749.7919921875,6897.213389344009
2794,6796.3427734375,6866.727754017168
2795,6703.2421875,6854.304382276647
2796,6703.2421875,6839.839898023635
2797,6935.9931640625,6869.313797926188
2798,6656.69140625,6867.432020441769
2799,7029.0947265625,6817.712491023427
2800,7401.4970703125,6806.144599969648
2801,7448.04638671875,6781.664971113915
2802,7448.04638671875,6840.301101523165
2803,7448.04638671875,6916.826439196507
2804,7448.04638671875,6947.824242829747
2805,7541.14697265625,7004.1425946320705
2806,7401.4970703125,7041.028793643642
2807,7541.14697265625,7076.510660202182
2808,7541.14697265625,7113.03282487897
2809,7541.14697265625,7100.651177073744
2810,7448.04638671875,7125.78858796979
2811,7308.39599609375,7158.455068988396
2812,7308.39599609375,7183.166279686335
2813,7401.4970703125,7188.145149280529
2814,7448.04638671875,7215.216702599922
2815,7541.14697265625,7243.183780382882
2816,7541.14697265625,7269.079222774512
2817,7541.14697265625,7296.216302274166
2818,7820.44873046875,7234.049598870337
2819,7820.44873046875,7249.360602964927
2820,7820.44873046875,7285.070411022325
2821,7773.8984375,7313.385841661032
2822,7773.8984375,7372.029252756978
2823,7773.8984375,7372.389086695591
2824,7727.34912109375,7392.819813669295
2825,7820.44873046875,7415.046350019129
2826,7634.24755859375,7420.402135163031
2827,7634.24755859375,7455.226779734081
2828,7680.7978515625,7460.237572339172
2829,7634.24755859375,7479.555194327673
2830,7308.39599609375,7455.682942758206
2831,7168.7451171875,7456.408771216482
2832,7168.7451171875,7466.351669005069
2833,7168.7451171875,7417.211514231858
2834,7261.84619140625,7371.816432684334
2835,7168.7451171875,7329.20481366585
2836,7308.39599609375,7296.514250375866
2837,7075.64453125,7240.571133964781
2838,7168.7451171875,7197.650925840964
2839,7168.7451171875,7147.489514745479
2840,7168.7451171875,7102.630123722911
2841,7029.0947265625,7083.623611077444
2842,7075.64453125,7095.0478485821895
2843,7075.64453125,7055.726819923739
2844,7029.0947265625,7033.545367826136
2845,5818.78662109375,7010.641727613604
2846,6377.39013671875,6986.000243492099
2847,6237.73974609375,7037.971185257871
2848,6377.39013671875,6970.557346957752
2849,6330.83984375,6838.484290166183
2850,6237.73974609375,6779.577654243548
2851,6144.63916015625,6744.294606437081
2852,6517.041015625,6692.512122446162
2853,6517.041015625,6636.801147930105
2854,6517.041015625,6554.098427621895
2855,6237.73974609375,6460.436033625407
2856,6191.18896484375,6478.073217119265
2857,6330.83984375,6403.39241341763
2858,6330.83984375,6498.7503673349765
2859,6423.93994140625,6476.283288297775
2860,6284.28955078125,6464.26539480092
2861,6423.93994140625,6350.860718763086
2862,6330.83984375,6291.914879142858
2863,5958.4375,6296.178561282409
2864,5958.4375,6380.862888490692
2865,6144.63916015625,6430.937211372242
2866,6237.73974609375,6363.100673204157
2867,6517.041015625,6237.421459463446
2868,6517.041015625,6300.129173894045
2869,6517.041015625,6436.472773472244
2870,6377.39013671875,6447.914932667318
2871,6330.83984375,6359.381922461136
2872,6144.63916015625,6304.391455901539
2873,6284.28955078125,6223.234481384105
2874,6423.93994140625,6247.71691050395
2875,6493.765625,6312.858754515402
2876,6517.041015625,6366.695232233735
2877,6493.765625,6357.682862210137
2878,6493.765625,6332.598096279429
2879,6493.765625,6323.010411993667
2880,6610.14111328125,6288.381505884166
2881,6610.14111328125,6300.542772903642
2882,6610.14111328125,6376.794104733456
2883,6610.14111328125,6442.757686249079
2884,6610.14111328125,6497.225903551467
2885,6610.14111328125,6492.41813009462
2886,6610.14111328125,6437.82502101276
2887,6610.14111328125,6395.956032037235
2888,6610.14111328125,6398.720592783505
2889,6586.86669921875,6445.896502294148
2890,6586.86669921875,6500.505292855045
2891,6517.041015625,6538.738978958139
2892,6540.31591796875,6539.446325673265
2893,6517.041015625,6498.9094223366355
2894,6493.765625,6473.303247227953
2895,6423.93994140625,6464.678433757694
2896,6493.765625,6467.659034880338
2897,6493.765625,6448.8527411190025
2898,6493.765625,6426.798701038574
2899,6400.6650390625,6416.24618575243
2900,6400.6650390625,6406.944828472297
2901,6423.93994140625,6406.281445903756
2902,6423.93994140625,6397.431211172342
2903,6400.6650390625,6406.801174923263
2904,6423.93994140625,6380.355060593669
2905,6447.21533203125,6393.313982845939
2906,6447.21533203125,6378.0539435582195
2907,6517.041015625,6364.977970265996
2908,6517.041015625,6368.450437780215
2909,6563.59130859375,6367.423440916507
2910,6540.31591796875,6378.541469540418
2911,6517.041015625,6399.631238673286
2912,6517.041015625,6389.934624113501
2913,6540.31591796875,6417.585832104434
2914,6563.59130859375,6410.943045573866
2915,6540.31591796875,6400.675037121676
2916,6610.14111328125,6411.493577498623
2917,6610.14111328125,6419.682949899199
2918,6610.14111328125,6420.255883936867
2919,6610.14111328125,6433.795440953116
2920,6610.14111328125,6453.8010878343575
2921,6610.14111328125,6462.933589188435
2922,6540.31591796875,6467.284639568334
2923,6610.14111328125,6481.438574531134
2924,6610.14111328125,6483.173338149583
2925,6610.14111328125,6454.840825899782
2926,6470.490234375,6459.949627748854
2927,6610.14111328125,6472.195462744565
2928,6703.2421875,6478.075177304144
2929,6703.2421875,6500.660707513356
2930,6703.2421875,6490.915228344787
2931,6703.2421875,6535.856107053063
2932,6703.2421875,6545.817766611213
2933,6423.93994140625,6556.2563111479285
2934,6423.93994140625,6546.261888499649
2935,6423.93994140625,6535.887189984725
2936,6656.69140625,6497.193980540571
2937,6586.86669921875,6509.18639163399
2938,6517.041015625,6507.975557431217
2939,6586.86669921875,6539.827441619142
2940,6540.31591796875,6525.822480707192
2941,6586.86669921875,6486.343237126315
2942,6563.59130859375,6481.342525472033
2943,6563.59130859375,6474.473477601077
2944,6563.59130859375,6464.8388888914105
2945,6563.59130859375,6484.2083157660145
2946,6540.31591796875,6487.3233295661175
2947,6540.31591796875,6476.223082619329
2948,6517.041015625,6471.465433890118
2949,6563.59130859375,6448.035344024207
2950,6563.59130859375,6425.086619559445
2951,6610.14111328125,6429.095477664648
2952,6703.2421875,6467.398330291351
2953,6447.21533203125,6467.6391530051305
2954,6447.21533203125,6484.971947789826
2955,6470.490234375,6484.177792887175
2956,6400.6650390625,6469.1003308196705
2957,6703.2421875,6433.319676080195
2958,6377.39013671875,6438.561490474669
2959,6400.6650390625,6474.640933395078
2960,6377.39013671875,6471.9532398987285
2961,6354.1142578125,6466.166494107725
2962,6400.6650390625,6427.4259602000475
2963,6400.6650390625,6380.709153990849
2964,6377.39013671875,6374.750331970057
2965,6377.39013671875,6378.888562277314
2966,6493.765625,6408.171064127694
2967,6610.14111328125,6383.721818137596
2968,6586.86669921875,6381.584236526387
2969,6563.59130859375,6391.28449142952
2970,6610.14111328125,6404.8359495682525
2971,6563.59130859375,6398.657306814534
2972,6563.59130859375,6437.504950824561
2973,6517.041015625,6424.360511074758
2974,6517.041015625,6421.913640292189
2975,6517.041015625,6430.390879843655
2976,6633.4169921875,6409.640922760986
2977,6633.4169921875,6425.052456337258
2978,6633.4169921875,6431.60031391437
2979,6633.4169921875,6459.832856735312
2980,6703.2421875,6502.812990511162
2981,6703.2421875,6500.988898467484
2982,6703.2421875,6524.541079848754
2983,6703.2421875,6524.507476679389
2984,6400.6650390625,6520.368406292899
2985,6377.39013671875,6530.7075414535775
2986,6354.1142578125,6532.871025507838
2987,6656.69140625,6497.493048747916
2988,6656.69140625,6482.487553468133
2989,6656.69140625,6494.316989190134
2990,6842.8935546875,6524.646929832252
2991,6610.14111328125,6530.14692857801
2992,6842.8935546875,6565.439497282463
2993,6982.5439453125,6546.966995003484
2994,6982.5439453125,6556.654228678488
2995,6889.44287109375,6594.178327855166
2996,6889.44287109375,6627.897708180531
2997,6870.619140625,6678.779627232478
2998,6705.9130859375,6688.13782987412
2999,6964.73779296875,6693.230950244155
3000,6917.6787109375,6677.820536773528
3001,6870.619140625,6696.999265661988
3002,6870.619140625,6722.993277350421
3003,6588.26513671875,6765.088807692747
3004,6964.73779296875,6796.28907042141
3005,7247.09228515625,6773.221054705402
3006,7294.15087890625,6771.566938693428
3007,7529.44580078125,6840.120764514241
3008,7529.44580078125,6884.4509056193165
3009,7905.91796875,6967.974383339257
3010,8000.0361328125,6999.255293674394
3011,7764.7412109375,7047.4923632709315
3012,7764.7412109375,7056.936253994454
3013,7811.80126953125,7134.635462384267
3014,7670.623046875,7246.454768894119
3015,7623.56396484375,7366.771756883467
3016,7576.5048828125,7472.675225426674
3017,7529.44580078125,7475.689709745093
3018,7529.44580078125,7487.900541439383
3019,7741.21142578125,7380.287791681162
3020,7717.6826171875,7407.422350943114
3021,7717.6826171875,7445.872497462198
3022,7717.6826171875,7516.853032163962
3023,7741.21142578125,7585.310248872853
3024,7811.80126953125,7574.158477066372
3025,7811.80126953125,7577.892629262018
3026,7835.330078125,7549.140637447981
3027,7929.4482421875,7595.10417261059
3028,7929.4482421875,7622.334220878818
3029,7952.9775390625,7549.0451484417035
3030,8000.0361328125,7544.673656133775
3031,8000.0361328125,7533.865756760459
3032,7952.9775390625,7523.1620272121745
3033,7952.9775390625,7631.082245970081
3034,7788.27099609375,7673.546571096184
3035,7717.6826171875,7626.596782912724
3036,7670.623046875,7651.1128152019355
3037,7811.80126953125,7658.35289806796
3038,7929.4482421875,7643.43785131905
3039,7905.91796875,7567.9197686474145
3040,7905.91796875,7583.4147500942745
3041,8000.0361328125,7573.0966169144485
3042,8000.0361328125,7591.24288842418
3043,7717.6826171875,7622.680333523274
3044,7623.56396484375,7631.21245825137
3045,7482.3876953125,7636.221850724404
3046,7270.62109375,7641.243004306716
3047,7152.9736328125,7635.040139268414
3048,7011.796875,7538.808782973998
3049,6941.20849609375,7479.184439359016
3050,6752.97216796875,7382.685657841741
3051,6729.4423828125,7300.374134430218
3052,6588.26513671875,7251.801593192857
3053,6447.08837890625,7184.035481667233
3054,6164.73388671875,7126.949577471339
3055,6682.38330078125,7031.289195029711
3056,6635.32470703125,6993.5080316073945
3057,6588.26513671875,6918.633729655502
3058,6352.97021484375,6850.757287723797
3059,6117.6748046875,6792.8069419959975
3060,6070.61572265625,6648.586059452698
3061,6047.08642578125,6622.310341194424
3062,6094.14501953125,6706.338146481246
3063,6023.556640625,6694.887866520243
3064,6211.79296875,6566.082997975796
3065,6047.08642578125,6511.140415932544
3066,5976.498046875,6198.739591088952
3067,6070.61572265625,6293.363455768886
3068,6047.08642578125,6168.413150776976
3069,6258.8515625,6151.072935292379
3070,6211.79296875,6219.421501753657
3071,6305.9111328125,6127.377800428105
3072,6047.08642578125,6257.3951833337915
3073,6447.08837890625,6528.936094375238
3074,6211.79296875,6568.369973677472
3075,6211.79296875,6631.076287976015
3076,6258.8515625,6205.798916906435
3077,6235.322265625,6303.360538668074
3078,6282.3818359375,6229.477250186026
3079,6611.794921875,6181.28428474928
3080,6823.56005859375,6308.14492991957
3081,6611.794921875,6377.725052538062
3082,6588.26513671875,6194.065810269946
3083,7058.85595703125,6412.771618040126
3084,7341.21044921875,6450.281995922645
3085,7247.09228515625,6492.952420487518
3086,7247.09228515625,6783.154711622415
3087,7200.033203125,6911.325320345103
3088,7176.50341796875,6944.680946362096
3089,7200.033203125,6947.342317375776
3090,7035.326171875,6914.901817671147
3091,7035.326171875,6709.935365761731
3092,6917.6787109375,6935.452956001742
3093,6870.619140625,7051.406012396267
3094,6776.50146484375,7173.98925413285
3095,6941.20849609375,7166.488466677838
3096,7058.85595703125,7187.898726038522
3097,6988.267578125,7152.512068459848
3098,6988.267578125,7258.36373211695
3099,6870.619140625,7306.767137401843
3100,7082.384765625,7223.028599397968
3101,7435.32763671875,7010.691292288417
3102,7435.32763671875,7151.853166313889
3103,7458.85791015625,7249.434529937529
3104,7435.32763671875,7249.44685109963
3105,7341.21044921875,7281.3827432109665
3106,7388.26904296875,7164.386028381256
3107,7411.79931640625,7033.658218469918
3108,7623.56396484375,7065.835773374269
3109,7623.56396484375,7177.629317454275
3110,7576.5048828125,7406.747207265295
3111,7576.5048828125,7457.07971449813
3112,7694.15283203125,7431.414173790236
3113,7647.09375,7438.027837574022
3114,7576.5048828125,7516.710498720573
3115,7623.56396484375,7590.899296017427
3116,7576.5048828125,7514.520132130821
3117,7552.97607421875,7362.062832749834
3118,7552.97607421875,7473.2638409433775
3119,7623.56396484375,7246.041169884523
3120,7623.56396484375,7477.770866034411
3121,7623.56396484375,7703.3021775685775
3122,7717.6826171875,7639.068879248824
3123,7647.09375,7672.854065780861
3124,7647.09375,7639.706499387517
3125,8094.15576171875,7567.736631374377
3126,7764.7412109375,7625.260776904068
3127,7623.56396484375,7417.124145991509
3128,7600.0341796875,7640.135779876151
3129,7576.5048828125,7639.656374659882
3130,7764.7412109375,7359.167919709071
3131,8000.0361328125,7596.204956433693
3132,7905.91796875,7639.821030189769
3133,8000.0361328125,7603.253501234339
3134,7905.91796875,7730.105745612287
3135,7788.27099609375,7623.841042998412
3136,7717.6826171875,7619.735855807698
3137,7811.80126953125,7590.445933257415
3138,7905.91796875,7541.607926982073
3139,7905.91796875,7699.970983378897
3140,7905.91796875,7722.515629732048
3141,7905.91796875,7571.293246825213
3142,7882.38916015625,7676.838001535451
3143,7882.38916015625,7658.427665119796
3144,7882.38916015625,7603.19861605771
3145,7811.80126953125,7618.775925269514
3146,7835.330078125,7669.581117084745
3147,7811.80126953125,7627.681045177556
3148,7741.21142578125,7681.666216920328
3149,7788.27099609375,7643.461373537606
3150,7694.15283203125,7590.07349813029
3151,7529.44580078125,7577.167640882975
3152,7411.79931640625,7541.451672244528
3153,7317.6806640625,7529.787732131648
3154,7247.09228515625,7510.0447500242735
3155,7152.9736328125,7497.4040777885275
3156,7152.9736328125,7473.759767717917
3157,6941.20849609375,7379.360344206698
3158,7011.796875,7339.723445756219
3159,6941.20849609375,7293.4605623598545
3160,6964.73779296875,7184.442920095779
3161,6964.73779296875,7141.168478561577
3162,6870.619140625,7059.211748613263
3163,6870.619140625,7033.731305363286
3164,6917.6787109375,7009.720720746602
3165,6964.73779296875,6973.698123187702
3166,6917.6787109375,6937.703248243527
3167,7058.85595703125,6940.597601231469
3168,7035.326171875,6939.164986110889
3169,6964.73779296875,6987.827415826301
3170,7058.85595703125,6957.1844056562695
3171,7058.85595703125,6938.886359831574
3172,7011.796875,6932.565883700496
3173,7247.09228515625,6875.884617669034
3174,7223.56201171875,6930.464285483148
3175,7035.326171875,6973.434898361012
3176,7011.796875,7034.237033062224
3177,6917.6787109375,7077.439507808704
3178,6964.73779296875,7007.4715486104615
3179,6776.50146484375,6951.276688455553
3180,6705.9130859375,6825.1147091816365
3181,6752.97216796875,6910.247778714143
3182,6752.97216796875,6937.850542135909
3183,6823.56005859375,6892.719805520721
3184,6870.619140625,6900.2807986541775
3185,6776.50146484375,6828.016622882685
3186,6964.73779296875,6939.1560252657255
3187,6870.619140625,7055.069877962659
3188,6847.09033203125,7061.420876972577
3189,6635.32470703125,7008.414677563962
3190,6635.32470703125,6749.631909837833
3191,6588.26513671875,6813.377962201799
3192,6494.1474609375,6739.431947803606
3193,6729.4423828125,6770.889274777907
3194,6494.1474609375,6771.000725289634
3195,6729.4423828125,6691.07082650683
3196,6588.26513671875,6624.551952617458
3197,6588.26513671875,6664.065919473344
3198,6588.26513671875,6794.691519744531
3199,6588.26513671875,6853.150113408971
3200,6564.7353515625,6638.704767474612
3201,6682.38330078125,6660.73836562701
3202,6588.26513671875,6553.441205634405
3203,6776.50146484375,6545.712196654125
3204,6823.56005859375,6668.004210922881
3205,6823.56005859375,6647.57628421329
3206,6823.56005859375,6546.993317486153
3207,6941.20849609375,6634.429324225784
3208,6870.619140625,6703.611249287305
3209,6823.56005859375,6735.080337370884
3210,6870.619140625,6763.5453021132635
3211,6870.619140625,6799.749076760322
3212,6964.73779296875,6707.50641666949
3213,6800.03125,6744.45534159721
3214,6917.6787109375,6717.854512675332
3215,6964.73779296875,6742.353463353451
3216,6964.73779296875,6792.592161738476
3217,6964.73779296875,6785.83148408872
3218,6870.619140625,6754.054927005454
3219,6823.56005859375,6778.057670882621
3220,6823.56005859375,6798.718859592884
3221,6705.9130859375,6814.954510897824
3222,6705.9130859375,6804.02648019403
3223,6901.0458984375,6811.382493994362
3224,6805.859375,6814.788175209469
3225,6853.45263671875,6821.423961079752
3226,6853.45263671875,6816.2230305413395
3227,6853.45263671875,6840.481158505678
3228,6877.24951171875,6742.334701583888
3229,6853.45263671875,6733.863622613473
3230,6853.45263671875,6745.7207809502
3231,6853.45263671875,6730.050782996231
3232,6686.8759765625,6734.963006304519
3233,6805.859375,6780.699440047505
3234,6829.65576171875,6811.8756205047885
3235,6734.46875,6797.245360616244
3236,6710.6728515625,6803.336775142821
3237,6758.265625,6793.015281646059
3238,6758.265625,6756.723018653007
3239,6663.0791015625,6758.025421492299
3240,6663.0791015625,6762.952486200389
3241,6591.68896484375,6709.061123305428
3242,6663.0791015625,6703.312741132782
3243,6663.0791015625,6649.970790056932
3244,6663.0791015625,6670.679303230718
3245,6663.0791015625,6638.561954004812
3246,6448.90869140625,6689.002551432437
3247,6639.28271484375,6616.547397648387
3248,6663.0791015625,6585.173238518263
3249,6567.89208984375,6547.282304742688
3250,6567.89208984375,6603.678503887373
3251,6663.0791015625,6636.78182610772
3252,6829.65576171875,6627.39366064006
3253,6734.46875,6549.574880972592
3254,6472.705078125,6599.852783055208
3255,6282.33154296875,6635.157392895351
3256,6377.5185546875,6640.471734130369
3257,6329.92431640625,6586.51344492309
3258,6139.55126953125,6530.502282094041
3259,6210.94140625,6467.547584368612
3260,6187.14501953125,6469.36355564636
3261,5901.58447265625,6482.022989651667
3262,5996.77099609375,6434.40645858273
3263,5996.77099609375,6330.696436919801
3264,5758.80419921875,6331.746675975652
3265,5806.3974609375,6342.575437316615
3266,5711.2099609375,6223.84577904013
3267,5663.6171875,6200.401127800827
3268,5282.8701171875,6116.605324395827
3269,5211.47998046875,6080.610169425241
3270,4854.52880859375,5967.928101541953
3271,4854.52880859375,5828.105593842073
3272,4759.341796875,5749.676216584607
3273,5235.2763671875,5635.482846159142
3274,5092.49609375,5593.806655367847
3275,5068.69921875,5510.251814689833
3276,5235.2763671875,5489.919236973314
3277,5235.2763671875,5491.6112965640295
3278,4949.71533203125,5349.478010917508
3279,5044.90234375,5309.777686484853
3280,5044.90234375,5300.97449619055
3281,5044.90234375,5260.529581530056
3282,5663.6171875,5287.49528486595
3283,5544.6328125,5263.041978492886
3284,5663.6171875,5226.616282914816
3285,5616.02392578125,5264.178325670235
3286,5616.02392578125,5331.377523726036
3287,5616.02392578125,5304.121012961932
3288,5425.650390625,5340.021659018679
3289,5592.2275390625,5353.622681832226
3290,5330.46337890625,5437.546457307222
3291,5568.43017578125,5514.875050741585
3292,5282.8701171875,5556.161304755045
3293,5520.83642578125,5512.903804818731
3294,5520.83642578125,5470.06522439383
3295,5544.6328125,5431.023942120339
3296,5140.09033203125,5481.429116206925
3297,5473.2431640625,5515.44448444911
3298,5449.44677734375,5560.136559690884
3299,5901.58447265625,5540.5604733246855
3300,5901.58447265625,5531.177348332431
3301,6163.34814453125,5539.108396368516
3302,6187.14501953125,5602.066454410882
3303,6139.55126953125,5634.066472570423
3304,6139.55126953125,5671.0630019880755
3305,5972.97412109375,5743.837525894294
3306,6091.9580078125,5766.539407077432
3307,6258.53466796875,5781.720198890733
3308,6472.705078125,5855.127442473447
3309,6520.298828125,5875.971768456749
3310,6686.8759765625,6008.051825908602
3311,6663.0791015625,6081.470690587388
3312,6639.28271484375,6082.77827391529
3313,6639.28271484375,6194.270369563454
3314,6615.48583984375,6248.510925393396
3315,6615.48583984375,6287.811652137023
3316,6663.0791015625,6391.252568418624
3317,6663.0791015625,6417.55642933124
3318,6663.0791015625,6457.616167662891
3319,6758.265625,6460.182889749527
3320,6567.89208984375,6507.919552148943
3321,6567.89208984375,6450.437130554546
3322,6377.5185546875,6502.181250927107
3323,6567.89208984375,6518.969394341684
3324,6567.89208984375,6508.009720653405
3325,6567.89208984375,6553.279350368633
3326,6234.73828125,6606.1712990014075
3327,6567.89208984375,6636.06327833614
3328,6567.89208984375,6518.862984305362
3329,6306.1279296875,6493.369939866874
3330,6472.705078125,6460.123244123904
3331,6472.705078125,6458.058609392859
3332,6472.705078125,6475.641187736498
3333,6567.89208984375,6466.391635342468
3334,6639.28271484375,6444.760435143211
3335,6615.48583984375,6397.724538838254
3336,6615.48583984375,6419.985378423481
3337,6663.0791015625,6472.553336498298
3338,6639.28271484375,6495.615751686078
3339,6520.298828125,6647.875352420635
3340,6520.298828125,6620.002643538307
3341,6520.298828125,6665.356281176946
3342,6472.705078125,6646.7373250848195
3343,6472.705078125,6478.431370899409
3344,6472.705078125,6538.450831780838
3345,6472.705078125,6460.7381821232775
3346,6187.14501953125,6384.5529365265475
3347,6448.90869140625,6505.5480084710325
3348,6425.111328125,6476.543432833939
3349,6448.90869140625,6429.928276212068
3350,6187.14501953125,6476.521870800263
3351,6187.14501953125,6526.316447296852
3352,6329.92431640625,6564.929849213766
3353,6329.92431640625,6445.256361917751
3354,6496.501953125,6426.640206089738
3355,6496.501953125,6346.406478650596
3356,6234.73828125,6321.435403442905
3357,6615.48583984375,6395.014163202584
3358,6615.48583984375,6395.057287269936
3359,6615.48583984375,6297.860399909109
3360,6615.48583984375,6395.075068947058
3361,6282.33154296875,6431.656039170233
3362,6234.73828125,6406.820216719236
3363,6234.73828125,6431.7386469615885
3364,6234.73828125,6389.91194197418
3365,6234.73828125,6388.840140884653
3366,6234.73828125,6327.183225562727
3367,6258.53466796875,6336.047041575092
3368,6187.14501953125,6311.916885680752
3369,6187.14501953125,6294.214876072662
3370,6187.14501953125,6277.164627937042
3371,6187.14501953125,6275.195342199067
3372,6234.73828125,6210.306922089908
3373,6234.73828125,6202.84883866263
3374,6234.73828125,6238.691799278635
3375,6234.73828125,6239.432889176332
3376,5996.77099609375,6199.016957249415
3377,5901.58447265625,6161.90953737286
3378,5901.58447265625,6105.937858267815
3379,5949.17724609375,6069.154428949217
3380,5949.17724609375,6061.1824970570715
3381,6020.5673828125,6073.738601316583
3382,6068.16162109375,6076.022076688117
3383,5996.77099609375,6064.857283653507
3384,5925.38134765625,6030.567629541383
3385,5901.58447265625,6022.223962588141
3386,5996.77099609375,5986.129398241518
3387,5925.38134765625,5951.975276912498
3388,5996.77099609375,5950.067036932203
3389,6068.16162109375,5975.223209597812
3390,5925.38134765625,5996.303597845899
3391,5925.38134765625,5963.976088798259
3392,5925.38134765625,5958.924552350312
3393,6020.5673828125,5891.974717813838
3394,6068.16162109375,5873.5094962215535
3395,6187.14501953125,5919.20336595001
3396,6187.14501953125,5963.443618577035
3397,6187.14501953125,6006.1958108540275
3398,6377.5185546875,6025.276390485302
3399,6496.501953125,6015.602178038426
3400,6496.501953125,6023.495842548593
3401,6472.705078125,6075.654402009985
3402,6472.705078125,6120.827702639701
3403,6306.1279296875,6176.953396271
3404,6306.1279296875,6204.7324363187245
3405,6306.1279296875,6216.310268310108
3406,6282.33154296875,6237.2883069048385
3407,6282.33154296875,6236.494011988982
3408,6591.68896484375,6233.016503999358
3409,6663.0791015625,6287.92310264875
3410,6520.298828125,6316.805166730868
3411,6639.28271484375,6373.332838275692
3412,6639.28271484375,6414.03397710259
3413,6686.8759765625,6504.699248418165
3414,6353.7216796875,6507.971077008635
3415,6353.7216796875,6480.50916687179
3416,6353.7216796875,6517.588584107209
3417,6353.7216796875,6387.414526424358
3418,6353.7216796875,6409.361736428848
3419,6353.7216796875,6386.871835239119
3420,6353.7216796875,6371.303626885685
3421,6567.89208984375,6380.086795291574
3422,6663.0791015625,6377.270009619583
3423,6472.705078125,6407.9352818893185
3424,6472.705078125,6480.688383775068
3425,6472.705078125,6543.393297941553
3426,6472.705078125,6540.2679231642305
3427,6472.705078125,6437.459866572331
3428,6472.705078125,6401.254971819628
3429,6472.705078125,6394.841386906768
3430,6472.705078125,6369.790504171836
3431,6425.111328125,6413.251023256395
3432,6472.705078125,6414.813570631851
3433,6472.705078125,6361.990788522684
3434,6448.90869140625,6380.142100507821
3435,6448.90869140625,6413.487085521181
3436,6448.90869140625,6447.928093908652
3437,6448.90869140625,6451.752694635172
3438,6448.90869140625,6416.924129694362
3439,6353.7216796875,6396.392173172946
3440,6282.33154296875,6345.859167029569
3441,6329.92431640625,6333.574408362678
3442,6329.92431640625,6344.40512988852
3443,6187.14501953125,6336.084425101011
3444,6187.14501953125,6306.836086472817
3445,6187.14501953125,6309.055575809352
3446,6187.14501953125,6280.451717966932
3447,6091.9580078125,6277.231694262565
3448,6020.5673828125,6231.929021430795
3449,6020.5673828125,6208.8691264807185
3450,6044.36474609375,6171.212294785051
3451,6044.36474609375,6145.602899372637
3452,6044.36474609375,6136.218654274737
3453,6044.36474609375,6130.005148232803
3454,6044.36474609375,6100.529708184987
3455,6044.36474609375,6067.581800622951
3456,6044.36474609375,6047.897904088376
3457,6306.1279296875,6036.412900852363
3458,6306.1279296875,6028.549339181419
3459,6377.5185546875,6055.476678898955
3460,6377.5185546875,6073.970463185199
3461,6377.5185546875,6146.254100792283
3462,6377.5185546875,6142.494606206407
3463,6163.34814453125,6159.011824067982
3464,6377.5185546875,6163.3732354251015
3465,6377.5185546875,6166.01612469563
3466,6377.5185546875,6194.09101264697
3467,6261.9140625,6229.623143946352
3468,6261.9140625,6249.182288714661
3469,6261.9140625,6234.102306409453
3470,6261.9140625,6214.4863162796355
3471,6261.9140625,6231.893458076551
3472,6261.9140625,6237.236502018735
3473,6261.9140625,6281.368944477381
3474,6261.9140625,6287.176132196415
3475,6502.75634765625,6257.753337113936
3476,6502.75634765625,6242.197309909396
3477,6550.92529296875,6237.066946026649
3478,6623.1787109375,6246.891672669637
3479,6623.1787109375,6301.424436059847
3480,6623.1787109375,6333.302362704029
3481,6599.09423828125,6338.8096421364835
3482,6599.09423828125,6361.400912887129
3483,6599.09423828125,6358.243615098909
3484,6767.68408203125,6364.862879410922
3485,6743.599609375,6394.888991396701
3486,6743.599609375,6450.671512660864
3487,6743.599609375,6484.157350959145
3488,6743.599609375,6500.734354459548
3489,6743.599609375,6519.647618310027
3490,6743.599609375,6539.658025640261
3491,6743.599609375,6556.092495697276
3492,6839.9365234375,6590.416733071204
3493,6839.9365234375,6591.453670872515
3494,6647.26220703125,6629.119743439758
3495,6599.09423828125,6632.482860640337
3496,6599.09423828125,6628.184735252187
3497,6502.75634765625,6608.6724949077825
3498,6647.26220703125,6600.182654167805
3499,6839.9365234375,6591.530958162054
3500,6839.9365234375,6598.8466481591495
3501,6839.9365234375,6628.912523895343
3502,6839.9365234375,6647.046474242974
3503,6839.9365234375,6667.965847304523
3504,6839.9365234375,6647.7605415919725
3505,6839.9365234375,6628.996251792343
3506,6647.26220703125,6618.6901597482065
3507,6647.26220703125,6647.73141884519
3508,6647.26220703125,6672.297295835626
3509,6550.92529296875,6710.803727663396
3510,6550.92529296875,6701.079250475679
3511,6550.92529296875,6607.084465128892
3512,6550.92529296875,6606.4709272615755
3513,6719.515625,6582.849299330286
3514,6719.515625,6568.960549379056
3515,6719.515625,6592.504890020806
3516,6719.515625,6608.2143716987775
3517,6719.515625,6611.8239121413635
3518,6550.92529296875,6587.025333203078
3519,6550.92529296875,6578.429642479601
3520,6550.92529296875,6567.916890943872
3521,6454.58837890625,6596.885623200311
3522,6454.58837890625,6595.162060638315
3523,6454.58837890625,6528.545737557784
3524,6454.58837890625,6517.70115472458
3525,6406.4189453125,6467.581467564388
3526,6454.58837890625,6434.874942768955
3527,6454.58837890625,6490.4526247132
3528,6454.58837890625,6463.967726725632
3529,6454.58837890625,6439.428732270688
3530,6454.58837890625,6445.585112924702
3531,6695.43115234375,6424.875759671682
3532,6502.75634765625,6414.930341645393
3533,6454.58837890625,6413.112690209176
3534,6454.58837890625,6408.9738998490975
3535,6454.58837890625,6407.4413152996585
3536,6454.58837890625,6396.641396679068
3537,6454.58837890625,6383.1791269523565
3538,6478.67236328125,6383.610787665486
3539,6695.43115234375,6405.599581592065
3540,6647.26220703125,6432.263136430089
3541,6647.26220703125,6416.072569377379
3542,6695.43115234375,6459.948507643208
3543,6599.09423828125,6445.052222663861
3544,6839.9365234375,6479.703810912684
3545,6839.9365234375,6522.906285659163
3546,6815.85205078125,6538.140562517037
3547,6791.7685546875,6574.957314978588
3548,6647.26220703125,6615.740641557224
3549,6550.92529296875,6565.842455288428
3550,6984.4423828125,6584.678991902192
3551,6984.4423828125,6584.3043165637755
3552,6984.4423828125,6600.6449777729795
3553,6623.1787109375,6668.531500655494
3554,6623.1787109375,6732.5553392195425
3555,6623.1787109375,6725.668929711081
3556,6623.1787109375,6675.759542385829
3557,6310.08251953125,6654.711077148639
3558,6406.4189453125,6616.229007618657
3559,6647.26220703125,6626.115620098559
3560,6478.67236328125,6607.731886191984
3561,6478.67236328125,6599.520951757733
3562,6478.67236328125,6561.787112798938
3563,6478.67236328125,6534.7578434676625
3564,6478.67236328125,6474.771985755599
3565,6478.67236328125,6459.781611902031
3566,6478.67236328125,6486.214705003495
3567,6406.4189453125,6488.9438424087275
3568,6406.4189453125,6474.545724415211
3569,6261.9140625,6422.276554521327
3570,6261.9140625,6382.188533522127
3571,6454.58837890625,6377.376839695522
3572,6454.58837890625,6354.756306184888
3573,6454.58837890625,6376.738239464388
3574,6454.58837890625,6368.736624772637
3575,6454.58837890625,6373.517095654375
3576,6454.58837890625,6375.630174954588
3577,6454.58837890625,6371.519667262059
3578,6454.58837890625,6343.010598359887
3579,6454.58837890625,6340.574788620567
3580,6454.58837890625,6353.778033916759
3581,6550.92529296875,6365.301960823954
3582,6550.92529296875,6345.453688785903
3583,6550.92529296875,6366.432287433457
3584,6550.92529296875,6379.406191098735
3585,6550.92529296875,6381.019983307472
3586,6550.92529296875,6384.919211072622
3587,6550.92529296875,6415.401906122143
3588,6550.92529296875,6427.814076806209
3589,6454.58837890625,6444.053928507319
3590,6454.58837890625,6435.174851055535
3591,6454.58837890625,6427.331311273004
3592,6310.08251953125,6406.944548445885
3593,6310.08251953125,6399.1658347775865
3594,6310.08251953125,6392.4230788181585
3595,6310.08251953125,6390.516659009538
3596,6310.08251953125,6357.295725696415
3597,6310.08251953125,6351.919358611278
3598,6310.08251953125,6342.192641212269
3599,6310.08251953125,6335.677966764904
3600,6454.58837890625,6317.739334839205
3601,6454.58837890625,6300.779815260868
3602,6454.58837890625,6298.754244214209
3603,6454.58837890625,6303.2789109691585
3604,6430.50390625,6318.79853474022
3605,6358.2509765625,6316.975282775777
3606,6358.2509765625,6314.595898358348
3607,6406.4189453125,6305.658575412997
3608,6406.4189453125,6319.774426783852
3609,6406.4189453125,6314.344994693759
3610,6285.998046875,6317.301093505408
3611,6285.998046875,6320.846227873379
3612,6285.998046875,6302.129122524065
3613,6285.998046875,6299.187725099013
3614,6261.9140625,6300.517430513413
3615,6358.2509765625,6277.252416217007
3616,6358.2509765625,6300.452604399181
3617,6358.2509765625,6296.636124438591
3618,6358.2509765625,6293.18059852226
3619,6358.2509765625,6290.60715580175
3620,6310.08251953125,6270.99578610772
3621,6358.2509765625,6256.330662930961
3622,6358.2509765625,6262.563210768869
3623,6382.3349609375,6276.045642397198
3624,6406.4189453125,6284.842532097246
3625,6358.2509765625,6294.02347802049
3626,6406.4189453125,6300.3561353004625
3627,6839.9365234375,6305.9892866048285
3628,6647.26220703125,6301.001876205087
3629,6743.599609375,6366.214426885409
3630,6767.68408203125,6412.000145276796
3631,6767.68408203125,6496.121199358604
3632,6936.27392578125,6523.219635213489
3633,6743.599609375,6537.795289951815
3634,6550.92529296875,6536.6936660494775
3635,6550.92529296875,6522.2031393402085
3636,6502.75634765625,6567.804040300089
3637,6502.75634765625,6521.860947065512
3638,6502.75634765625,6566.431070805133
3639,6358.2509765625,6587.0331739425965
3640,6285.998046875,6533.213777835357
3641,6310.08251953125,6539.3883602061105
3642,6358.2509765625,6535.043470407261
3643,6358.2509765625,6540.0229000542795
3644,6358.2509765625,6531.664111674824
3645,6358.2509765625,6468.814423853659
3646,6358.2509765625,6508.790714314721
3647,6358.2509765625,6506.887374796625
3648,6358.2509765625,6439.139745014152
3649,6358.2509765625,6461.412485721861
3650,6358.2509765625,6338.864527313112
3651,6358.2509765625,6286.492027673432
3652,6358.2509765625,6269.828075972298
3653,6454.58837890625,6305.4078117616145
3654,6454.58837890625,6313.575482115309
3655,6550.92529296875,6291.626451939144
3656,6743.599609375,6317.22996679692
3657,6599.09423828125,6351.200950852903
3658,6599.09423828125,6439.432092587624
3659,6743.599609375,6479.785298598394
3660,6743.599609375,6411.6848355375905
3661,6743.599609375,6423.034586016911
3662,6647.26220703125,6450.880132337336
3663,6647.26220703125,6483.110332207025
3664,6743.599609375,6550.037484604178
3665,6406.4189453125,6569.140326335157
3666,6550.92529296875,6506.065777305659
3667,6430.50390625,6611.15576912383
3668,6430.50390625,6611.761186225216
3669,6430.50390625,6582.054024321989
3670,6695.43115234375,6554.746688764222
3671,6695.43115234375,6468.596563305611
3672,6695.43115234375,6511.565215998595
3673,6791.7685546875,6513.574965553013
3674,6791.7685546875,6549.067193088775
3675,6791.7685546875,6561.479643799252
3676,6743.599609375,6556.245950170708
3677,6550.92529296875,6539.3021120714075
3678,6550.92529296875,6598.469452583031
3679,6550.92529296875,6645.028883949039
3680,6550.92529296875,6644.966718085714
3681,6599.09423828125,6587.200069683774
3682,6599.09423828125,6555.012713855025
3683,6599.09423828125,6549.404624914478
3684,6599.09423828125,6566.763742181842
3685,6069.23974609375,6640.715357108264
3686,6069.23974609375,6631.545332215062
3687,6141.49267578125,6595.096814484466
3688,6141.49267578125,6541.502279585558
3689,6117.408203125,6492.241433429044
3690,6021.07080078125,6448.478065780587
3691,5780.2275390625,6367.181778123493
3692,5828.39697265625,6293.263346326819
3693,5828.39697265625,6213.28206269753
3694,5683.89111328125,6136.367768338792
3695,5683.89111328125,6112.1008195424965
3696,5587.5537109375,6084.255693261688
3697,6069.23974609375,6052.582605937425
3698,6093.32373046875,6052.256655194587
3699,6069.23974609375,6012.047242746058
3700,6069.23974609375,6044.866758198479
3701,6069.23974609375,5961.275374073781
3702,6069.23974609375,5856.8885285745655
3703,6069.23974609375,5902.132395859948
3704,6069.23974609375,5917.803513919562
3705,6069.23974609375,5980.229801806732
3706,6069.23974609375,5993.908111909817
3707,6021.07080078125,5951.763996985118
3708,6021.07080078125,5963.970768296443
3709,6021.07080078125,5980.465864071519
3710,6021.07080078125,5982.599245286557
3711,6021.07080078125,5966.267964962133
3712,6021.07080078125,5978.536762123576
3713,6021.07080078125,6003.111599959177
3714,6021.07080078125,6018.412243076545
3715,5852.48095703125,6014.669550075352
3716,5828.39697265625,5986.840525313198
3717,5906.49951171875,5975.306517455195
3718,5906.49951171875,5957.87081296432
3719,5906.49951171875,5959.159494509454
3720,5906.49951171875,5936.018391900079
3721,5906.49951171875,5959.14731336056
3722,5906.49951171875,5926.866288697207
3723,5906.49951171875,5919.891530855957
3724,5906.49951171875,5889.837976281864
3725,5906.49951171875,5871.970331051447
3726,5906.49951171875,5859.665830522554
3727,5906.49951171875,5865.166809360752
3728,5955.31298828125,5893.337606357985
3729,5979.72021484375,5892.79547522557
3730,6028.53369140625,5882.991050497406
3731,6028.53369140625,5873.528818043938
3732,6028.53369140625,5865.073000512943
3733,6028.53369140625,5880.485514181654
3734,6028.53369140625,5917.809114447789
3735,6101.7548828125,5903.347010419274
3736,6101.7548828125,5915.817566610111
3737,6101.7548828125,5931.5589712989795
3738,6052.94140625,5934.138714613744
3739,6101.7548828125,5973.6392402018855
3740,6150.5693359375,5976.063708871545
3741,6150.5693359375,5980.089788601046
3742,6101.7548828125,5990.211903292911
3743,6101.7548828125,6002.307924158538
3744,6101.7548828125,6020.626131884852
3745,6101.7548828125,6024.4095687289
3746,6101.7548828125,6026.705085236123
3747,6223.79052734375,6018.0836320828
3748,6052.94140625,6025.523233766927
3749,6052.94140625,6065.687561963225
3750,6150.5693359375,6064.928830401613
3751,6150.5693359375,6055.37978976062
3752,6345.82568359375,6049.3502610709575
3753,6345.82568359375,6052.471855491727
3754,6345.82568359375,6104.579590159455
3755,6345.82568359375,6115.155347637743
3756,6419.04638671875,6147.982003763655
3757,6419.04638671875,6122.506460975876
3758,6419.04638671875,6138.967113502354
3759,6419.04638671875,6166.362237340087
3760,6419.04638671875,6187.57451802793
3761,6443.45361328125,6237.134292378584
3762,6443.45361328125,6269.957168147941
3763,6443.45361328125,6245.294822058788
3764,6443.45361328125,6255.139010537367
3765,6541.08203125,6277.51648112293
3766,6541.08203125,6317.278551379292
3767,6297.01123046875,6362.41544857553
3768,6297.01123046875,6370.601180632758
3769,6345.82568359375,6393.726041710273
3770,6345.82568359375,6347.920161417267
3771,6345.82568359375,6355.279955574153
3772,6345.82568359375,6375.829553759486
3773,6345.82568359375,6362.068215825429
3774,6345.82568359375,6339.079027544223
3775,6345.82568359375,6340.072141212155
3776,6345.82568359375,6315.835155241875
3777,6345.82568359375,6286.327932196369
3778,6345.82568359375,6277.915238732724
3779,6443.45361328125,6264.833944938684
3780,6443.45361328125,6302.924117505951
3781,6443.45361328125,6324.587800768926
3782,6345.82568359375,6314.756913544887
3783,6345.82568359375,6313.852568249362
3784,6345.82568359375,6295.310059367539
3785,6345.82568359375,6294.724664154564
3786,6345.82568359375,6289.542075346097
3787,6345.82568359375,6291.807489014097
3788,6345.82568359375,6291.701639030598
3789,6345.82568359375,6284.815649561753
3790,6345.82568359375,6296.12269601334
3791,6345.82568359375,6298.572227046817
3792,6419.04638671875,6277.664755107751
3793,6419.04638671875,6295.758801691762
3794,6419.04638671875,6284.566286042427
3795,6419.04638671875,6326.011455044341
3796,6419.04638671875,6325.002799910579
3797,6443.45361328125,6297.146472573317
3798,6443.45361328125,6296.859165475249
3799,6345.82568359375,6288.370304827711
3800,6248.197265625,6292.936555504749
3801,6248.197265625,6314.804798061232
3802,6248.197265625,6300.983254448731
3803,6443.45361328125,6301.169612025498
3804,6345.82568359375,6265.911486569644
3805,6638.70947265625,6293.7342107375425
3806,6638.70947265625,6309.726659104205
3807,6638.70947265625,6340.634434246189
3808,6345.82568359375,6379.083180633217
3809,6443.45361328125,6406.524228802415
3810,6443.45361328125,6365.070098955337
3811,6687.52392578125,6351.5037994168015
3812,6541.08203125,6377.8968487414395
3813,6541.08203125,6437.732332270596
3814,6541.08203125,6446.845791828699
3815,6541.08203125,6444.6809076423815
3816,6345.82568359375,6412.988638508939
3817,6443.45361328125,6397.617848775521
3818,6443.45361328125,6399.351772314738
3819,6443.45361328125,6423.451265317033
3820,6443.45361328125,6448.760892456073
3821,6443.45361328125,6472.13329688124
3822,6443.45361328125,6468.4534698094
3823,6297.01123046875,6398.806000838973
3824,6297.01123046875,6363.620262210458
3825,6248.197265625,6336.018058841515
3826,6345.82568359375,6322.376712224732
3827,6345.82568359375,6347.756766006232
3828,6345.82568359375,6314.851702485137
3829,6321.41845703125,6321.229864056958
3830,6297.01123046875,6319.566787199819
3831,6297.01123046875,6294.224676997061
3832,6248.197265625,6292.258751576022
3833,6297.01123046875,6257.8703881538895
3834,6297.01123046875,6244.563673098695
3835,6394.6396484375,6253.24253166635
3836,6394.6396484375,6256.735581121804
3837,6345.82568359375,6271.451109052612
3838,6541.08203125,6274.727278052458
3839,6150.5693359375,6254.898327836792
3840,6199.38330078125,6256.721719814442
3841,6199.38330078125,6302.800345832124
3842,6199.38330078125,6286.505748967589
3843,6199.38330078125,6299.142220807165
3844,6052.94140625,6259.554887031498
3845,6174.97607421875,6272.471525295651
3846,6174.97607421875,6247.70752961917
3847,6174.97607421875,6210.081080789136
3848,6174.97607421875,6169.18350343466
3849,6004.12744140625,6155.512754044683
3850,5979.72021484375,6115.3055818074445
3851,5979.72021484375,6118.891179991857
3852,5979.72021484375,6179.94939884627
3853,5979.72021484375,6166.37413846257
3854,5882.09228515625,6105.599446349672
3855,6028.53369140625,6066.44461336637
3856,5882.09228515625,5981.107544593178
3857,5882.09228515625,5989.911154927098
3858,5882.09228515625,6035.144381208847
3859,5930.90576171875,5975.985441489566
3860,5906.49951171875,5968.085616398349
3861,5906.49951171875,5935.821253306473
3862,5906.49951171875,5929.704216363257
3863,5906.49951171875,5983.818340268464
3864,5906.49951171875,5922.904195002704
3865,5906.49951171875,5874.763594504883
3866,5711.24267578125,5875.009877733685
3867,5711.24267578125,5847.308545015117
3868,5882.09228515625,5875.380212662725
3869,5882.09228515625,5855.657392456969
3870,5882.09228515625,5836.957788758366
3871,5882.09228515625,5835.387400643392
3872,5906.49951171875,5844.0515578244485
3873,5564.80126953125,5850.558531545501
3874,5564.80126953125,5841.95682025418
3875,5515.98681640625,5850.755530125901
3876,5467.1728515625,5839.077448679247
3877,5296.32373046875,5807.43754448473
3878,5296.32373046875,5765.892126027546
3879,5320.73046875,5760.9110162220595
3880,5247.50927734375,5684.063088122817
3881,5271.9169921875,5597.790731135643
3882,5393.951171875,5534.403252591437
3883,5442.765625,5486.8066033977075
3884,5345.1376953125,5475.495356549951
3885,5418.35888671875,5476.481749584009
3886,5418.35888671875,5505.037862923291
3887,5369.54443359375,5492.643473916347
3888,5345.1376953125,5499.279679826247
3889,5345.1376953125,5456.807793987037
3890,5345.1376953125,5443.166447370254
3891,5345.1376953125,5407.851896592508
3892,5174.28857421875,5402.983637430805
3893,5271.9169921875,5356.88078912854
3894,5271.9169921875,5368.870259944639
3895,5271.9169921875,5326.331027753495
3896,5271.9169921875,5352.873051128982
3897,5271.9169921875,5374.907629373821
3898,5271.9169921875,5363.630405735045
3899,5271.9169921875,5347.406375526178
3900,5271.9169921875,5340.360350963234
3901,5271.9169921875,5324.349980906243
3902,5296.32373046875,5300.774977372447
3903,5271.9169921875,5284.14490886709
3904,5271.9169921875,5263.169670536472
3905,5271.9169921875,5261.082353666105
3906,5271.9169921875,5266.416716789537
3907,5271.9169921875,5267.965682884042
3908,5271.9169921875,5253.188689155939
3909,5271.9169921875,5249.328385061969
3910,5271.9169921875,5241.884162942055
3911,5271.9169921875,5263.367369182901
3912,5271.9169921875,5256.483339898936
3913,5271.9169921875,5247.03762900374
3914,5271.9169921875,5243.567541714017
3915,5271.9169921875,5242.0152153025765
3916,5271.9169921875,5259.0409611272025
3917,5271.9169921875,5247.696671162904
3918,5271.9169921875,5247.178622301866
3919,5296.32373046875,5238.117807709101
3920,5296.32373046875,5235.785887768399
3921,5296.32373046875,5247.882888726466
3922,5296.32373046875,5243.549059970866
3923,5296.32373046875,5250.322338809134
3924,5296.32373046875,5246.465955084924
3925,5296.32373046875,5252.751707940992
3926,5296.32373046875,5254.555358056639
3927,5296.32373046875,5257.514677172019
3928,5296.32373046875,5250.616366541075
3929,5296.32373046875,5249.669177204609
3930,5296.32373046875,5247.320455679226
3931,5296.32373046875,5260.329922698748
3932,5296.32373046875,5261.392202890288
3933,5296.32373046875,5274.118703221119
3934,5296.32373046875,5266.3833936465835
3935,5296.32373046875,5260.631931183413
3936,5296.32373046875,5253.857952279117
3937,5296.32373046875,5256.977306488597
3938,5271.9169921875,5259.078204639915
3939,5271.9169921875,5256.226695692913
3940,5271.9169921875,5260.266076676955
3941,5271.9169921875,5255.488826098948
3942,5003.439453125,5255.022582124014
3943,5003.439453125,5259.750268027208
3944,5003.439453125,5257.330419793337
3945,4979.0322265625,5217.728734664088
3946,4979.0322265625,5199.534088591791
3947,5003.439453125,5157.627436063936
3948,4979.0322265625,5138.612452619525
3949,4979.0322265625,5114.902966401669
3950,4979.0322265625,5106.098025942294
3951,4979.0322265625,5063.381887065765
3952,4979.0322265625,5050.28617191154
3953,5003.439453125,5027.479000797727
3954,5003.439453125,5009.186835527671
3955,4979.0322265625,5020.156660173362
3956,4979.0322265625,5020.393982557
3957,5003.439453125,4995.926534850161
3958,5003.439453125,4973.357246172809
3959,5003.439453125,4946.3236364321565
3960,5003.439453125,4955.903059938783
3961,5003.439453125,4958.085445775811
3962,4954.62548828125,4978.515472683487
3963,4954.62548828125,4979.235140560713
3964,4954.62548828125,4976.278411689639
3965,4954.62548828125,4967.710933627108
3966,4954.62548828125,4981.286264017411
3967,5027.8466796875,4979.999472650554
3968,5027.8466796875,4968.352544142164
3969,4979.0322265625,4978.8958885633365
3970,4979.0322265625,4977.827237770938
3971,4979.0322265625,4976.568239025409
3972,4979.0322265625,4977.86840165341
3973,4979.0322265625,4971.735893250964
3974,4979.0322265625,4974.322007166588
3975,4979.0322265625,4986.321558933498
3976,4979.0322265625,4980.448004954968
3977,4979.0322265625,4973.889786400636
3978,4979.0322265625,4967.786400744973
3979,4832.59033203125,4946.964756900993
3980,4862.05712890625,4948.636304557076
3981,4763.833984375,4958.080895346627
3982,4812.9453125,4939.578150215219
3983,4812.9453125,4945.301890063663
3984,4812.9453125,4925.960885869813
3985,4911.1689453125,4908.374107130003
3986,4862.05712890625,4878.328183275619
3987,4862.05712890625,4880.715338425963
3988,4862.05712890625,4861.656250821761
3989,4714.72216796875,4863.990410973753
3990,4714.72216796875,4841.906828106925
3991,4714.72216796875,4838.557502207107
3992,4665.6103515625,4834.838681457483
3993,4714.72216796875,4817.981581539106
3994,4714.72216796875,4810.0804263224345
3995,4714.72216796875,4791.630186143159
3996,4665.6103515625,4762.781795237008
3997,4714.72216796875,4759.613506412142
3998,4665.6103515625,4742.953405074165
3999,4616.49853515625,4735.729913773014
4000,4616.49853515625,4736.961469930228
4001,4616.49853515625,4715.976710701624
4002,4616.49853515625,4721.644375261191
4003,4616.49853515625,4712.794770589204
4004,4616.49853515625,4684.174741221526
4005,4616.49853515625,4679.986386186634
4006,4616.49853515625,4654.796050298839
4007,4616.49853515625,4638.046865558745
4008,4616.49853515625,4646.156325422175
4009,4616.49853515625,4634.939272458543
4010,4616.49853515625,4615.951101543022
4011,4616.49853515625,4614.599589071836
4012,4616.49853515625,4622.140945353195
4013,4518.275390625,4626.931112149427
4014,4518.275390625,4612.07277074882
4015,4518.275390625,4599.431153423936
4016,4518.275390625,4594.056816530281
4017,4518.275390625,4580.06687203464
4018,4518.275390625,4575.322909596285
4019,4518.275390625,4582.945263517134
4020,4518.275390625,4566.440786857277
4021,4518.275390625,4556.279818500833
4022,4518.275390625,4558.399268401906
4023,4518.275390625,4538.1118799475225
4024,4518.275390625,4513.7999519089
4025,4518.275390625,4520.537387366511
4026,4518.275390625,4523.038338249777
4027,4518.275390625,4522.696426001491
4028,4518.275390625,4516.778592846664
4029,4518.275390625,4505.026724440613
4030,4518.275390625,4501.397337126122
4031,4518.275390625,4497.978074630063
4032,4518.275390625,4501.639769991767
4033,4518.275390625,4491.721269504271
4034,4518.275390625,4493.9725068351945
4035,4518.275390625,4497.584427502277
4036,4518.275390625,4498.630396155355
4037,4518.275390625,4504.713234873082
4038,4518.275390625,4503.378068943661
4039,4518.275390625,4497.66353496349
4040,4518.275390625,4497.881990567661
4041,4518.275390625,4498.232513628096
4042,4518.275390625,4497.258616772646
4043,4518.275390625,4499.730934955348
4044,4518.275390625,4499.807767201968
4045,4518.275390625,4506.311660632496
4046,4518.275390625,4500.210235161713
4047,4714.72216796875,4505.198170610976
4048,4714.72216796875,4504.216117986294
4049,4616.49853515625,4526.010503576777
4050,4518.275390625,4545.9047699528965
4051,4518.275390625,4544.802550994435
4052,4518.275390625,4544.332106623329
4053,4518.275390625,4542.280598130316
4054,4518.275390625,4533.708639645204
4055,4518.275390625,4543.269021355857
4056,4518.275390625,4546.611731631707
4057,4518.275390625,4552.054219953229
4058,4518.275390625,4524.44914631357
4059,4518.275390625,4524.505886665174
4060,4518.275390625,4506.750216996005
4061,4518.275390625,4513.16516703762
4062,4518.275390625,4522.941484114743
4063,4518.275390625,4548.546224088068
4064,4518.275390625,4560.668917469377
4065,4469.16357421875,4521.911897006731
4066,4469.16357421875,4491.893170717552
4067,4469.16357421875,4510.021800563367
4068,4459.34130859375,4482.2989758177255
4069,4459.34130859375,4483.3644413096945
4070,4459.34130859375,4498.914867986007
4071,4459.34130859375,4484.153835763353
4072,4331.65087890625,4481.586518620592
4073,4331.65087890625,4493.8002555889
4074,4331.65087890625,4473.128040838688
4075,4331.65087890625,4442.9124909856155
4076,4331.65087890625,4430.315082830427
4077,4331.65087890625,4410.061857598231
4078,4272.71728515625,4389.610023633769
4079,4233.427734375,4393.017875053564
4080,4233.427734375,4387.719355310788
4081,4272.71728515625,4348.827817160778
4082,4272.71728515625,4329.708068835213
4083,4272.71728515625,4319.928181421346
4084,4272.71728515625,4295.38470654382
4085,4272.71728515625,4316.978173184144
4086,4184.31591796875,4310.164168004673
4087,4272.71728515625,4283.372413575194
4088,4272.71728515625,4261.091377085047
4089,4272.71728515625,4269.117389077888
4090,4272.71728515625,4256.851549695414
4091,4213.78271484375,4253.844888614862
4092,4174.49365234375,4269.400583288038
4093,4174.49365234375,4246.832694742742
4094,4174.49365234375,4228.304449706249
4095,4174.49365234375,4211.76568731265
4096,4174.49365234375,4206.70743023083
4097,4174.49365234375,4193.2348870351525
4098,4164.6708984375,4177.738802984297
4099,3948.57958984375,4182.469927961855
4100,3928.93505859375,4188.972228742168
4101,3771.777587890625,4184.363615319584
4102,3565.508544921875,4114.579633473613
4103,3565.508544921875,4087.1318471688915
4104,3565.508544921875,4021.7515519173317
4105,3496.752197265625,3986.1988693046023
4106,3496.752197265625,3894.7440416451022
4107,3545.86376953125,3862.5160294817524
4108,3585.153076171875,3799.5559237462535
4109,3536.041748046875,3768.0912810819545
4110,3418.17333984375,3762.243804562985
4111,3486.929931640625,3753.939603832096
4112,3486.929931640625,3686.0571063292455
4113,3486.929931640625,3682.261068296686
4114,3506.574462890625,3650.3897922797737
4115,3604.7978515625,3620.3994886713485
4116,3624.442626953125,3602.5953744330122
4117,3624.442626953125,3605.6602635054796
4118,3624.442626953125,3560.2608415485806
4119,3624.442626953125,3515.0197045207096
4120,3614.620361328125,3518.3302117592516
4121,3565.508544921875,3542.3849005357274
4122,3624.442626953125,3508.754078562959
4123,3653.90966796875,3520.825212081275
4124,3732.48828125,3474.6934510520355
4125,3830.711669921875,3462.8629302276904
4126,3919.11279296875,3458.431092228111
4127,3978.046875,3489.69555101158
4128,3958.402099609375,3554.6461719873655
4129,4154.84912109375,3554.8573819081425
4130,4145.0263671875,3580.225604573762
