,y_actual,y_predict
0,137.12466430664062,143.04037153627067
1,137.12466430664062,140.93022666138427
2,133.41857910156247,141.7257296328771
3,135.2716369628906,145.1868580024539
4,140.83071899414065,144.4648312906433
5,138.97769165039062,144.3239901300207
6,140.83071899414065,143.54136299831978
7,137.12466430664062,145.2364486462902
8,138.97769165039062,146.33994543773352
9,137.12466430664062,147.09915346952297
10,137.12466430664062,146.7212055851957
11,135.2716369628906,145.95215406718847
12,135.2716369628906,145.38181501147739
13,135.2716369628906,144.74406440323244
14,135.2716369628906,143.8867713962164
15,135.2716369628906,143.29354973391855
16,135.2716369628906,143.07354081921295
17,133.41857910156247,145.88210669962476
18,135.2716369628906,144.66431350423133
19,131.56553649902344,142.8961248093263
20,137.12466430664062,141.2279104791825
21,137.12466430664062,141.364273086834
22,137.12466430664062,141.13288118332684
23,137.12466430664062,142.73727613363235
24,133.41857910156247,144.717939510901
25,138.97769165039062,144.9130131489081
26,138.97769165039062,143.69102131010428
27,138.97769165039062,143.36557979420385
28,137.12466430664062,144.71912912653394
29,138.97769165039062,145.83162967551291
30,138.97769165039062,146.08126235205864
31,137.12466430664062,146.81072999302438
32,142.6837921142578,147.77753761566203
33,140.83071899414065,146.35995897132315
34,144.53680419921875,145.61376673410595
35,144.53680419921875,146.3837979355756
36,155.65501403808594,151.44052743009277
37,153.80197143554688,153.65283929463257
38,157.508056640625,156.46454249470384
39,157.508056640625,155.35381470627593
40,163.0671844482422,160.70766819946996
41,161.21414184570312,163.3119467521685
42,161.21414184570312,165.32587271556628
43,174.18536376953125,167.09844666025555
44,187.1566619873047,168.4660381222138
45,189.0096740722656,177.0062887511633
46,177.8914337158203,176.95672143312373
47,176.03843688964844,174.15512996593253
48,181.59751892089844,188.49053483630718
49,187.1566619873047,191.9639325749611
50,189.0096740722656,183.31266281650124
51,192.7157287597656,183.26905523952476
52,185.3036193847656,195.39683673050124
53,185.3036193847656,195.13402497880614
54,181.59751892089844,192.983934677029
55,190.86268615722656,193.4330379042644
56,189.0096740722656,193.98751541820283
57,185.3036193847656,195.46268545465455
58,185.3036193847656,195.32505159108155
59,185.3036193847656,192.09503521545122
60,185.3036193847656,191.34393289802352
61,185.3036193847656,190.61917706799613
62,185.3036193847656,192.30455918452918
63,185.3036193847656,192.1120047325683
64,185.3036193847656,191.96920420502084
65,185.3036193847656,191.96920420502084
66,185.3036193847656,192.10793438103988
67,185.3036193847656,192.35400987358514
68,192.7157287597656,194.9180747527306
69,192.7157287597656,194.33903517484126
70,192.7157287597656,192.61799957801483
71,189.0096740722656,194.34203253972038
72,192.7157287597656,199.24284074603253
73,192.7157287597656,198.17426267228583
74,200.12786865234372,195.6789972305793
75,214.95217895507807,197.65090177117793
76,207.5400390625,199.9935581878143
77,214.95217895507807,208.87188125159057
78,218.6582489013672,208.7477763501178
79,214.95217895507807,214.43976059263036
80,211.24610900878903,216.43304322592698
81,226.0704040527344,220.48797640271974
82,226.0704040527344,221.31261329432147
83,244.60073852539065,228.41489853259492
84,259.4250183105469,228.72951687881516
85,263.1310729980469,231.14472818616312
86,252.01287841796875,239.62784227603595
87,266.837158203125,249.6765313590155
88,277.95538330078125,253.05494062195802
89,289.0736083984375,250.38021816315148
90,303.8978576660156,268.90834752301976
91,315.01611328125,280.5530109436873
92,322.42828369140625,284.51011572901746
93,307.6039428710937,298.91731157026095
94,292.7796936035156,299.7167041183576
95,270.54327392578125,296.9614785036056
96,266.837158203125,314.6002652117583
97,281.66143798828125,290.7155240832333
98,300.1918640136719,299.38718350375495
99,315.01611328125,304.9687171830524
100,311.3100280761719,302.43669903288185
101,300.1918640136719,294.7154433684513
102,296.4857482910156,300.49071819961796
103,266.837158203125,293.7821782415035
104,252.01287841796875,289.1213866520374
105,255.71896362304688,276.50323859941983
106,255.71896362304688,276.700697300142
107,240.89468383789065,255.11685358066734
108,229.7764434814453,251.85062973707136
109,229.7764434814453,247.66108338738144
110,226.0704040527344,242.47124523385583
111,244.60073852539065,238.46782707912917
112,248.3067779541016,230.63985297895937
113,237.1886138916016,235.43792271359843
114,226.0704040527344,237.55050513424254
115,222.3643035888672,241.1838945126299
116,214.95217895507807,240.9795488704248
117,229.7764434814453,240.00174313463154
118,229.7764434814453,233.76935849650377
119,233.48248291015625,226.50660343966405
120,237.1886138916016,226.07434143766375
121,229.7764434814453,227.6794594876677
122,233.48248291015625,237.75846627493996
123,233.48248291015625,239.2069282741421
124,233.48248291015625,239.9883424644133
125,229.7764434814453,239.96416527610836
126,226.0704040527344,240.16344922042424
127,237.1886138916016,237.77241510138123
128,248.3067779541016,236.5800003728241
129,252.01287841796875,235.38686254456846
130,252.01287841796875,238.50395873825542
131,248.3067779541016,243.50561602670604
132,252.01287841796875,252.1554512486673
133,248.3067779541016,255.97224553525035
134,244.60073852539065,256.5524572344251
135,240.89468383789065,255.68281904949257
136,240.89468383789065,256.10848568246905
137,237.1886138916016,252.44371727603806
138,244.60073852539065,249.54711400733873
139,252.01287841796875,245.39978734972016
140,248.3067779541016,245.0571780474305
141,248.3067779541016,246.7925706721409
142,248.3067779541016,251.45569484127944
143,244.60073852539065,254.63865142201809
144,255.71896362304688,255.11702852414277
145,248.3067779541016,255.26397521205803
146,248.3067779541016,255.03173774841957
147,244.60073852539065,254.76795214471122
148,240.89468383789065,255.34019225285536
149,240.89468383789065,254.69504736704874
150,237.1886138916016,250.88649874960785
151,237.1886138916016,252.97440830876664
152,214.95217895507807,245.79496133492853
153,222.3643035888672,242.2087717062132
154,226.0704040527344,239.13446668661737
155,233.48248291015625,232.8883314913205
156,233.48248291015625,224.72461753599646
157,229.7764434814453,224.1933258640022
158,233.48248291015625,231.18430040030626
159,222.3643035888672,235.28193144800323
160,226.0704040527344,238.24506572041003
161,226.0704040527344,236.47018252184506
162,226.0704040527344,234.12899563040233
163,233.48248291015625,233.86707025898278
164,233.48248291015625,233.55949630337332
165,229.7764434814453,232.42971133902148
166,229.7764434814453,236.09906909595804
167,233.48248291015625,236.40594327766576
168,229.7764434814453,235.06953840592817
169,237.1886138916016,233.36906449891438
170,229.7764434814453,236.54589805801282
171,229.7764434814453,237.72933235483106
172,233.48248291015625,238.5540858754164
173,237.1886138916016,238.22392088567926
174,240.89468383789065,240.50496221026782
175,248.3067779541016,245.01542487129365
176,244.60073852539065,242.5438701019576
177,248.3067779541016,242.1838364295147
178,244.60073852539065,244.1715092086991
179,244.60073852539065,250.33165385437104
180,248.3067779541016,251.2297903314517
181,244.60073852539065,250.955304018496
182,248.3067779541016,250.56743100766244
183,240.89468383789065,254.81102905981223
184,248.3067779541016,252.68236933377574
185,248.3067779541016,248.5862661257642
186,248.3067779541016,250.57628314751935
187,248.3067779541016,253.71534057882246
188,248.3067779541016,251.09984814934865
189,248.3067779541016,249.3852912925624
190,252.01287841796875,250.78917186277482
191,248.3067779541016,251.47466454546566
192,244.60073852539065,254.05389702393123
193,244.60073852539065,254.68210154986667
194,244.60073852539065,254.48127810296694
195,244.60073852539065,254.43417748793098
196,244.60073852539065,252.01864545087804
197,248.3067779541016,249.2529757106426
198,252.01287841796875,248.69298164577884
199,244.60073852539065,250.24211778364398
200,263.1310729980469,252.20221947109997
201,270.54327392578125,252.8930595926899
202,274.24932861328125,264.72005493490377
203,285.3675842285156,261.3327585434092
204,277.95538330078125,260.5150727392314
205,274.24932861328125,264.73037659995435
206,266.837158203125,280.4896697426819
207,263.1310729980469,282.18784605871826
208,270.54327392578125,280.2269804514196
209,270.54327392578125,275.699460801539
210,272.4351501464844,272.9358787201104
211,276.2190246582031,274.19912806187074
212,272.4351501464844,276.01718731017274
213,272.4351501464844,276.59519472155705
214,272.4351501464844,275.46840712208433
215,268.6513061523437,276.33015535627476
216,261.0837097167969,276.9385737751386
217,261.0837097167969,276.94717516268076
218,268.6513061523437,273.1098775007769
219,268.6513061523437,269.67132850242945
220,268.6513061523437,273.96559018506485
221,268.6513061523437,273.3013473031901
222,272.4351501464844,270.59798076600583
223,287.5704040527344,269.29791165411586
224,298.92193603515625,274.98893953896277
225,287.5704040527344,286.0745419266355
226,280.0028076171875,285.82178359332863
227,283.7865905761719,283.4884458324837
228,283.7865905761719,282.0911373054985
229,295.1380920410156,289.92985293505984
230,298.92193603515625,289.40295817574815
231,306.48956298828125,298.0022697220042
232,317.8410339355469,293.5242940643665
233,310.2733459472656,290.01131244867105
234,302.7057189941406,292.9193103690703
235,306.48956298828125,312.43129850898185
236,306.48956298828125,313.9241553307999
237,310.2733459472656,311.92730968205365
238,306.48956298828125,310.68941548133284
239,298.92193603515625,310.60471076625237
240,302.7057189941406,311.37656137986653
241,302.7057189941406,309.53021085586226
242,298.92193603515625,307.6590591784906
243,310.2733459472656,306.4717032320981
244,310.2733459472656,305.2754514099797
245,314.0571594238281,305.83685085409616
246,329.1925048828125,307.95616859854454
247,348.1116027832031,310.9342605381009
248,370.8144836425781,316.8958851592997
249,378.3821716308594,341.4042334450119
250,370.8144836425781,370.5542228410795
251,363.246826171875,378.5847741964902
252,351.8953552246094,369.9962377104586
253,348.1116027832031,355.4684125114543
254,329.1925048828125,351.95323389727986
255,325.4086303710937,348.7720921728661
256,321.62481689453125,335.1133797816696
257,306.48956298828125,320.27223883640585
258,310.2733459472656,323.11441718989767
259,321.62481689453125,318.3884212514128
260,317.8410339355469,316.04105885528725
261,314.0571594238281,314.7692955977225
262,314.0571594238281,314.97955141367265
263,310.2733459472656,318.73656459897535
264,295.1380920410156,318.56221884708253
265,276.2190246582031,317.44123062382045
266,280.0028076171875,309.6546248241416
267,264.86749267578125,294.4678925192632
268,276.2190246582031,285.0463466384681
269,280.0028076171875,276.3156875308564
270,287.5704040527344,279.4527447750903
271,298.92193603515625,281.86424144930993
272,298.92193603515625,277.87481877261797
273,298.92193603515625,282.2465104374804
274,298.92193603515625,289.6582298636521
275,306.48956298828125,296.87421086661
276,302.7057189941406,301.09871675414075
277,298.92193603515625,301.8017271101717
278,295.1380920410156,303.0257424618414
279,298.92193603515625,304.8248086801605
280,298.92193603515625,303.00819854697994
281,298.92193603515625,301.2169056504193
282,295.1380920410156,301.04879371770113
283,291.35430908203125,301.28914855859966
284,295.1380920410156,300.2812846180023
285,295.1380920410156,298.1005296407062
286,295.1380920410156,297.820328507553
287,295.1380920410156,297.6941301158242
288,302.7057189941406,297.502176303129
289,298.92193603515625,297.8628689293293
290,295.1380920410156,299.1341248508153
291,306.48956298828125,300.7890755497966
292,306.48956298828125,301.3684387731155
293,298.92193603515625,305.97207049770816
294,302.7057189941406,306.19328069094513
295,298.92193603515625,303.71723279001503
296,306.48956298828125,307.04498425392103
297,317.8410339355469,304.73936045530945
298,310.2733459472656,301.7090245625393
299,302.7057189941406,305.41063606489666
300,310.2733459472656,312.00261701677874
301,310.2733459472656,312.98523369814643
302,314.0571594238281,312.3065696424467
303,325.4086303710937,312.8586154420766
304,336.7601318359375,313.32241683697305
305,348.1116027832031,316.1733277856136
306,348.1116027832031,322.0289308292503
307,336.7601318359375,345.83529053816784
308,317.8410339355469,349.50624829897345
309,329.1925048828125,338.2892730195876
310,321.62481689453125,322.5048674698927
311,329.1925048828125,333.5295282978981
312,321.62481689453125,321.1699350390734
313,310.2733459472656,321.63440996635023
314,302.7057189941406,322.80004376454303
315,306.48956298828125,332.9346519618951
316,302.7057189941406,316.2214751457776
317,295.1380920410156,299.76820164607614
318,295.1380920410156,296.2272290743113
319,276.2190246582031,308.54183853415276
320,257.29986572265625,300.3270090110315
321,249.73220825195312,291.8015381900316
322,245.9484100341797,280.7241756400518
323,230.81314086914065,268.02306939138344
324,238.38072204589844,257.90656055442736
325,245.9484100341797,248.41629104503266
326,242.1645965576172,244.83576958492142
327,242.1645965576172,243.56721945585548
328,234.596923828125,243.14732012611913
329,230.81314086914065,242.890141554333
330,223.2454833984375,242.46076028822813
331,223.2454833984375,241.06067599143267
332,219.46165466308597,237.85760091101915
333,223.2454833984375,234.36122726259157
334,227.029296875,229.14963780362035
335,223.2454833984375,226.40352674393841
336,223.2454833984375,228.55769906014237
337,223.2454833984375,230.49987487281555
338,223.2454833984375,229.72338242565323
339,230.81314086914065,228.4146186230342
340,238.38072204589844,228.05606613868332
341,238.38072204589844,229.43899431198795
342,234.596923828125,237.27823477197566
343,234.596923828125,240.54430116644374
344,234.596923828125,239.38827468077682
345,238.38072204589844,237.45856650645288
346,234.596923828125,239.1495818028949
347,230.81314086914065,240.96015347044835
348,219.46165466308597,241.09594459608013
349,219.46165466308597,239.36731645241986
350,223.2454833984375,234.5037712063751
351,219.46165466308597,230.23793783849766
352,223.2454833984375,227.81957754859184
353,223.2454833984375,227.64393429925627
354,223.2454833984375,227.55787377224118
355,219.46165466308597,227.51386965672037
356,215.67784118652344,227.74687104020154
357,219.46165466308597,228.4119361564109
358,219.46165466308597,227.09517160551536
359,219.46165466308597,224.99168624559377
360,219.46165466308597,224.05215814222544
361,211.8940277099609,224.83371228727702
362,204.32635498046875,225.1549318339703
363,189.1910858154297,223.34403360526267
364,200.54254150390625,220.78388745996693
365,196.7587127685547,212.72050941925335
366,185.40724182128903,207.19424329957008
367,155.1366729736328,202.50407870057862
368,168.38006591796875,200.68310372768602
369,172.1638641357422,194.32457318087208
370,177.839599609375,185.76401744587386
371,170.27195739746094,178.18715721034184
372,174.05580139160156,175.69283646340267
373,172.1638641357422,179.23786772379756
374,174.05580139160156,181.4955249371698
375,172.1638641357422,181.03474714867374
376,174.05580139160156,179.90085684409843
377,174.05580139160156,180.1001757771094
378,168.38006591796875,181.09994275051878
379,162.70431518554688,180.8578209805183
380,164.59625244140625,179.6818042870585
381,168.38006591796875,177.2322457440337
382,172.1638641357422,174.1844971440087
383,170.27195739746094,172.3939856616383
384,166.48817443847656,174.0365182895884
385,162.70431518554688,176.13651644289965
386,162.70431518554688,176.7523524651219
387,160.81240844726562,175.1838675788738
388,162.70431518554688,172.95961290641102
389,162.70431518554688,170.64850462984458
390,172.1638641357422,169.49773811133903
391,172.1638641357422,169.3605241121071
392,168.38006591796875,174.5053784666495
393,168.38006591796875,176.93964694992138
394,160.81240844726562,176.957374555432
395,158.92051696777344,176.07857516383595
396,157.02857971191406,174.56116210951615
397,158.92051696777344,171.98727706994967
398,155.1366729736328,168.88816506553732
399,155.1366729736328,167.17591163117766
400,153.24478149414062,165.72466219926693
401,149.46096801757815,164.3303976887542
402,145.67715454101562,163.06422679095417
403,134.32565307617185,161.2602913125688
404,134.32565307617185,159.47748900601584
405,134.32565307617185,155.31079027421757
406,130.54185485839847,149.1596143973862
407,136.2175750732422,143.24081010752442
408,138.10951232910156,140.45046167435447
409,138.10951232910156,140.8564238405479
410,140.00140380859375,141.66606224485577
411,134.32565307617185,143.26765809955435
412,130.54185485839847,145.10423803045566
413,126.75801086425784,145.54180665121083
414,117.2984619140625,144.54997044868776
415,115.40657043457031,142.2934328735583
416,113.51464843749997,137.8386255635172
417,113.51464843749997,131.9323472264965
418,105.94701385498047,126.2539619234743
419,105.94701385498047,122.71716466932315
420,117.2984619140625,121.11636189171324
421,119.19036102294919,118.11451845964208
422,124.86610412597656,117.50520199760433
423,134.32565307617185,118.8406271858795
424,138.10951232910156,123.50254424503754
425,141.89329528808594,129.1166669780837
426,130.54185485839847,135.76188322954027
427,128.64993286132812,141.96463244292954
428,132.43374633789062,145.47392858274247
429,126.75801086425784,143.8416593053512
430,124.86610412597656,140.38862498723776
431,124.86610412597656,137.00958009633453
432,128.64993286132812,136.32562108477833
433,130.54185485839847,134.7177739165576
434,130.54185485839847,133.88681573404352
435,128.64993286132812,134.3936852968672
436,126.75801086425784,136.4469152277458
437,124.86610412597656,138.25380141941682
438,124.86610412597656,138.0673583261978
439,122.97420501708982,135.8666627084268
440,124.86610412597656,134.23399689249118
441,130.54185485839847,132.968852329747
442,132.43374633789062,132.7352678013477
443,134.32565307617185,137.46247376553768
444,132.43374633789062,137.9764343705656
445,128.64993286132812,138.51558683605603
446,128.64993286132812,140.26147606929246
447,124.86610412597656,140.6284141775658
448,126.75801086425784,139.05912455133065
449,130.54185485839847,136.41106347818024
450,130.54185485839847,135.5934709771893
451,130.54185485839847,136.63352160154193
452,126.75801086425784,137.9364306291831
453,126.75801086425784,138.29168251329742
454,126.75801086425784,137.8152997667927
455,126.75801086425784,136.47999120750117
456,126.75801086425784,134.84440966697497
457,122.97420501708982,133.61978201314128
458,124.86610412597656,133.88238383266585
459,119.19036102294919,133.4589739705225
460,121.0822982788086,132.53433938836275
461,121.0822982788086,130.86813107673728
462,122.97420501708982,129.51514156352857
463,122.97420501708982,128.64942794389498
464,121.0822982788086,128.53559805587935
465,115.40657043457031,129.31323346708118
466,117.2984619140625,129.86820082275082
467,117.2984619140625,128.98643905497076
468,117.2984619140625,127.31976422741079
469,117.2984619140625,125.67193664360423
470,117.2984619140625,125.25113927069401
471,117.2984619140625,125.39939803467502
472,117.2984619140625,125.4511579776067
473,119.19036102294919,125.16807610855801
474,117.2984619140625,124.86733661138885
475,109.730827331543,125.31059672654479
476,109.730827331543,125.79015178140406
477,109.730827331543,124.97360894126572
478,107.83892059326172,122.81163414605746
479,109.730827331543,119.71518128247169
480,109.730827331543,117.511919827061
481,111.62274169921875,117.00285763934522
482,107.83892059326172,116.91823164882868
483,105.94701385498047,117.49311923490106
484,105.94701385498047,117.78497160351816
485,104.0550765991211,117.27614267376961
486,102.16317749023435,115.76929620536603
487,104.0550765991211,113.88335888859564
488,107.83892059326172,112.4442272080833
489,117.2984619140625,111.64032694976964
490,119.19036102294919,111.82541714677868
491,117.2984619140625,114.68355034523009
492,121.0822982788086,119.52568250988173
493,119.19036102294919,123.63606110548866
494,117.2984619140625,126.30385580266804
495,115.40657043457031,126.81774643030579
496,109.730827331543,126.83132204399948
497,107.83892059326172,125.85565061860649
498,107.83892059326172,123.5144870529605
499,107.83892059326172,120.7783477713783
500,105.94701385498047,118.46643475482483
501,104.0550765991211,116.869434082081
502,94.59554290771484,115.98079120426718
503,94.59554290771484,114.96376314128167
504,94.59554290771484,112.89719085467664
505,88.9197998046875,109.21264800407243
506,81.35215759277344,105.22762224006303
507,83.24408721923828,102.47067634780257
508,81.35215759277344,99.61403600034154
509,81.35215759277344,95.35525868597324
510,85.13597869873047,91.79753819216023
511,87.02790069580078,90.81309626719883
512,87.02790069580078,91.14882445945477
513,83.24408721923828,92.93275806714885
514,84.22341918945312,94.53353751896208
515,86.1821060180664,94.7605908242785
516,86.1821060180664,94.01029324683779
517,84.22341918945312,93.40081350422295
518,84.22341918945312,93.29034253093565
519,76.38868713378906,93.45171039267584
520,75.21348571777344,92.96518092459593
521,70.51262664794922,91.18591247624676
522,65.0283203125,88.65529678960422
523,64.24484252929688,85.48546096952316
524,64.6365737915039,82.18896607322796
525,58.368797302246094,78.51734571400914
526,55.62663650512695,74.89939801305343
527,57.977046966552734,72.89809130568358
528,54.05968475341797,70.28931087421722
529,56.41009521484375,67.33006034696507
530,58.368797302246094,64.98374178024295
531,56.018367767333984,64.90228809808093
532,55.62663650512695,65.2833616391693
533,59.93574142456055,65.59137878491651
534,57.19357681274414,66.62030300423157
535,45.441471099853516,70.22315891470652
536,45.04974365234375,67.48580669169462
537,37.60674285888672,63.27748307564144
538,37.60674285888672,60.51297962524228
539,37.60674285888672,55.7857736610523
540,41.132362365722656,50.935104254799455
541,45.04974365234375,48.48309650311859
542,46.22494125366211,47.5997019295678
543,43.4827880859375,48.74166295980979
544,41.91584396362305,50.71628495572679
545,41.132362365722656,52.95777739196893
546,40.34889602661133,53.8422449521691
547,37.99847412109375,52.45146764826666
548,35.64804458618164,50.85922543805464
549,32.12242126464844,49.59377763995303
550,28.988523483276367,48.294390807617276
551,26.246366500854492,46.52302980435769
552,24.679418563842773,43.78425470774562
553,27.029842376708984,41.105520211902444
554,29.77199935913086,37.96736082377322
555,35.64804458618164,35.92117528350542
556,41.132362365722656,36.07211651410978
557,39.9571647644043,37.77753549002915
558,36.039791107177734,40.611899701618256
559,35.25631332397461,44.76193215165688
560,35.25631332397461,47.400756209304404
561,35.64804458618164,47.820084057021006
562,34.86457824707031,45.68652008222318
563,34.08110046386719,44.367772838606015
564,33.29763412475586,44.42930629036533
565,34.472843170166016,44.323407173236035
566,32.51416015625,44.018539010046595
567,32.51416015625,43.739609132814905
568,32.12242126464844,43.34451678789509
569,32.12242126464844,42.81840344277367
570,32.12242126464844,42.27080703886895
571,33.29763412475586,41.72750258156162
572,34.472843170166016,41.412511022593776
573,35.25631332397461,41.47558397693683
574,34.86457824707031,42.237007959415166
575,34.86457824707031,43.18440851917802
576,32.51416015625,43.94268351909852
577,33.29763412475586,44.39478411121303
578,34.472843170166016,44.15924021588887
579,34.08110046386719,43.62965132705551
580,34.472843170166016,43.208364112414074
581,36.039791107177734,43.12660719489463
582,38.781951904296875,43.49151595885297
583,36.823265075683594,43.871609816478895
584,39.56541442871094,44.86363262537577
585,39.173683166503906,45.978139192873016
586,38.781951904296875,46.899088299150264
587,39.9571647644043,47.62242125557748
588,38.781951904296875,48.23297398484158
589,36.039791107177734,48.800560596539185
590,34.86457824707031,48.65822658492624
591,34.86457824707031,48.642388368950265
592,34.472843170166016,47.752205988552646
593,34.472843170166016,45.86629199757897
594,36.039791107177734,44.46158919303201
595,34.86457824707031,44.05105517068057
596,34.472843170166016,44.153875282642275
597,34.08110046386719,44.603270082336735
598,34.08110046386719,44.798553652514386
599,33.29763412475586,44.534832194747025
600,32.9058952331543,44.155484762616254
601,31.730680465698242,43.81233896700189
602,30.163734436035156,43.3837741037824
603,30.555471420288086,42.83034625069661
604,29.77199935913086,41.92147990712266
605,29.77199935913086,41.00577910510839
606,29.380264282226562,40.210882604330436
607,30.94721221923828,39.82610026156283
608,31.338951110839844,39.93176612072489
609,31.730680465698242,39.69316654602983
610,31.730680465698242,39.631353184709894
611,30.163734436035156,40.260449922370015
612,30.555471420288086,40.8557242547796
613,30.555471420288086,40.81805309306952
614,30.555471420288086,40.51474775826068
615,31.338951110839844,40.26961696048278
616,32.51416015625,40.09576979749494
617,32.51416015625,40.093343914635625
618,31.338951110839844,40.50203519904579
619,31.730680465698242,41.194741384373685
620,31.338951110839844,41.60809782812879
621,30.94721221923828,41.581319813489074
622,30.94721221923828,41.66636566834666
623,31.338951110839844,41.15030574161352
624,31.730680465698242,40.58978684632342
625,32.12242126464844,40.596644630560434
626,31.730680465698242,40.893768629237286
627,31.730680465698242,41.256811329457605
628,32.51416015625,41.66249358609036
629,31.730680465698242,41.55675774953818
630,31.730680465698242,41.30747495994325
631,31.730680465698242,41.25277596662431
632,31.730680465698242,41.30458256114946
633,32.12242126464844,41.42520025601192
634,32.51416015625,41.40357724244825
635,32.51416015625,41.41108814899354
636,32.9058952331543,41.4676532060505
637,32.51416015625,41.677562050774384
638,32.9058952331543,41.911566443514744
639,32.9058952331543,42.05758593101018
640,32.9058952331543,42.17878677079074
641,33.29763412475586,42.258677624572215
642,32.9058952331543,42.3824676277892
643,33.29763412475586,42.52636446778274
644,36.039791107177734,42.59895434718942
645,36.039791107177734,42.67968492965298
646,35.64804458618164,44.292103954031745
647,37.21499252319336,44.44778032137111
648,37.21499252319336,44.38475401862149
649,36.823265075683594,46.23458300206232
650,37.60674285888672,46.051988665302815
651,36.4315299987793,45.63776916706894
652,36.039791107177734,46.39396817108093
653,37.21499252319336,46.6258032647259
654,37.99847412109375,46.3781532809017
655,37.99847412109375,46.084761409700775
656,37.60674285888672,46.081379169175705
657,37.60674285888672,46.56226379444831
658,38.39021301269531,46.98229141606663
659,38.39021301269531,47.40968998944987
660,39.9571647644043,47.27104145371936
661,50.5340576171875,47.091292864160266
662,50.5340576171875,47.60721283611309
663,49.35883712768555,50.83235412022799
664,48.96711349487305,53.39868160165571
665,50.5340576171875,56.127473257269685
666,47.79188537597656,59.04352440898805
667,46.22494125366211,59.012571076734616
668,47.40016555786133,59.67192137274645
669,46.22494125366211,58.589277843574905
670,45.833213806152344,57.102818121508506
671,47.79188537597656,55.9987148593504
672,48.57536697387695,55.895871421592005
673,48.96711349487305,55.906997826629606
674,54.05968475341797,56.1803761642409
675,56.80184555053711,56.903709120668054
676,59.15226745605469,58.95502633621527
677,65.4200439453125,60.728509986976746
678,65.8117904663086,63.03540795723444
679,68.98344421386719,68.08159419163218
680,70.96571350097656,71.10097862284016
681,76.11966705322266,73.32670282049651
682,72.55155181884766,76.09370213114528
683,65.01887512207031,79.0910670102453
684,65.01887512207031,80.8234272813815
685,65.8117904663086,80.78013460266078
686,67.39761352539062,78.61172188755654
687,67.39761352539062,75.39159564973738
688,68.1905288696289,74.2542298014501
689,71.75865173339844,75.21777181254629
690,69.37989044189453,75.82251641842606
691,71.3621826171875,76.83494929945687
692,70.56927490234375,78.39516519076614
693,71.75865173339844,79.67402532198435
694,71.75865173339844,79.66539477719624
695,71.75865173339844,79.21177800829463
696,71.75865173339844,79.64738726212494
697,87.22045135498047,80.14555630277039
698,85.23815155029297,80.64493828484547
699,83.25587463378906,88.8752357269197
700,81.27359008789062,89.20909785543762
701,91.18501281738281,89.20578559230279
702,85.23815155029297,91.79513563509761
703,87.22045135498047,95.25526099541526
704,83.25587463378906,94.91533415974891
705,83.25587463378906,94.09027740380614
706,81.27359008789062,94.03735117103821
707,78.89485931396484,92.74332927194908
708,78.89485931396484,91.60745627465215
709,77.30904388427734,89.97936231487455
710,71.3621826171875,88.91073758953439
711,76.91258239746094,87.83098645915663
712,78.89485931396484,86.3187750575064
713,78.89485931396484,84.92571182552501
714,79.29130554199219,84.09906891540493
715,78.89485931396484,85.08873581883262
716,78.1019515991211,87.36538023073865
717,78.1019515991211,87.8401068456759
718,79.29130554199219,87.53257954165991
719,76.91258239746094,87.32271734852947
720,83.25587463378906,87.02463699218691
721,83.25587463378906,86.54725123642305
722,89.2027359008789,87.0103149529981
723,79.29130554199219,88.1936792724261
724,75.72319793701172,91.84206713810732
725,78.49839782714844,96.47277428124798
726,79.29130554199219,91.47848794456232
727,77.70548248291016,88.24056412384238
728,81.27359008789062,86.52212935335075
729,81.27359008789062,87.13300864376902
730,83.25587463378906,87.80623778883194
731,81.27359008789062,88.02090509608763
732,81.27359008789062,88.55005079478326
733,81.27359008789062,89.79247603151777
734,81.27359008789062,90.39799038868938
735,83.25587463378906,90.36169544898604
736,83.25587463378906,89.94644961569628
737,83.25587463378906,89.8646460465834
738,83.25587463378906,90.59614303186413
739,81.27359008789062,91.42838413319808
740,81.27359008789062,91.63143519368495
741,83.25587463378906,91.2407747501428
742,85.23815155029297,90.98904275189187
743,85.23815155029297,91.27595005160336
744,87.22045135498047,91.61009208968204
745,87.22045135498047,92.13419941628513
746,85.23815155029297,92.88668961861794
747,87.22045135498047,93.66189914696045
748,85.23815155029297,94.46617261802169
749,83.25587463378906,94.65968342764825
750,81.27359008789062,94.4072050039021
751,83.25587463378906,94.06067696776273
752,83.25587463378906,93.0074939198542
753,85.23815155029297,91.48298982333014
754,85.23815155029297,90.80647174092906
755,83.25587463378906,91.3358273717952
756,83.25587463378906,91.89422361958333
757,83.25587463378906,92.09076678278407
758,78.49839782714844,91.9500422511451
759,78.49839782714844,91.34340825573065
760,75.32674407958984,90.32770976315845
761,76.91258239746094,89.18586536190003
762,77.70548248291016,87.42665709873393
763,77.70548248291016,86.08656675111388
764,79.29130554199219,85.41678982396621
765,79.29130554199219,85.52334206340379
766,81.27359008789062,86.27457267271348
767,79.29130554199219,87.07963922086333
768,79.29130554199219,87.9197411156934
769,81.27359008789062,88.40767013157682
770,81.27359008789062,88.53153011218399
771,81.27359008789062,88.41756026938799
772,79.29130554199219,88.3881697655151
773,81.27359008789062,88.7965578145679
774,81.27359008789062,89.00858930679374
775,91.18501281738281,88.88832149888214
776,83.25587463378906,88.80285577968351
777,83.25587463378906,91.3496362434561
778,83.25587463378906,99.37944846268309
779,83.25587463378906,94.5803757187849
780,83.25587463378906,93.4526200987481
781,81.27359008789062,93.12580236084094
782,81.27359008789062,91.59182799084672
783,83.25587463378906,91.30370774970555
784,83.25587463378906,90.94626324069907
785,83.25587463378906,90.4721430964766
786,85.23815155029297,90.37328836995812
787,91.18501281738281,90.66444096467353
788,85.23815155029297,91.25635638235477
789,85.23815155029297,95.70034052271569
790,83.25587463378906,99.96005086895298
791,83.25587463378906,94.36531187298488
792,83.25587463378906,92.67974315007805
793,83.25587463378906,92.48917139083878
794,81.27359008789062,92.2923016664839
795,79.29130554199219,91.62093858515894
796,76.51611328125,91.15570556948848
797,76.51611328125,90.57762234926486
798,83.25587463378906,88.85302956843793
799,79.29130554199219,86.65730234536926
800,77.30904388427734,86.52623469357422
801,78.49839782714844,86.6600081377893
802,78.1019515991211,87.2324231894089
803,81.27359008789062,87.43918305157501
804,81.27359008789062,86.77218189423752
805,78.89485931396484,87.05034202017737
806,79.29130554199219,87.6832408627036
807,78.49839782714844,88.28539630514689
808,78.49839782714844,88.43552113286586
809,79.29130554199219,88.02246792446817
810,79.29130554199219,87.65476006490292
811,79.29130554199219,87.60101742924968
812,81.27359008789062,87.74246506058711
813,81.27359008789062,88.72595062788281
814,81.27359008789062,88.84899420560458
815,78.49839782714844,88.77397844333859
816,78.89485931396484,89.07180221591716
817,75.72319793701172,89.10030633951453
818,75.72319793701172,88.52317947695661
819,76.11966705322266,87.41021241204317
820,76.51611328125,86.25880443412768
821,76.51611328125,85.16885993058133
822,76.11966705322266,84.75736955056419
823,74.93029022216797,84.81535748122133
824,74.93029022216797,84.96580887009446
825,73.74092102050781,84.89608806368489
826,73.74092102050781,84.70166754798606
827,74.53384399414062,83.73418347724339
828,74.13738250732422,83.04255027856482
829,74.53384399414062,82.67320961322889
830,74.13738250732422,82.50687335678634
831,74.13738250732422,82.64311933545423
832,73.74092102050781,82.78347065434565
833,74.53384399414062,82.87077911148549
834,74.13738250732422,82.9931462411023
835,73.74092102050781,82.6597273027221
836,74.13738250732422,82.4057560279856
837,73.74092102050781,82.49355432685667
838,74.13738250732422,82.57694405014678
839,74.53384399414062,82.46113146940957
840,76.91258239746094,82.53554076096077
841,75.72319793701172,83.61048677721328
842,75.32674407958984,83.85927972507693
843,76.51611328125,83.86926316607503
844,76.91258239746094,84.53225228637592
845,75.32674407958984,84.8216087947435
846,76.11966705322266,84.64430941384046
847,75.72319793701172,84.61753139920074
848,74.53384399414062,84.63148022564201
849,75.32674407958984,84.36134417377536
850,74.13738250732422,84.23153611500345
851,74.13738250732422,84.0337566845763
852,73.74092102050781,83.70577265683295
853,74.13738250732422,83.5058472531071
854,73.74092102050781,83.10121465732698
855,74.13738250732422,82.57239551978552
856,74.13738250732422,82.4560231199269
857,74.13738250732422,82.62026005466424
858,74.53384399414062,82.59205916642429
859,74.13738250732422,82.51006899093761
860,75.32674407958984,82.59492823942139
861,74.13738250732422,82.83037883155862
862,73.34447479248047,83.03496939462934
863,72.15509796142578,83.11115144673164
864,72.55155181884766,83.18749677941094
865,72.55155181884766,82.76476336537257
866,71.75865173339844,81.70815142534553
867,71.3621826171875,80.89921279493944
868,73.34447479248047,80.73831144913373
869,73.34447479248047,80.6770812327319
870,73.34447479248047,80.65163278850542
871,72.55155181884766,80.86979896526981
872,72.94801330566406,81.3956090750338
873,73.34447479248047,81.78799562753358
874,73.74092102050781,81.7309174029487
875,74.13738250732422,81.65475867664316
876,73.74092102050781,81.69473909222899
877,73.74092102050781,82.04387961760148
878,73.34447479248047,82.39922480490276
879,73.74092102050781,82.45236096984115
880,74.53384399414062,82.29486519035726
881,74.13738250732422,82.21942956375017
882,74.53384399414062,82.36248667506163
883,74.13738250732422,82.59742409967095
884,74.93029022216797,82.81521706368773
885,74.53384399414062,82.86156542177935
886,75.72319793701172,83.04264358175175
887,74.53384399414062,83.45135819195866
888,75.32674407958984,83.65653189994748
889,77.30904388427734,83.54664407157827
890,75.72319793701172,83.69161389822114
891,74.13738250732422,87.57043730974385
892,75.72319793701172,86.24107682861705
893,76.11966705322266,84.43342088565413
894,75.32674407958984,84.63306637981924
895,76.11966705322266,84.80348465068852
896,75.72319793701172,84.14273480687325
897,76.91258239746094,84.12197484778841
898,77.30904388427734,84.39255408979278
899,76.91258239746094,85.07625651758502
900,76.91258239746094,85.41025860088331
901,76.91258239746094,85.62606887217851
902,83.25587463378906,85.84194912086389
903,79.29130554199219,85.83196567986579
904,79.29130554199219,92.5967966169257
905,81.27359008789062,90.1124593109846
906,81.27359008789062,86.89186655723097
907,101.09642791748047,87.4593831915384
908,109.02554321289062,88.77407174652546
909,103.0787124633789,102.05899936141162
910,97.13187408447268,99.35490972452891
911,103.0787124633789,103.27984823617595
912,105.06099700927734,117.81035007035445
913,109.02554321289062,115.5476544848897
914,107.04327392578125,110.86682020458804
915,105.06099700927734,111.85807326219299
916,107.04327392578125,113.68630255786692
917,109.02554321289062,114.57870088895339
918,107.04327392578125,116.60016108469321
919,109.02554321289062,117.84503553008378
920,103.0787124633789,115.9795549370408
921,101.09642791748047,115.1697999037493
922,95.14957427978516,115.1554545387637
923,91.18501281738281,115.09620701508345
924,87.22045135498047,111.9075472770457
925,97.13187408447268,107.53967521139685
926,93.16728973388672,102.23389618525204
927,95.14957427978516,99.21390528332921
928,95.14957427978516,98.56075964924611
929,93.16728973388672,100.59099034455434
930,99.1141586303711,102.25017759136574
931,89.2027359008789,102.06860958966212
932,91.18501281738281,102.98489353659448
933,85.23815155029297,103.09678738348197
934,83.25587463378906,102.30385024962885
935,76.51611328125,99.59481554384053
936,83.25587463378906,96.38331985080947
937,85.23815155029297,93.01390851395345
938,85.23815155029297,90.64326114124765
939,83.25587463378906,90.01150526276092
940,85.23815155029297,91.07016987289973
941,93.16728973388672,92.77862120239328
942,91.18501281738281,93.36055317907645
943,87.22045135498047,94.89919270841554
944,93.16728973388672,96.61471175431666
945,99.1141586303711,98.01230019086262
946,107.22608947753909,98.92779106070634
947,102.12010955810547,102.11715057264584
948,104.673095703125,106.05482496930446
949,102.12010955810547,109.65800744093357
950,107.22608947753909,111.07922490956147
951,104.673095703125,111.83330126607154
952,104.673095703125,111.91377526477112
953,102.12010955810547,113.15470765051526
954,102.12010955810547,113.19769709387856
955,104.673095703125,112.7175122425077
956,107.22608947753909,111.96849758388683
957,104.673095703125,112.17786993528608
958,109.77912139892578,113.40902881220265
959,107.22608947753909,114.01542954964984
960,109.77912139892578,114.6935571120249
961,104.673095703125,115.59216010504005
962,107.22608947753909,116.17983022771747
963,107.22608947753909,115.65388016317314
964,109.77912139892578,115.03112804222206
965,107.22608947753909,114.69686937515976
966,104.673095703125,115.02039817572879
967,104.673095703125,115.62474624306421
968,104.673095703125,115.7393925339652
969,102.12010955810547,115.25622198061362
970,104.673095703125,114.68998826512603
971,104.673095703125,113.72061480484871
972,100.07769775390625,113.05069792292065
973,99.05649566650393,113.05855871641683
974,100.58830261230472,113.73178786147975
975,100.07769775390625,111.80409736857246
976,99.56708526611331,109.20506712013696
977,102.12010955810547,107.9686832647541
978,100.07769775390625,108.29491785774314
979,101.60948944091797,109.28603096056776
980,109.77912139892578,109.79434672278836
981,107.22608947753909,109.91983950916625
982,104.673095703125,112.61984713162215
983,104.673095703125,113.62497903827818
984,104.673095703125,114.07446714115957
985,104.673095703125,113.63391281842368
986,104.673095703125,113.50198211214982
987,104.673095703125,112.92718782926437
988,112.33209991455078,112.73423683875919
989,109.77912139892578,112.4330074998588
990,107.22608947753909,115.19536497695935
991,112.33209991455078,116.07376783001109
992,109.77912139892578,116.35127483364263
993,109.77912139892578,116.87088028147792
994,112.33209991455078,117.30103129887468
995,109.77912139892578,117.21988085207008
996,109.77912139892578,118.28983514782354
997,109.77912139892578,118.6178891529571
998,109.77912139892578,118.23245368788125
999,109.77912139892578,117.4851884640147
1000,114.88508605957031,117.50874751870646
1001,114.88508605957031,117.60219066038488
1002,114.88508605957031,119.6815921351884
1003,114.88508605957031,120.661695461959
1004,114.88508605957031,121.374881696811
1005,114.88508605957031,121.79752180766249
1006,114.88508605957031,122.9363338553467
1007,119.99110412597656,122.446398820945
1008,117.43810272216797,121.96490772495758
1009,125.09710693359378,122.76722182909398
1010,130.20312499999997,124.07297660393553
1011,137.86212158203125,127.13390427910986
1012,132.75611877441406,131.36205482237887
1013,127.65010070800781,134.89845553798568
1014,127.65010070800781,137.4354624929307
1015,125.09710693359378,139.07603575395592
1016,132.75611877441406,138.913291670209
1017,132.75611877441406,136.85248085539493
1018,125.09710693359378,137.05233628173056
1019,119.99110412597656,137.2205152761143
1020,114.88508605957031,143.0439170573728
1021,119.99110412597656,137.82495664663662
1022,119.99110412597656,128.49519777595248
1023,127.65010070800781,128.71215101128718
1024,125.09710693359378,129.07512373411734
1025,122.54410552978516,132.3527247350657
1026,119.99110412597656,132.90409991803975
1027,122.54410552978516,131.95865872520176
1028,122.54410552978516,130.90776160537223
1029,127.65010070800781,130.53704471802953
1030,122.54410552978516,130.52722455760852
1031,122.54410552978516,132.47889396954858
1032,122.54410552978516,133.22289358187368
1033,125.09710693359378,132.71537089674172
1034,125.09710693359378,131.60762881029453
1035,125.09710693359378,132.08489793707483
1036,122.54410552978516,132.3624282665031
1037,125.09710693359378,132.53807151583868
1038,125.09710693359378,132.4719662079214
1039,125.09710693359378,132.4848886993068
1040,127.65010070800781,134.51432631752638
1041,122.54410552978516,133.94233113024785
1042,125.09710693359378,133.5807812810179
1043,125.09710693359378,132.53849138017972
1044,125.09710693359378,132.96749943353697
1045,125.09710693359378,132.63566664933404
1046,125.09710693359378,132.88366652010907
1047,122.54410552978516,132.76771398459152
1048,125.09710693359378,132.23327333003945
1049,125.09710693359378,131.87062716836343
1050,122.54410552978516,132.02257140822692
1051,117.43810272216797,131.9553931136603
1052,112.33209991455078,131.8437558505368
1053,114.88508605957031,131.32506010877378
1054,114.88508605957031,129.42083536737138
1055,117.43810272216797,125.88716376998133
1056,122.54410552978516,122.93026914819833
1057,125.09710693359378,122.81011796927035
1058,122.54410552978516,124.94067291629071
1059,127.65010070800781,127.79724328636158
1060,127.65010070800781,129.68859218797206
1061,122.54410552978516,131.41059580536256
1062,125.09710693359378,133.131759694071
1063,127.65010070800781,133.72327857320795
1064,127.65010070800781,133.17799142317898
1065,127.65010070800781,132.67723321909713
1066,127.65010070800781,133.25090786373983
1067,125.09710693359378,134.32799985329098
1068,127.65010070800781,135.13628536138881
1069,125.09710693359378,134.84930808428712
1070,127.65010070800781,134.36653406947985
1071,125.09710693359378,133.99462756650422
1072,125.09710693359378,134.6790764197916
1073,125.09710693359378,134.73888376259328
1074,127.65010070800781,134.29476059295854
1075,127.65010070800781,134.52601254168536
1076,130.20312499999997,134.45283951736056
1077,132.75611877441406,134.41981018919864
1078,135.30914306640625,134.97333134547137
1079,127.65010070800781,137.6700966821826
1080,130.20312499999997,139.5362770491273
1081,132.75611877441406,140.03148371358876
1082,130.20312499999997,139.01972728066295
1083,135.30914306640625,138.6127854310071
1084,132.75611877441406,138.4629405128488
1085,132.75611877441406,139.80359067959026
1086,132.75611877441406,140.19420447153897
1087,127.65010070800781,140.34997414206526
1088,122.54410552978516,140.2597966119283
1089,127.65010070800781,139.52470745395195
1090,127.65010070800781,137.33800731421567
1091,127.65010070800781,134.92980540878344
1092,125.09710693359378,133.29051506657805
1093,122.54410552978516,133.82024391019175
1094,125.09710693359378,134.43599829212548
1095,125.09710693359378,133.91727922456573
1096,127.65010070800781,132.92742571476427
1097,125.09710693359378,132.53338303069705
1098,127.65010070800781,133.15368594299204
1099,125.09710693359378,133.81527551548942
1100,127.65010070800781,133.96980891878934
1101,122.54410552978516,133.3165466557226
1102,122.54410552978516,133.52430952714784
1103,125.09710693359378,133.5665058934225
1104,127.65010070800781,133.1732329606472
1105,125.09710693359378,132.32356748916004
1106,125.09710693359378,131.99315757855732
1107,127.65010070800781,132.4377006125331
1108,127.65010070800781,132.8537161971148
1109,127.65010070800781,133.10344217684744
1110,127.65010070800781,133.50168350432506
1111,127.65010070800781,134.3280465048844
1112,127.65010070800781,134.76610496737078
1113,125.09710693359378,134.74200941935436
1114,125.09710693359378,134.7334955035499
1115,125.09710693359378,134.54637596222588
1116,127.65010070800781,133.98000229195796
1117,125.09710693359378,133.01643695506502
1118,127.65010070800781,132.75791714996723
1119,122.54410552978516,133.01837299619314
1120,122.54410552978516,133.72334855059813
1121,125.09710693359378,133.41297549938173
1122,125.09710693359378,132.52729499775194
1123,127.65010070800781,131.76685069873608
1124,125.09710693359378,131.4638952508781
1125,127.65010070800781,132.37903623377093
1126,127.65010070800781,133.01487412668448
1127,127.65010070800781,133.62099495457096
1128,125.09710693359378,133.8897547844308
1129,130.20312499999997,134.373974998635
1130,127.65010070800781,134.48670857420456
1131,125.09710693359378,134.8157655885973
1132,125.09710693359378,135.0250446368096
1133,125.09710693359378,134.91646305305702
1134,125.09710693359378,134.28538362267528
1135,127.65010070800781,133.7968714618738
1136,127.65010070800781,133.32839616045865
1137,125.09710693359378,133.59379707559017
1138,125.09710693359378,134.02532431499367
1139,125.09710693359378,134.06542135956312
1140,130.20312499999997,133.694401236863
1141,130.20312499999997,133.04522098822306
1142,127.65010070800781,134.06028968428373
1143,130.20312499999997,135.26033194836978
1144,132.75611877441406,135.99311185247038
1145,130.20312499999997,136.3029484103621
1146,130.20312499999997,137.31183577029077
1147,130.20312499999997,138.00255926289708
1148,130.20312499999997,138.16355391188966
1149,127.65010070800781,137.6962682261075
1150,127.65010070800781,137.4223300693748
1151,135.30914306640625,137.0623663743221
1152,132.75611877441406,136.47541935134316
1153,132.75611877441406,137.00246572833356
1154,132.75611877441406,138.2102988085256
1155,132.75611877441406,139.41092421752978
1156,135.30914306640625,140.0718839935156
1157,135.30914306640625,140.25186584104196
1158,137.86212158203125,140.69864815150328
1159,140.41510009765625,141.49296150736316
1160,140.41510009765625,142.89836408581183
1161,140.41510009765625,144.31344686990118
1162,137.86212158203125,145.50992028708842
1163,145.52113342285156,146.6371160880038
1164,145.52113342285156,146.91956816054096
1165,153.1801300048828,148.65183512849026
1166,153.1801300048828,150.23052505080534
1167,153.1801300048828,152.61239213173562
1168,153.1801300048828,155.42652121466625
1169,153.1801300048828,158.59663694430802
1170,153.1801300048828,162.50754498922527
1171,153.1801300048828,161.14927218305846
1172,158.28616333007812,159.56983583524817
1173,155.733154296875,158.75520571044126
1174,155.733154296875,161.65036861119285
1175,158.28616333007812,162.7303296737411
1176,163.39215087890625,163.32401785197342
1177,165.94515991210938,164.0721927819122
1178,160.83914184570312,166.0680062641534
1179,149.9515838623047,168.56505612930934
1180,152.62930297851562,170.19058425144726
1181,149.9515838623047,169.42374868412887
1182,163.34014892578125,165.96613084695912
1183,157.98472595214844,161.19548058636974
1184,157.98472595214844,161.04820150585115
1185,155.3070068359375,163.07127118156495
1186,155.3070068359375,165.20979188816673
1187,155.3070068359375,164.80271008373055
1188,155.3070068359375,163.77133665575943
1189,152.62930297851562,162.64984401214318
1190,149.9515838623047,161.9145215961996
1191,152.62930297851562,161.34000722287482
1192,152.62930297851562,160.3689193165382
1193,155.3070068359375,159.53511538682375
1194,157.98472595214844,159.24232998633764
1195,155.3070068359375,159.91936123626667
1196,149.9515838623047,161.1648654781688
1197,152.62930297851562,162.21605417045737
1198,147.27388000488284,162.34003078004818
1199,149.9515838623047,161.3646625900126
1200,144.59622192382812,159.09642712782582
1201,147.27388000488284,157.4846145741619
1202,147.27388000488284,156.07843058152295
1203,149.9515838623047,155.14106011435163
1204,147.27388000488284,154.60006491092
1205,152.62930297851562,154.83259977846666
1206,152.62930297851562,155.44426048307523
1207,152.62930297851562,156.54541303194773
1208,155.3070068359375,157.76101360244903
1209,157.98472595214844,159.00452348873122
1210,157.98472595214844,160.40590236724492
1211,157.98472595214844,161.95321909296555
1212,155.3070068359375,163.56300230231443
1213,149.9515838623047,164.44334119649432
1214,149.9515838623047,164.19933003695917
1215,152.62930297851562,162.95597176835568
1216,160.66241455078125,161.04962437945133
1217,160.66241455078125,159.3683242773451
1218,163.34014892578125,160.21564550626144
1219,166.017822265625,163.22025304524442
1220,166.017822265625,167.07162199402237
1221,166.017822265625,169.78522855596867
1222,160.66241455078125,171.23924209479125
1223,166.017822265625,172.05630976535588
1224,163.34014892578125,171.873027317593
1225,163.34014892578125,171.14437607951265
1226,174.05096435546875,170.3101289596604
1227,174.05096435546875,170.10803425683923
1228,171.37326049804688,171.69829377432967
1229,168.695556640625,174.63736748741513
1230,171.37326049804688,177.54975648904778
1231,166.017822265625,178.36683582251075
1232,157.98472595214844,177.60191297052378
1233,152.62930297851562,175.9223856289686
1234,155.3070068359375,173.1435134877871
1235,149.9515838623047,168.11204583112257
1236,152.62930297851562,163.61226638499662
1237,157.98472595214844,160.70762154787653
1238,157.98472595214844,159.6473008061703
1239,157.98472595214844,159.78488801814984
1240,152.62930297851562,161.12446519824195
1241,160.66241455078125,163.6106918937177
1242,176.72866821289062,163.83390810547294
1243,168.695556640625,163.3554493630597
1244,168.695556640625,165.95412972454434
1245,166.017822265625,170.7854153937191
1246,160.66241455078125,175.40560260253702
1247,168.695556640625,175.7097943176214
1248,171.37326049804688,173.5630279418775
1249,171.37326049804688,172.10936429000577
1250,168.695556640625,172.34373023259533
1251,171.37326049804688,174.53443074646987
1252,168.695556640625,176.29923720084986
1253,166.017822265625,176.60751093036103
1254,166.017822265625,176.17057210611745
1255,166.017822265625,175.71126384281504
1256,163.34014892578125,174.5501756592589
1257,166.017822265625,173.039037244258
1258,160.66241455078125,171.8892504092149
1259,149.9515838623047,171.91119998393268
1260,152.62930297851562,171.18755212924972
1261,147.27388000488284,168.23667556302163
1262,149.9515838623047,163.78308119441022
1263,144.59622192382812,158.58905606037254
1264,144.59622192382812,155.95636668726357
1265,141.91847229003903,154.8239109191868
1266,125.85224151611328,153.92169242767932
1267,115.14140319824219,152.61256707521108
1268,117.81912231445312,148.68675384618686
1269,131.20765686035153,141.6844429726747
1270,131.20765686035153,132.890617607533
1271,133.88533020019528,128.41127155933768
1272,133.88533020019528,130.9994553122963
1273,133.88533020019528,136.83172089631012
1274,139.24075317382812,140.3629666108408
1275,141.91847229003903,141.7790290783926
1276,139.24075317382812,143.53721100650282
1277,133.88533020019528,145.6294416695048
1278,139.24075317382812,147.69393796020137
1279,133.88533020019528,147.463409111173
1280,133.88533020019528,146.16658811647693
1281,136.56306457519528,144.42578390692645
1282,139.24075317382812,143.5246150762716
1283,136.56306457519528,143.41612679570588
1284,144.59622192382812,143.90755468109793
1285,144.59622192382812,145.2862025707036
1286,144.59622192382812,146.8926035395274
1287,144.59622192382812,148.3871573130572
1288,144.59622192382812,150.07692467937443
1289,147.27388000488284,150.93305139655425
1290,147.27388000488284,151.00120937458328
1291,147.27388000488284,151.75578723572295
1292,149.9515838623047,153.1849588010339
1293,144.59622192382812,154.31742623200907
1294,144.59622192382812,155.06673246308898
1295,144.59622192382812,155.03621065807496
1296,147.27388000488284,154.55127900707066
1297,144.59622192382812,153.4195230128956
1298,144.59622192382812,152.7024180441939
1299,144.59622192382812,152.73941275779896
1300,141.91847229003903,152.9001158343325
1301,141.91847229003903,152.53027366436697
1302,141.91847229003903,151.8693605399746
1303,136.56306457519528,150.92768646330762
1304,139.24075317382812,149.68220554720222
1305,136.56306457519528,148.2137999918006
1306,136.56306457519528,147.23355671024964
1307,139.24075317382812,146.08000275903552
1308,133.88533020019528,145.15886704638447
1309,133.88533020019528,145.0452704163361
1310,141.91847229003903,144.96148415450165
1311,141.91847229003903,144.54511868296908
1312,136.56306457519528,144.54581845687082
1313,141.91847229003903,145.65428364301644
1314,141.91847229003903,147.5133729677569
1315,139.24075317382812,148.14256300860393
1316,171.37326049804688,147.6001449315721
1317,155.3070068359375,147.88840512749363
1318,155.3070068359375,154.24178067323146
1319,152.62930297851562,161.05570074949807
1320,152.62930297851562,164.70729591222891
1321,152.62930297851562,164.26830441787357
1322,152.62930297851562,162.52015258235485
1323,155.3070068359375,161.93140947302814
1324,152.62930297851562,160.92834189938222
1325,147.27388000488284,160.42799189674304
1326,147.27388000488284,160.29309881428517
1327,152.62930297851562,159.66863224727487
1328,152.62930297851562,157.86789240304077
1329,152.62930297851562,156.32211517990396
1330,149.9515838623047,156.7523944891827
1331,155.3070068359375,158.1363489975432
1332,152.62930297851562,158.6972877571743
1333,155.3070068359375,159.32489164384407
1334,160.66241455078125,160.04231151080157
1335,163.34014892578125,161.13098475842645
1336,163.34014892578125,163.41427702239892
1337,160.66241455078125,165.53552497652623
1338,160.66241455078125,168.07675390067837
1339,163.34014892578125,168.94526661591894
1340,182.0840606689453,169.30171977856457
1341,208.86114501953125,168.85613874663457
1342,203.50572204589844,174.26111072335038
1343,195.4726409912109,185.01256524149528
1344,192.794921875,194.64845186839193
1345,190.1171875,201.43160521877894
1346,198.15032958984372,203.2150139960467
1347,198.15032958984372,202.10614060845842
1348,195.4726409912109,200.8146495583139
1349,187.43951416015625,201.37056160875088
1350,195.4726409912109,202.48065960066722
1351,203.50572204589844,201.5850073209377
1352,235.63824462890625,200.11363938935207
1353,227.60507202148443,200.48668885636724
1354,224.9274139404297,212.6096535703201
1355,224.9274139404297,222.47251186224463
1356,230.28280639648443,227.11303916580633
1357,235.63824462890625,227.7124888158296
1358,224.9274139404297,232.91409483380275
1359,230.28280639648443,236.3871660113025
1360,230.28280639648443,236.79681365337842
1361,243.6713714599609,236.10000212782703
1362,240.99362182617188,234.8291893964788
1363,238.31594848632807,239.2432348767438
1364,235.63824462890625,243.09693640519419
1365,235.63824462890625,244.30559755116997
1366,230.28280639648443,243.20713913181913
1367,230.28280639648443,244.1440897346494
1368,224.9274139404297,242.48084379920795
1369,214.21658325195312,240.2376485798049
1370,222.24966430664062,237.37214442958856
1371,224.9274139404297,232.95300226273923
1372,222.24966430664062,228.34668224007407
1373,222.24966430664062,226.44480174124246
1374,224.9274139404297,226.7534603463996
1375,222.24966430664062,227.83667535759093
1376,227.60507202148443,228.64898456562378
1377,238.31594848632807,228.94227147073943
1378,238.31594848632807,230.66236237279853
1379,238.31594848632807,235.33328318949225
1380,232.96047973632807,238.2906793159048
1381,230.28280639648443,240.47165297254523
1382,232.96047973632807,241.0366504208064
1383,235.63824462890625,240.37837311144392
1384,232.96047973632807,238.17744423570568
1385,230.28280639648443,238.0405218089328
1386,224.9274139404297,238.76954625976072
1387,230.28280639648443,238.19973203447594
1388,224.9274139404297,236.03923842735966
1389,246.34902954101557,234.73392684265588
1390,243.6713714599609,233.84115529882183
1391,262.4153137207031,238.77398982403676
1392,265.0929870605469,242.8100524312794
1393,259.737548828125,250.17875325684184
1394,259.737548828125,257.3888561590252
1395,259.737548828125,260.23929184455744
1396,265.0929870605469,261.0011356913768
1397,259.737548828125,264.4215722085677
1398,259.737548828125,267.23240652271096
1399,257.0598449707031,267.7498426714509
1400,283.8369445800781,266.9356907254768
1401,289.19244384765625,265.5726011422864
1402,289.19244384765625,272.0573709009734
1403,299.9031677246094,279.85408260208317
1404,294.5477600097656,282.6665030704037
1405,299.9031677246094,290.0133592873336
1406,305.25860595703125,295.5460400011161
1407,294.5477600097656,298.74665420997525
1408,310.614013671875,303.1454504506316
1409,305.25860595703125,303.65607546672794
1410,299.9031677246094,304.63977096619413
1411,299.9031677246094,304.6348900432295
1412,315.9694519042969,303.3111131746937
1413,305.25860595703125,302.20460152402376
1414,310.614013671875,310.37532196553894
1415,310.614013671875,310.23558003308693
1416,305.25860595703125,307.55586293805675
1417,294.5477600097656,309.0757660211769
1418,315.9694519042969,312.27947672955116
1419,305.25860595703125,306.863177162801
1420,310.614013671875,311.0571874868391
1421,321.3248291015625,309.74775306756425
1422,299.9031677246094,306.62087753360055
1423,305.25860595703125,311.54413390353545
1424,305.25860595703125,312.5697633540631
1425,310.614013671875,310.12696637636384
1426,315.9694519042969,307.8613142461643
1427,315.9694519042969,305.8236542845993
1428,310.614013671875,310.0593361444857
1429,305.25860595703125,311.08992524254194
1430,305.25860595703125,311.1931185672512
1431,299.9031677246094,307.6540762051653
1432,294.5477600097656,309.4674761255717
1433,283.8369445800781,307.0456461234031
1434,273.1261291503906,304.06785450347957
1435,265.0929870605469,295.59099464285345
1436,273.322021484375,287.1904188846903
1437,285.0778503417969,280.6283182784124
1438,276.260986328125,277.71791780095054
1439,267.4441223144531,278.4290105455465
1440,273.322021484375,279.8021827043711
1441,267.4441223144531,279.35763383894613
1442,270.3830871582031,277.6242938843475
1443,261.5662536621094,275.5494059512102
1444,270.3830871582031,275.29411676895876
1445,273.322021484375,273.343392051786
1446,282.13885498046875,272.21723424882487
1447,290.9556884765625,273.9259421620824
1448,288.01678466796875,277.5262147405701
1449,288.01678466796875,284.0492971203771
1450,290.9556884765625,289.80270401711454
1451,288.01678466796875,291.7951002701356
1452,288.01678466796875,292.6628432340842
1453,282.13885498046875,292.49654779778604
1454,288.01678466796875,292.56972665356
1455,290.9556884765625,291.20463105185127
1456,305.6504821777344,290.39241514700535
1457,305.6504821777344,291.57705072235484
1458,299.7725524902344,295.31514960223853
1459,293.8946228027344,300.7688754098332
1460,288.01678466796875,303.5092716493176
1461,285.0778503417969,303.10968908852834
1462,293.8946228027344,299.76064991938654
1463,288.01678466796875,295.40589861439526
1464,299.7725524902344,293.8148751770621
1465,293.8946228027344,293.1513670577841
1466,299.7725524902344,295.4204305857546
1467,305.6504821777344,298.0886976303177
1468,299.7725524902344,299.7522905369854
1469,305.6504821777344,303.25945819784727
1470,299.7725524902344,305.50381095991276
1471,299.7725524902344,306.5930615210066
1472,299.7725524902344,305.78311988134124
1473,305.6504821777344,303.6830342562923
1474,299.7725524902344,302.0374984320139
1475,305.6504821777344,302.18424101920783
1476,311.52838134765625,303.4439506713152
1477,311.52838134765625,306.03779967715326
1478,293.8946228027344,308.89807010172956
1479,299.7725524902344,309.9710071837392
1480,305.6504821777344,308.9256586878055
1481,311.52838134765625,306.84769174950054
1482,311.52838134765625,306.4964548181474
1483,311.52838134765625,306.8334221933543
1484,317.40625,309.88384451282883
1485,311.52838134765625,312.552196113405
1486,305.6504821777344,315.60322198786974
1487,311.52838134765625,316.1078522742079
1488,299.7725524902344,313.6075542918581
1489,305.6504821777344,312.344666499947
1490,299.7725524902344,309.8444151691906
1491,299.7725524902344,307.82309492823117
1492,293.8946228027344,306.4015567298983
1493,293.8946228027344,304.2564843901415
1494,293.8946228027344,302.44206979757763
1495,299.7725524902344,300.9430316396276
1496,299.7725524902344,301.29818147338125
1497,299.7725524902344,301.3065496029562
1498,293.8946228027344,301.8305636263724
1499,293.8946228027344,302.13943507942463
1500,299.7725524902344,301.02201570306136
1501,293.8946228027344,299.9820817076924
1502,293.8946228027344,300.2158324323933
1503,299.7725524902344,300.6018189694168
1504,293.8946228027344,299.42757795223264
1505,293.8946228027344,299.1078541722543
1506,317.40625,299.557368516657
1507,311.52838134765625,300.3111008176654
1508,305.6504821777344,304.38572971406745
1509,305.6504821777344,309.574728138911
1510,329.1619873046875,310.91647461809845
1511,340.9178161621094,310.7961980630131
1512,340.9178161621094,315.3231199893526
1513,340.9178161621094,325.75689902404406
1514,329.1619873046875,335.5565881427141
1515,340.9178161621094,337.0311480637952
1516,352.67364501953125,332.98434757181667
1517,352.67364501953125,339.9624841727484
1518,376.1852111816406,343.8954897654064
1519,376.1852111816406,350.51604846293174
1520,387.9409790039063,374.6319467791344
1521,382.06298828125,375.7706684393563
1522,376.1852111816406,383.4251044433449
1523,376.1852111816406,380.30030490528964
1524,370.3073120117188,379.53951946649664
1525,364.4294128417969,376.4395414918809
1526,382.06298828125,371.6678751012717
1527,382.06298828125,369.2345323605573
1528,387.9409790039063,377.3574524131348
1529,387.9409790039063,382.2375764692015
1530,382.06298828125,383.3233864752784
1531,387.9409790039063,397.7970958258819
1532,382.06298828125,389.5956932145002
1533,376.1852111816406,388.66296166515247
1534,376.1852111816406,383.60389959096284
1535,376.1852111816406,378.846063939949
1536,405.57464599609375,377.76937140466674
1537,423.2083129882813,376.82937386963937
1538,423.2083129882813,401.4375179319817
1539,417.3304443359375,424.016049432629
1540,423.2083129882813,421.41637772478356
1541,440.8419799804688,418.3346959219736
1542,464.3536071777344,421.52553079055593
1543,458.4756774902344,439.47081263621965
1544,470.2314758300781,455.65133467909675
1545,481.98724365234375,452.01358337672195
1546,476.1093444824219,467.24011532226154
1547,476.1093444824219,475.39379918499407
1548,470.2314758300781,472.1306368522182
1549,470.2314758300781,469.91482611816974
1550,458.4756774902344,466.11052862718185
1551,470.2314758300781,467.5121874152563
1552,470.2314758300781,457.81581699745294
1553,517.254638671875,468.10098883907483
1554,517.254638671875,467.5481674567038
1555,511.3766784667969,505.46051790492515
1556,529.0103149414062,503.0329322624148
1557,529.0103149414062,501.86839186094346
1558,529.0103149414062,527.0243539222594
1559,540.7661743164062,520.5401906342872
1560,564.2777099609375,522.1198252513697
1561,576.0335693359375,530.5975044306057
1562,576.0335693359375,555.1804216437904
1563,552.52197265625,563.0547441020518
1564,552.52197265625,564.2146893215685
1565,558.3999633789062,545.3355358782421
1566,546.64404296875,547.5661818190074
1567,552.52197265625,551.9458334120021
1568,558.3999633789062,533.4700179827378
1569,546.64404296875,546.894258918561
1570,540.7661743164062,552.7625162069207
1571,523.1325073242188,536.5520205152527
1572,523.1325073242188,531.0174504119354
1573,517.254638671875,521.303562320792
1574,523.1325073242188,517.8817145928992
1575,529.0103149414062,513.8347355127896
1576,511.3766784667969,522.5274668749273
1577,487.8652038574219,515.8735501012925
1578,505.4988403320313,512.788503552305
1579,499.6210021972656,493.3282112093841
1580,505.4988403320313,500.8235594482623
1581,505.4988403320313,494.7147898698761
1582,511.3766784667969,496.8054577044976
1583,540.7661743164062,507.6412699664967
1584,558.3999633789062,505.4116270349906
1585,558.3999633789062,535.02672334164
1586,570.1557006835938,547.5143518986855
1587,576.0335693359375,548.984296956671
1588,558.3999633789062,561.762821524668
1589,564.2777099609375,561.058942282709
1590,564.2777099609375,552.0506128908886
1591,576.0335693359375,547.8844623153134
1592,599.5451049804688,559.1027476662043
1593,605.4229736328125,566.4398303743068
1594,605.4229736328125,584.804533370874
1595,599.5451049804688,590.1599730182452
1596,599.5451049804688,588.825317581262
1597,587.7892456054688,587.9028056466042
1598,587.7892456054688,590.4957711878913
1599,581.911376953125,580.6195355515453
1600,581.911376953125,578.2881688205235
1601,587.7892456054688,572.2390899559554
1602,587.7892456054688,577.477317474786
1603,587.7892456054688,582.1616039730029
1604,593.6672973632812,578.0430613485423
1605,605.4229736328125,579.8066781872894
1606,599.5451049804688,584.2381130490126
1607,593.6672973632812,601.3662222580263
1608,623.0567626953125,586.642909388123
1609,628.9345703125,584.0077941321547
1610,658.323974609375,617.7015809395607
1611,658.323974609375,604.7156433870894
1612,658.323974609375,650.1791607057507
1613,640.6904296875,629.8839447948726
1614,646.5681762695312,641.1315040206529
1615,640.6904296875,623.6535778381615
1616,652.4461669921875,635.8368980511391
1617,652.4461669921875,632.9040289999823
1618,628.9345703125,643.9589171448181
1619,605.4229736328125,637.1365881188323
1620,623.0567626953125,610.3132281302579
1621,634.8125,603.5324656740352
1622,640.6904296875,619.4745514227943
1623,623.0567626953125,620.8472512342353
1624,617.1788330078125,629.2787569988551
1625,599.5451049804688,608.3626317049672
1626,623.0567626953125,612.9551311930732
1627,617.1788330078125,591.844865293047
1628,634.8125,618.2144452321427
1629,652.4461669921875,604.0790823944774
1630,628.9345703125,624.3939386261976
1631,617.1788330078125,630.2173870590495
1632,599.5451049804688,610.9444241896233
1633,605.4229736328125,612.3400765850411
1634,617.1788330078125,584.6234785366983
1635,605.4229736328125,604.2429227906705
1636,587.7892456054688,612.404432458204
1637,605.4229736328125,590.6651631237047
1638,593.6672973632812,578.6059594750983
1639,581.911376953125,592.6972598827509
1640,587.7892456054688,592.0260134304096
1641,576.0335693359375,570.5902593628897
1642,576.0335693359375,580.3783001618203
1643,564.2777099609375,568.5534274671083
1644,593.6672973632812,573.1899427336334
1645,593.6672973632812,559.3366121041644
1646,593.6672973632812,587.6325296399573
1647,605.4229736328125,582.7010829996474
1648,599.5451049804688,582.1912743864365
1649,617.1788330078125,592.3035670856345
1650,628.9345703125,589.8733689538911
1651,605.4229736328125,607.0273231456756
1652,599.5451049804688,607.5071814358923
1653,611.3009643554688,592.0107117077583
1654,623.0567626953125,591.4273102058814
1655,640.6904296875,601.5212688288542
1656,634.8125,619.2965522679896
1657,628.9345703125,636.5843265555827
1658,664.2020874023438,627.3500634966887
1659,628.9345703125,621.777390704422
1660,617.1788330078125,666.6226344551033
1661,623.0567626953125,624.2880861606618
1662,646.5681762695312,614.0409470305992
1663,652.4461669921875,617.0866196347157
1664,664.2020874023438,646.1795096671951
1665,646.5681762695312,647.3986557587984
1666,646.5681762695312,650.9988058768533
1667,664.2020874023438,637.5700280735672
1668,687.7135620117188,641.0004363688578
1669,699.4694213867188,662.8121323021867
1670,699.4694213867188,670.4861094923813
1671,723.1713256835938,697.3036846833679
1672,735.2241821289062,680.529007946324
1673,717.1449584960938,722.7393230474108
1674,753.3034057617188,724.2518610102152
1675,789.4619140625,697.9549642537131
1676,819.593994140625,760.6390775654008
1677,867.8054809570312,777.0066025206183
1678,952.175537109375,802.4354530778144
1679,964.2283325195312,849.9771589298496
1680,891.9112548828125,941.1555523526754
1681,831.6469116210938,862.534228383744
1682,813.5676879882812,791.54911714011
1683,741.2506103515625,737.3052567668137
1684,723.1713256835938,761.5567610601366
1685,693.0390014648438,718.6529000450399
1686,753.3034057617188,693.6693156215181
1687,723.1713256835938,673.2698567250782
1688,759.3298950195312,750.8629562485964
1689,765.3562622070312,705.5032387253592
1690,771.3827514648438,765.904269705245
1691,747.2769775390625,734.7127344156644
1692,735.2241821289062,734.4961310672805
1693,723.1713256835938,711.582571148279
1694,674.9597778320312,691.2782348508817
1695,674.9597778320312,700.7078981089369
1696,699.0655517578125,667.1084408234847
1697,699.0655517578125,657.3067311076735
1698,711.1183471679688,694.6266996222791
1699,717.1449584960938,681.0992070472547
1700,717.1449584960938,689.4802591135594
1701,656.8805541992188,703.8330650282905
1702,638.80126953125,701.609556781323
1703,644.8276977539062,645.4850773729095
1704,632.77490234375,624.8361957320944
1705,578.5369873046875,621.9987525153376
1706,632.77490234375,614.4806616246531
1707,620.721923828125,572.0012134809588
1708,638.80126953125,630.928334017416
1709,656.8805541992188,603.7807921059643
1710,735.2241821289062,623.0519355632462
1711,723.1713256835938,647.2875783147963
1712,735.2241821289062,722.5200139066069
1713,699.0655517578125,691.4170933187827
1714,680.9863891601562,708.9068923318068
1715,699.0655517578125,665.213476423382
1716,687.0126953125,651.3047703524888
1717,668.9334106445312,690.4336544030805
1718,644.8276977539062,662.5208630784878
1719,626.7484741210938,645.0581919670542
1720,614.695556640625,630.460605141496
1721,602.642578125,608.9040234469431
1722,602.642578125,610.2370694039523
1723,608.669189453125,586.6250651536287
1724,602.642578125,592.7168535519995
1725,608.669189453125,598.2720319967228
1726,596.6162109375,590.3151828696501
1727,608.669189453125,600.2113853879923
1728,596.6162109375,586.9857752741766
1729,548.40478515625,599.6876745999336
1730,506.2198486328125,587.7961367781829
1731,506.2198486328125,553.8656164598198
1732,482.1141662597656,500.89227724541274
1733,470.061279296875,500.54017434385617
1734,470.061279296875,478.51182841055
1735,421.849853515625,466.74349744709826
1736,421.849853515625,462.89054234414306
1737,421.849853515625,442.51468915398834
1738,439.92919921875,416.37637282651787
1739,439.92919921875,421.07063110283445
1740,409.7969970703125,434.9636855641254
1741,403.7706909179688,443.33944267457366
1742,355.5591735839844,430.2548778221019
1743,331.4534606933594,405.6673654269624
1744,367.6120910644531,386.5620800472903
1745,415.8234558105469,346.9772063746787
1746,415.8234558105469,357.3725592572239
1747,439.92919921875,404.554205924226
1748,464.0348205566406,424.66191741813407
1749,506.2198486328125,440.16130287085866
1750,458.0084838867188,470.2531901254555
1751,445.9556274414063,498.6848171465916
1752,500.1935119628906,483.4628687201084
1753,500.1935119628906,446.2508753185406
1754,482.1141662597656,499.1275057797278
1755,458.0084838867188,488.81788850313865
1756,458.0084838867188,481.3177584759319
1757,488.14056396484375,464.67751996830975
1758,482.1141662597656,451.0685503853266
1759,470.061279296875,484.38174183047715
1760,470.061279296875,482.76473928704206
1761,470.061279296875,468.44775013318144
1762,470.061279296875,470.78235914994787
1763,476.0877685546875,471.8441610797461
1764,433.9027404785156,466.32367975765044
1765,433.9027404785156,470.41614414137297
1766,445.9556274414063,453.3717745426002
1767,451.9819946289063,438.00163732952615
1768,445.9556274414063,439.65490565541864
1769,439.92919921875,450.34991757693945
1770,439.92919921875,445.7277943269934
1771,458.0084838867188,438.72915143501615
1772,476.0877685546875,436.08395943486283
1773,464.0348205566406,449.20334970184433
1774,470.061279296875,470.1209445209259
1775,482.1141662597656,461.00545641895314
1776,488.14056396484375,469.27720380180676
1777,500.1935119628906,476.24450265443545
1778,476.0877685546875,480.9026525974225
1779,470.061279296875,499.1853887442997
1780,445.9556274414063,482.5460249540547
1781,433.9027404785156,467.8082617530805
1782,433.9027404785156,450.92630967690053
1783,427.8763427734375,434.53521400409284
1784,415.8234558105469,429.29243795490095
1785,397.74420166015625,426.9067862634521
1786,391.7176818847656,420.9477158169947
1787,373.6384887695313,408.80610796000974
1788,367.6120910644531,392.9623841803132
1789,367.6120910644531,381.698566874216
1790,349.53277587890625,371.1698810041017
1791,349.53277587890625,378.3121656101708
1792,343.50634765625,367.7178701053196
1793,349.53277587890625,345.9871779214018
1794,337.4798889160156,340.49967508452056
1795,343.50634765625,347.7455398955055
1796,355.5591735839844,345.00005863233514
1797,343.50634765625,342.16992604829085
1798,343.50634765625,347.2137022540816
1799,349.53277587890625,347.94992125533685
1800,349.53277587890625,348.70867006050327
1801,367.6120910644531,350.0925462087654
1802,373.6384887695313,350.8981651044924
1803,367.6120910644531,366.4145674548587
1804,367.6120910644531,377.25821281097035
1805,373.6384887695313,374.7637229520049
1806,367.6120910644531,369.6843222409338
1807,361.5856628417969,371.9791738950456
1808,355.5591735839844,373.0362610981809
1809,349.53277587890625,367.6873424688564
1810,331.4534606933594,362.63034910126373
1811,331.4534606933594,358.9504152823061
1812,331.4534606933594,351.2654028034674
1813,331.4534606933594,339.99488880691683
1814,331.4534606933594,333.50930191641334
1815,331.4534606933594,332.1632722378023
1816,337.4798889160156,336.0389729082885
1817,331.4534606933594,336.0705604106403
1818,331.4534606933594,336.6126111063738
1819,301.3212890625,336.60844380700274
1820,331.4534606933594,336.9102089102966
1821,325.42706298828125,330.1345752136287
1822,316.387451171875,327.59827240617227
1823,298.30810546875,326.6758450275276
1824,316.387451171875,323.28304812159297
1825,325.42706298828125,319.4548008688182
1826,337.4798889160156,316.6456460120391
1827,367.6120910644531,317.4885965697942
1828,376.6517028808594,322.6973111243191
1829,385.6913757324219,346.9758578520556
1830,409.7969970703125,370.76377013595413
1831,406.7838439941406,385.2317457141503
1832,418.836669921875,404.17027497303883
1833,412.810302734375,409.0724768957053
1834,412.810302734375,415.57846729796245
1835,406.7838439941406,411.6211759062585
1836,406.7838439941406,409.5924089046947
1837,403.7706909179688,406.96703216885885
1838,406.7838439941406,402.7383801209603
1839,406.7838439941406,402.4728217567009
1840,409.7969970703125,406.9585474103003
1841,406.7838439941406,409.05092385953185
1842,430.88958740234375,409.4166781836214
1843,436.9158935546875,404.67737779382975
1844,433.9027404785156,427.7168270377535
1845,427.8763427734375,438.0816798009863
1846,424.8630981445313,434.84557539241086
1847,427.8763427734375,427.03057043521994
1848,430.88958740234375,423.6395244219019
1849,436.9158935546875,424.71345576599686
1850,491.1538696289063,428.2996862148565
1851,491.1538696289063,436.17808485609544
1852,488.14056396484375,487.58402383380206
1853,476.0877685546875,486.92376383171796
1854,470.061279296875,484.73848656558187
1855,464.0348205566406,473.6740931585809
1856,464.0348205566406,474.6511991204724
1857,454.9952087402344,463.5076612851852
1858,458.0084838867188,463.76990155486055
1859,461.0216064453125,456.0733216676399
1860,448.9688720703125,456.5875505193302
1861,464.0348205566406,458.03415811769275
1862,467.048095703125,445.754245780479
1863,494.1669616699219,459.0930793115955
1864,491.1538696289063,465.00204011523954
1865,488.14056396484375,490.7659424165864
1866,512.2462768554688,490.3289336149527
1867,512.2462768554688,486.98697674084144
1868,548.40478515625,512.7542612827134
1869,578.5369873046875,508.65081044873364
1870,599.62939453125,544.2226387907189
1871,587.5765991210938,569.0205265465167
1872,584.5634155273438,593.8238492129515
1873,572.5106811523438,572.0588748504617
1874,590.5899047851562,582.0458147180624
1875,602.642578125,556.9066938819816
1876,614.695556640625,589.9314501877352
1877,590.5899047851562,599.6263744061416
1878,542.3783569335938,605.215748468863
1879,506.2198486328125,578.8623566326942
1880,524.2991333007812,533.2094921591216
1881,536.35205078125,497.21911738361007
1882,545.3916625976562,542.9954219734487
1883,539.3651733398438,556.9387668524778
1884,548.40478515625,548.5573882250189
1885,548.40478515625,550.0810759186576
1886,548.40478515625,542.8815104451446
1887,482.1141662597656,546.914412406931
1888,479.1008911132813,539.0833826273904
1889,497.1802062988281,506.8944479327679
1890,515.259521484375,477.0866688822756
1891,527.3123779296875,511.239693975594
1892,545.3916625976562,517.2744857896683
1893,527.3123779296875,523.2492603287706
1894,527.3123779296875,539.9635932296883
1895,527.3123779296875,523.4801857163433
1896,539.3651733398438,519.6668844678197
1897,551.4180908203125,521.5931287613301
1898,524.2991333007812,535.3251652478318
1899,542.3783569335938,549.8883115345262
1900,557.4444580078125,526.054980461982
1901,554.4313354492188,537.9433809640732
1902,548.40478515625,553.311838719783
1903,548.40478515625,548.9086047462999
1904,557.4444580078125,540.2525065479181
1905,551.4180908203125,540.080420482583
1906,548.40478515625,552.5704049450977
1907,545.3916625976562,543.254501597668
1908,545.3916625976562,541.2552125717148
1909,551.4180908203125,539.9076579691429
1910,551.4180908203125,537.1325179554373
1911,542.3783569335938,546.7573364917881
1912,520.4325561523438,543.6519498480569
1913,520.4325561523438,540.0916518537058
1914,536.1080932617188,521.4276322335697
1915,532.9730224609375,515.9814319111433
1916,520.4325561523438,535.6046666070832
1917,526.7026977539062,522.7345299724508
1918,523.567626953125,516.0680639201781
1919,517.29736328125,520.967507567382
1920,520.4325561523438,518.4681950999437
1921,507.8919372558594,511.6482103165288
1922,504.75677490234375,513.8111764580979
1923,501.6216735839844,505.3911936370599
1924,485.9459533691406,499.7315389488075
1925,492.2162170410156,497.6178252270222
1926,504.75677490234375,485.3068895801648
1927,504.75677490234375,488.28883610763
1928,498.4865417480469,497.2418017209247
1929,498.4865417480469,496.6252892505974
1930,498.4865417480469,492.6330441525018
1931,492.2162170410156,492.45801903677943
1932,485.9459533691406,492.14593153950375
1933,482.8108215332031,487.554563352539
1934,460.8648986816406,482.312557054639
1935,470.2703247070313,477.20486069427875
1936,464.0000915527344,464.95408227717394
1937,464.0000915527344,463.2868826191876
1938,448.3244018554688,458.94959067304467
1939,451.4595336914063,459.6893566532642
1940,448.3244018554688,449.7538035158477
1941,451.4595336914063,450.2972479279355
1942,454.5945739746094,445.8076618549781
1943,467.13519287109375,448.1506914843621
1944,498.4865417480469,451.6653059058282
1945,498.4865417480469,459.5352664401021
1946,498.4865417480469,489.582274861801
1947,517.29736328125,487.75182961543817
1948,495.3513793945313,489.54019512451
1949,492.2162170410156,516.6726219196842
1950,520.4325561523438,499.22743349289567
1951,539.2432861328125,491.38194171938574
1952,523.567626953125,511.36998021319874
1953,529.837890625,529.8385646454785
1954,551.7838134765625,516.4944944729973
1955,523.567626953125,526.8628227799421
1956,507.8919372558594,543.3161283526141
1957,498.4865417480469,519.065871989416
1958,501.6216735839844,513.8438792251056
1959,492.2162170410156,504.44330323556585
1960,507.8919372558594,501.3982254392658
1961,501.6216735839844,488.4298872004231
1962,504.75677490234375,504.1108173290546
1963,498.4865417480469,494.3707343681896
1964,507.8919372558594,499.20743162220435
1965,511.027099609375,492.56454795042026
1966,514.1622314453125,501.7862617306764
1967,507.8919372558594,509.492498497741
1968,507.8919372558594,507.96192969406854
1969,514.1622314453125,505.9527621932026
1970,520.4325561523438,504.4896632565558
1971,517.29736328125,507.0139110006925
1972,520.4325561523438,517.3693634678453
1973,514.1622314453125,510.2249518406875
1974,517.29736328125,513.6951072935966
1975,495.3513793945313,509.90219279141036
1976,498.4865417480469,510.7810621603966
1977,501.6216735839844,496.9121382358171
1978,498.4865417480469,495.25516693969456
1979,492.2162170410156,496.07286440677075
1980,498.4865417480469,491.2426983758388
1981,514.1622314453125,487.7215294054931
1982,523.567626953125,492.4290017456541
1983,554.9189453125,506.6304582283382
1984,583.1351318359375,516.2845506395784
1985,567.4595336914062,542.2696514712638
1986,570.5946655273438,566.266986220578
1987,598.8108520507812,571.7144228102309
1988,589.4054565429688,567.0643319300121
1989,580.0000610351562,589.4667769911861
1990,589.4054565429688,573.1351737629243
1991,617.6217041015625,571.760397955575
1992,623.8919677734375,583.022279220544
1993,595.6757202148438,606.3381391556532
1994,583.1351318359375,604.8031851021965
1995,583.1351318359375,586.9857519483799
1996,611.3514404296875,573.3353324246174
1997,611.3514404296875,579.0896431959778
1998,595.6757202148438,605.340308223372
1999,595.6757202148438,594.9894859268688
2000,598.8108520507812,581.006930383546
2001,614.486572265625,587.7606349155683
2002,589.4054565429688,588.4747775080859
2003,595.6757202148438,605.4564473652633
2004,586.2703247070312,575.3528972123041
2005,589.4054565429688,588.1344308080786
2006,564.3244018554688,577.4629954355971
2007,564.3244018554688,583.023795397331
2008,542.3783569335938,559.6559655871197
2009,532.9730224609375,566.2464128678671
2010,554.9189453125,540.4897182377081
2011,573.7297973632812,529.2553147612805
2012,573.7297973632812,550.1309931236481
2013,589.4054565429688,562.4849648654622
2014,586.2703247070312,548.2108135372861
2015,586.2703247070312,590.3932776370838
2016,586.2703247070312,572.5956947362797
2017,589.4054565429688,575.8648051472203
2018,586.2703247070312,582.0720562393774
2019,586.2703247070312,583.7668619777871
2020,580.0000610351562,579.6900025520733
2021,580.0000610351562,581.7915635337652
2022,567.4595336914062,576.4275633189959
2023,570.5946655273438,576.3709749361423
2024,576.8649291992188,560.9465585940902
2025,598.8108520507812,568.6486433693378
2026,598.8108520507812,569.3927129590531
2027,614.486572265625,591.4696232011397
2028,601.9459838867188,583.7756091515589
2029,608.21630859375,607.1695172025084
2030,601.9459838867188,587.8527251610367
2031,598.8108520507812,604.1878272588071
2032,605.0811767578125,595.4442923114035
2033,601.9459838867188,592.4101659766657
2034,605.0811767578125,601.2706797946428
2035,627.027099609375,596.0565011722351
2036,620.7567749023438,599.6775978557486
2037,614.486572265625,621.2554993285078
2038,620.7567749023438,607.7095327224774
2039,620.7567749023438,604.9832835787065
2040,614.486572265625,611.4802643919788
2041,620.7567749023438,616.9525429551431
2042,611.3514404296875,606.2201572758206
2043,620.7567749023438,617.7737509546264
2044,664.6486206054688,605.8553651408458
2045,689.729736328125,617.1927986614057
2046,708.5406494140625,665.9290185637032
2047,696.0000610351562,674.0935139332175
2048,705.4054565429688,690.6909845925453
2049,667.7838745117188,668.5609381855202
2050,680.3244018554688,690.6643698584826
2051,692.8648681640625,650.8303702987057
2052,699.1351928710938,672.6577644932302
2053,689.729736328125,685.4033530362522
2054,680.3244018554688,685.65788413011
2055,645.8378295898438,674.2692971373334
2056,652.108154296875,669.5860602999692
2057,670.9188842773438,629.4286252428101
2058,677.1892700195312,657.5794563229765
2059,664.6486206054688,667.6860108761805
2060,667.7838745117188,661.6978123410632
2061,667.7838745117188,644.4872930922218
2062,708.5406494140625,661.6250358552827
2063,702.2703857421875,657.931815808297
2064,689.729736328125,701.6347719675822
2065,680.3244018554688,677.4226182933336
2066,680.3244018554688,669.9414987904573
2067,724.2162475585938,654.8256127616804
2068,739.8919067382812,669.6495297928566
2069,724.2162475585938,729.1990758891106
2070,717.946044921875,710.8394812420263
2071,714.8109130859375,688.9404068741673
2072,689.729736328125,691.2177277341783
2073,689.729736328125,701.2883139088331
2074,686.5946655273438,668.1134327753605
2075,699.1351928710938,677.1928825213938
2076,705.4054565429688,671.5170397302146
2077,708.5406494140625,690.2091202838103
2078,727.3515014648438,689.1009116814287
2079,696.0000610351562,692.7374966939673
2080,674.0541381835938,715.8508887135076
2081,692.8648681640625,671.0698842070057
2082,696.0000610351562,653.4076375787972
2083,696.0000610351562,697.5741472963887
2084,696.0000610351562,678.4343047488692
2085,692.8648681640625,680.517485002742
2086,702.2703857421875,693.8851725444067
2087,674.0541381835938,675.7245236175856
2088,677.1892700195312,699.2193857167588
2089,686.5946655273438,655.7326830189065
2090,680.3244018554688,669.3213358329426
2091,680.3244018554688,677.635956030176
2092,702.2703857421875,664.1617395748704
2093,692.8648681640625,671.4253226974938
2094,686.5946655273438,699.087105123534
2095,677.1892700195312,674.0689052176731
2096,670.9188842773438,674.0700481817127
2097,680.3244018554688,666.3296157966499
2098,692.8648681640625,663.214642250465
2099,680.3244018554688,679.5972356703666
2100,683.45947265625,686.2710260228107
2101,686.5946655273438,668.4452655595634
2102,686.5946655273438,674.6989816387957
2103,686.5946655273438,676.7433710927157
2104,680.3244018554688,676.4158769067035
2105,677.1892700195312,679.5138692728731
2106,674.0541381835938,671.0485644287994
2107,655.2433471679688,672.7596515733229
2108,630.1622924804688,667.2242534042219
2109,630.1622924804688,644.3857792248766
2110,623.8919677734375,620.6885425133216
2111,614.486572265625,631.6644495104482
2112,620.7567749023438,604.892382948871
2113,620.7567749023438,610.1641762891883
2114,611.3514404296875,615.9259979670941
2115,601.9459838867188,613.9244813275536
2116,598.8108520507812,601.1886896191561
2117,630.1622924804688,596.688070444348
2118,627.027099609375,591.8962986748246
2119,642.7027587890625,630.7796087375004
2120,639.5675659179688,611.3195496525468
2121,633.29736328125,637.4533990899446
2122,633.29736328125,622.8110967120656
2123,642.7027587890625,622.8649559767025
2124,630.1622924804688,627.7808909621904
2125,630.1622924804688,639.9112616166033
2126,620.7567749023438,621.2331765410423
2127,617.6217041015625,624.5401913716603
2128,633.29736328125,610.2936811126028
2129,645.8378295898438,613.637597353639
2130,633.29736328125,628.0964423402797
2131,630.1622924804688,641.4478484758307
2132,623.8919677734375,622.4324257280398
2133,620.7567749023438,624.6375299213917
2134,601.9459838867188,616.4881729939516
2135,595.6757202148438,617.7020008039018
2136,608.21630859375,594.6601956545089
2137,614.486572265625,586.7318273252368
2138,601.9459838867188,608.4043382295106
2139,601.9459838867188,606.811046358446
2140,605.0811767578125,591.729799137805
2141,605.0811767578125,596.7323428065312
2142,611.3514404296875,598.4073915951152
2143,576.8649291992188,599.7931538527218
2144,586.2703247070312,606.6847371691827
2145,586.2703247070312,570.4191879697121
2146,592.5405883789062,579.8142357454282
2147,573.7297973632812,571.5833318326391
2148,558.0541381835938,580.9273894167154
2149,558.0541381835938,565.8313069893576
2150,570.5946655273438,548.0881664981085
2151,570.5946655273438,552.3631319154036
2152,580.3206787109375,569.5798791519707
2153,577.0786743164062,559.4861771127619
2154,577.0786743164062,573.2781608968455
2155,577.0786743164062,565.6991896767099
2156,573.8367309570312,570.121154264963
2157,577.0786743164062,572.8743447039508
2158,596.53076171875,565.6873868235674
2159,593.2887573242188,569.6352545933946
2160,606.2567749023438,595.0339915470192
2161,596.53076171875,585.6493704024391
2162,603.0147705078125,601.7779458960107
2163,593.2887573242188,585.0037356749012
2164,612.7408447265625,599.2452775392564
2165,625.7088623046875,582.8018504414973
2166,590.0467529296875,613.2980670565169
2167,580.3206787109375,615.9684509171327
2168,599.772705078125,582.8969497147432
2169,603.0147705078125,574.5612663230677
2170,593.2887573242188,596.1164018182236
2171,577.0786743164062,595.0227951645916
2172,570.5946655273438,585.2543247091127
2173,560.8685913085938,565.1973818117755
2174,560.8685913085938,570.0719834854676
2175,544.6585693359375,553.0297831857903
2176,541.4165649414062,556.2779470312723
2177,567.3526000976562,536.2809980831105
2178,557.6266479492188,538.5554148814293
2179,554.384521484375,561.7112248623133
2180,557.6266479492188,547.844621854508
2181,557.6266479492188,546.784021203241
2182,560.8685913085938,549.7762310812649
2183,554.384521484375,549.3612884833326
2184,551.1425170898438,553.1765957503744
2185,538.1744995117188,546.4125812161999
2186,534.9325561523438,545.1566270173652
2187,538.1744995117188,531.4479279904864
2188,564.110595703125,526.8958287823073
2189,577.0786743164062,533.7542311529276
2190,564.110595703125,559.6351589764414
2191,577.0786743164062,569.9321220083075
2192,557.6266479492188,554.6963647101634
2193,551.1425170898438,568.1604810954873
2194,544.6585693359375,551.5518140537316
2195,560.8685913085938,537.827568383336
2196,564.110595703125,541.6990558317888
2197,551.1425170898438,552.54710247417
2198,560.8685913085938,558.8306289216162
2199,557.6266479492188,542.752775373022
2200,560.8685913085938,550.2241563557658
2201,554.384521484375,551.4536591011149
2202,544.6585693359375,551.0023982376824
2203,525.2064819335938,548.1163907121452
2204,528.4484252929688,537.8908162811545
2205,531.6904907226562,520.5873670581625
2206,538.1744995117188,520.050430543361
2207,525.2064819335938,527.4652348061494
2208,538.1744995117188,532.6920560103817
2209,528.4484252929688,518.980009731673
2210,531.6904907226562,529.2401996450029
2211,528.4484252929688,521.8302937995267
2212,521.9644165039062,524.2769949324527
2213,489.5442504882813,521.835973631029
2214,518.722412109375,517.4204003110785
2215,518.722412109375,494.02902310907376
2216,505.7543640136719,512.5766819922496
2217,508.9963073730469,509.4240022956594
2218,499.270263671875,497.38428735021637
2219,453.8821105957031,501.76764774489027
2220,398.7678527832031,492.5793598313403
2221,418.219970703125,470.06621053891183
2222,392.2838134765625,430.76289618041426
2223,418.219970703125,405.5777768731927
2224,414.97796630859375,400.1383293689181
2225,421.46197509765625,412.8322629350936
2226,405.25189208984375,417.30398727920914
2227,411.7359619140625,416.88655465247643
2228,447.3980712890625,407.7825836626364
2229,437.6719970703125,406.5516055606445
2230,408.4939575195313,436.59308576851964
2231,431.1880493164063,434.55200857773445
2232,437.6719970703125,423.4742203319645
2233,427.9459838867188,422.2389736091719
2234,414.97796630859375,431.0127504520289
2235,411.7359619140625,424.9648612030937
2236,408.4939575195313,417.3252662372711
2237,414.97796630859375,408.8883838765063
2238,421.46197509765625,404.1638545474904
2239,427.9459838867188,410.04708699734726
2240,418.219970703125,416.5115574814348
2241,411.7359619140625,423.8327203332727
2242,402.0098876953125,415.6030760135068
2243,408.4939575195313,409.2706120445325
2244,379.3157043457031,400.75169868813674
2245,389.0418395996094,401.64579397093485
2246,379.3157043457031,391.9889957672747
2247,382.5577697753906,382.7405243824509
2248,385.7997741699219,379.5641981594312
2249,395.52587890625,380.08041845101684
2250,408.4939575195313,382.6049227789175
2251,408.4939575195313,392.3506914027342
2252,411.7359619140625,405.4178785366462
2253,447.3980712890625,410.9747539330812
2254,444.1560668945313,415.850790143272
2255,414.97796630859375,440.3483757605893
2256,424.7039794921875,446.3875294986512
2257,411.7359619140625,433.9683796493396
2258,408.4939575195313,419.61521218475923
2259,427.9459838867188,414.32605278878066
2260,418.219970703125,407.3020139356196
2261,418.219970703125,425.15802795721856
2262,440.9140319824219,422.4472263223284
2263,460.3660583496094,418.0506635267084
2264,463.6081237792969,438.52873035810995
2265,473.3341979980469,460.564540546368
2266,466.8501586914063,461.2098137240566
2267,463.6081237792969,468.51867221812233
2268,460.3660583496094,467.31887487490184
2269,466.8501586914063,459.54378035590656
2270,463.6081237792969,456.5545328540667
2271,466.8501586914063,460.4644962042166
2272,470.09222412109375,458.9504420646251
2273,457.12408447265625,461.5472097107783
2274,453.8821105957031,464.5996584588433
2275,453.8821105957031,455.00702952197224
2276,453.8821105957031,448.63422358756293
2277,437.6719970703125,449.32629997637923
2278,414.97796630859375,447.13853851289196
2279,424.7039794921875,437.44488555040704
2280,424.7039794921875,422.27051008634345
2281,418.219970703125,418.0657903058842
2282,421.46197509765625,417.89931409466135
2283,421.46197509765625,416.61413267253084
2284,411.7359619140625,416.44594201524876
2285,418.219970703125,418.08985086520556
2286,427.9459838867188,411.6626666671822
2287,421.46197509765625,412.8700273999906
2288,402.0098876953125,423.173696598415
2289,411.7359619140625,420.7116704170409
2290,414.97796630859375,410.8231362543719
2291,414.97796630859375,407.7439094916672
2292,414.97796630859375,408.8380992902174
2293,414.97796630859375,409.8843370821512
2294,408.4939575195313,412.3703363511089
2295,408.4939575195313,414.11821993996523
2296,402.0098876953125,406.3849544059462
2297,392.2838134765625,404.1124678173063
2298,385.7997741699219,400.66269911073437
2299,372.8316955566406,393.83517134780357
2300,382.5577697753906,385.86985787224444
2301,395.52587890625,377.8403955399683
2302,392.2838134765625,378.54705055173747
2303,392.2838134765625,388.7911310867045
2304,392.2838134765625,389.49276813645326
2305,389.0418395996094,390.5809690366945
2306,392.2838134765625,392.1972309860836
2307,392.2838134765625,389.23269133442415
2308,398.7678527832031,389.5973872504873
2309,392.2838134765625,390.6998547911502
2310,398.7678527832031,395.91528717513177
2311,402.0098876953125,392.9545758698597
2312,398.7678527832031,397.4933473009353
2313,402.0098876953125,403.753868681362
2314,395.52587890625,399.38824172364787
2315,395.52587890625,402.4823795019087
2316,411.7359619140625,396.0894259105786
2317,398.7678527832031,395.84361866469567
2318,398.7678527832031,409.1613656755732
2319,395.52587890625,401.70683174951375
2320,402.0098876953125,399.46204454448423
2321,392.2838134765625,394.73132804788725
2322,389.0418395996094,398.0474516021261
2323,382.5577697753906,393.9387728739555
2324,385.7997741699219,390.2343476973682
2325,379.3157043457031,384.83888098281767
2326,389.0418395996094,382.95641337831
2327,385.7997741699219,379.22541720352893
2328,376.07373046875,387.0912665661302
2329,376.07373046875,385.360757780109
2330,366.34771728515625,382.65145191193375
2331,369.5897216796875,377.5947165859674
2332,376.07373046875,371.8621221313574
2333,372.8316955566406,367.33452521477517
2334,369.5897216796875,373.3005773637647
2335,366.34771728515625,374.7518209642262
2336,376.07373046875,372.6562197235976
2337,376.07373046875,370.29765948718193
2338,372.8316955566406,379.31607582822335
2339,372.8316955566406,377.68434012843215
2340,385.7997741699219,375.686147414925
2341,379.3157043457031,373.85151810377477
2342,369.5897216796875,382.4524974444966
2343,369.5897216796875,383.27351009043224
2344,363.105712890625,375.5911006247218
2345,356.6216735839844,369.9420402217692
2346,359.8636779785156,365.61888662416584
2347,359.8636779785156,361.6710684216566
2348,359.8636779785156,360.8738378833439
2349,366.34771728515625,361.0011602869024
2350,369.5897216796875,361.98347373291267
2351,369.5897216796875,367.32818059806607
2352,376.07373046875,370.6796019141983
2353,385.7997741699219,370.7567578183138
2354,376.07373046875,374.1196423056739
2355,379.3157043457031,385.0184254716554
2356,379.3157043457031,382.4338397228416
2357,379.3157043457031,380.27074820511507
2358,376.07373046875,377.8755358527338
2359,385.7997741699219,377.60690139903136
2360,382.5577697753906,378.13691015220576
2361,447.3980712890625,394.06090382988043
2362,427.9459838867188,389.8519562487649
2363,444.1560668945313,448.44659087871094
2364,450.64007568359375,441.9769595620981
2365,437.6719970703125,451.4210964770209
2366,437.6719970703125,449.9372375812893
2367,450.64007568359375,446.41942752567195
2368,450.64007568359375,438.1821673332755
2369,453.8821105957031,445.79878638932445
2370,447.3980712890625,444.69379674689077
2371,437.6719970703125,447.6423523963448
2372,437.6719970703125,444.9949327826042
2373,440.9140319824219,435.65144668054774
2374,440.9140319824219,431.8176887082968
2375,440.9140319824219,435.9637674357906
2376,440.9140319824219,438.7614226747845
2377,437.6719970703125,436.57527652272046
2378,437.6719970703125,436.0439848507262
2379,437.6719970703125,433.8133505728593
2380,437.6719970703125,433.5145179595724
2381,437.6719970703125,433.1876710644193
2382,437.6719970703125,432.89525304523164
2383,453.8821105957031,433.1621526428027
2384,476.57623291015625,433.1621526428027
2385,473.3341979980469,450.6312733370305
2386,463.6081237792969,472.53165394950605
2387,450.64007568359375,472.06621100166507
2388,453.8821105957031,464.1818234621171
2389,453.8821105957031,450.4202915056573
2390,453.8821105957031,449.11144606274974
2391,457.12408447265625,448.730489150645
2392,457.12408447265625,450.79862426563056
2393,447.3980712890625,453.1527803000521
2394,437.6719970703125,453.35488666577163
2395,431.1880493164063,445.0938224978178
2396,434.4299926757813,436.8436048253409
2397,427.9459838867188,428.5363730742201
2398,414.97796630859375,428.9412680852134
2399,405.25189208984375,425.59312987497015
2400,405.25189208984375,417.74906097506044
2401,427.9459838867188,408.27414567135963
2402,408.4939575195313,404.34544587499073
2403,431.1880493164063,420.6842392800929
2404,437.6719970703125,412.9615811521343
2405,437.6719970703125,422.6580098844295
2406,460.3660583496094,434.77435007211255
2407,466.8501586914063,433.3366296023021
2408,463.6081237792969,458.79651513204004
2409,470.09222412109375,464.5564824091062
2410,466.8501586914063,460.5562598885308
2411,470.09222412109375,465.1792811816507
2412,470.0921936035156,462.8096134924074
2413,466.6608581542969,464.39983802120275
2414,466.6608581542969,466.7807487444673
2415,466.6608581542969,460.666952456887
2416,463.2294921875,462.00588817756915
2417,459.7981872558594,463.94349213408435
2418,452.935546875,458.28477047770093
2419,446.0729064941406,457.9066126612031
2420,435.7789611816406,449.76643443477406
2421,442.6416015625,442.41795707497175
2422,442.6416015625,434.9411645073879
2423,446.0729064941406,438.8355054051816
2424,456.3669128417969,438.85501160269246
2425,504.405517578125,444.4073093115203
2426,487.248779296875,451.22751569000417
2427,487.248779296875,505.9779190649699
2428,514.699462890625,493.33880112109705
2429,535.2874755859375,485.5090076087828
2430,524.993408203125,515.651325235898
2431,524.993408203125,523.8143510802187
2432,528.4247436523438,531.5361111650034
2433,521.5620727539062,523.6649843408933
2434,535.2874755859375,523.3283347796666
2435,528.4247436523438,511.7053935071989
2436,555.87548828125,531.4683963771122
2437,576.4634399414062,521.7246512661613
2438,569.6007690429688,547.0506117340055
2439,566.1694946289062,565.9481925567442
2440,562.7380981445312,561.9175182085448
2441,562.7380981445312,557.4563662817948
2442,576.4634399414062,555.5352070119703
2443,583.3260498046875,553.329123135156
2444,562.7380981445312,580.5401811910884
2445,569.6007690429688,564.4307561766276
2446,586.7573852539062,558.6248487429125
2447,597.0513916015625,559.0623707120742
2448,579.894775390625,585.6261379089015
2449,576.4634399414062,587.515620746774
2450,583.3260498046875,569.6980709639737
2451,569.6007690429688,568.5074289959676
2452,566.1694946289062,577.159713426585
2453,569.6007690429688,559.8574771450227
2454,576.4634399414062,563.4329718959398
2455,569.6007690429688,565.6507186711165
2456,566.1694946289062,567.5046996463742
2457,555.87548828125,560.6834902586312
2458,545.5814819335938,559.0239064732755
2459,549.0128173828125,548.055790292255
2460,566.1694946289062,538.4368848453737
2461,583.3260498046875,539.7785730100694
2462,614.2080688476562,563.0728449203101
2463,621.07080078125,575.032937258634
2464,597.0513916015625,607.6328375028472
2465,600.4827270507812,608.8845230808814
2466,597.0513916015625,585.4915947133944
2467,590.1887817382812,593.5281480878748
2468,579.894775390625,585.5910092590343
2469,579.894775390625,581.9591360574341
2470,579.894775390625,569.635137964411
2471,566.1694946289062,572.35791156447
2472,569.6007690429688,573.0596215073335
2473,566.1694946289062,561.2517299926371
2474,569.6007690429688,559.9719135037532
2475,562.7380981445312,558.6464950822728
2476,566.1694946289062,563.3979598750564
2477,555.87548828125,553.8345698243795
2478,538.71875,557.5798297238575
2479,521.5620727539062,547.5097800425275
2480,521.5620727539062,530.0420705590016
2481,504.405517578125,515.5045826487041
2482,535.2874755859375,517.8477988844618
2483,528.4247436523438,499.5834551283019
2484,542.1500854492188,528.4177670411916
2485,562.7380981445312,521.9897022943419
2486,542.1500854492188,534.1411361431971
2487,518.1307983398438,556.3719733178688
2488,549.0128173828125,537.587522609244
2489,549.0128173828125,517.9089824492703
2490,552.444091796875,544.1887464080781
2491,552.444091796875,541.6292417221923
2492,542.1500854492188,545.1613388283035
2493,549.0128173828125,538.6328915152499
2494,545.5814819335938,537.0921876529006
2495,549.0128173828125,542.3035205281078
2496,538.71875,537.0975642490456
2497,535.2874755859375,543.5376301183101
2498,545.5814819335938,531.7390805852017
2499,552.444091796875,530.3099206827892
2500,562.7380981445312,540.3102845464047
2501,562.7380981445312,544.773500806165
2502,566.1694946289062,556.1812149522557
2503,566.1694946289062,557.0556990714578
2504,562.7380981445312,558.2579339604359
2505,566.1694946289062,560.037295711972
2506,593.6200561523438,556.1755001320582
2507,603.9140625,559.5010356452755
2508,586.7573852539062,584.9056973512681
2509,586.7573852539062,596.3749916007116
2510,583.3260498046875,575.4707391373564
2511,590.1887817382812,576.5964187614848
2512,593.6200561523438,577.5007365746974
2513,597.0513916015625,585.4122403529377
2514,566.1694946289062,585.6945757964911
2515,549.0128173828125,591.958158687738
2516,549.0128173828125,560.5221690484844
2517,549.0128173828125,542.5693879591738
2518,549.0128173828125,543.5109454068572
2519,531.8561401367188,543.3148454337943
2520,549.0128173828125,541.7456607736444
2521,528.4247436523438,524.103987498147
2522,511.2681274414063,546.1445444860385
2523,504.405517578125,521.8097787613074
2524,535.2874755859375,502.8411242359491
2525,538.71875,499.38461437412377
2526,538.71875,525.272026769127
2527,528.4247436523438,528.6088169792638
2528,528.4247436523438,530.6853843697653
2529,521.5620727539062,522.8417353341966
2530,504.405517578125,523.8803164333556
2531,507.8368225097656,515.4854088437966
2532,507.8368225097656,501.58248757049114
2533,497.5428771972656,502.87294062268137
2534,524.993408203125,493.70032764453026
2535,521.5620727539062,493.6508769554743
2536,518.1307983398438,516.1843430168499
2537,524.993408203125,509.55823059291066
2538,521.5620727539062,509.21941173258875
2539,528.4247436523438,519.8004246540677
2540,524.993408203125,513.1693554983244
2541,524.993408203125,524.6351392153608
2542,518.1307983398438,519.577873227519
2543,514.699462890625,520.6347534142084
2544,518.1307983398438,512.1993639044339
2545,524.993408203125,507.61899383062473
2546,535.2874755859375,511.5288755404861
2547,524.993408203125,517.0931277201353
2548,518.1307983398438,525.8203695985269
2549,524.993408203125,518.227869416291
2550,531.8561401367188,511.83468839844284
2551,524.993408203125,518.6342514468256
2552,524.993408203125,523.9827400067729
2553,528.4247436523438,517.4699443033214
2554,524.993408203125,520.6076605013129
2555,524.993408203125,521.5201773320742
2556,524.993408203125,519.6827460095924
2557,531.8561401367188,517.963191600858
2558,535.2874755859375,520.1470693191907
2559,531.8561401367188,527.8574114264786
2560,531.8561401367188,528.2489349244996
2561,538.71875,524.9805942648509
2562,552.444091796875,527.432252129581
2563,549.0128173828125,530.3616922886192
2564,559.3067626953125,553.6048573782365
2565,555.87548828125,537.5947302804319
2566,549.0128173828125,552.4083839610493
2567,549.0128173828125,547.7817588323353
2568,545.5814819335938,541.1348048090229
2569,549.0128173828125,543.4524676344688
2570,531.8561401367188,541.1064872917992
2571,531.8561401367188,546.1392262043853
2572,531.8561401367188,526.2573317485671
2573,528.4247436523438,527.5564153455455
2574,528.4247436523438,524.816753868658
2575,524.993408203125,521.9220224951457
2576,528.4247436523438,521.8691895655647
2577,538.71875,521.0083510374466
2578,538.71875,522.8757210200242
2579,542.1500854492188,531.2132821383361
2580,545.5814819335938,535.5524401482171
2581,545.5814819335938,534.0817953163299
2582,545.5814819335938,537.7612764690449
2583,545.5814819335938,538.0444166525854
2584,552.444091796875,538.8711761916891
2585,562.7380981445312,540.5800707113204
2586,569.6007690429688,546.8254478182238
2587,569.6007690429688,555.8534175308862
2588,579.894775390625,564.9844872650708
2589,573.0321655273438,561.6744634066755
2590,559.3067626953125,573.959390790185
2591,555.87548828125,565.0097724287202
2592,552.444091796875,551.9871200722046
2593,555.87548828125,549.2652795040144
2594,562.7380981445312,547.3330171549492
2595,566.1694946289062,551.7652917453544
2596,566.1694946289062,553.933167967134
2597,562.7380981445312,558.5611226662611
2598,562.7380981445312,559.111331559399
2599,562.7380981445312,556.7336164702856
2600,562.7380981445312,559.1987799713191
2601,562.7380981445312,556.5488761602276
2602,555.87548828125,556.877186749125
2603,562.7380981445312,558.7712414431555
2604,559.3067626953125,549.0871170686326
2605,559.3067626953125,558.4082687203254
2606,555.87548828125,550.806928061131
2607,555.87548828125,553.8997654262245
2608,555.87548828125,548.7310954332263
2609,559.3067626953125,551.7974813448342
2610,549.0128173828125,550.5024797622826
2611,549.0128173828125,552.7643822706588
2612,552.444091796875,543.0958861799412
2613,549.0128173828125,543.4625210528571
2614,549.0128173828125,546.8903635105081
2615,549.0128173828125,543.59403189479
2616,549.0128173828125,541.6252996625459
2617,542.1500854492188,542.114348316672
2618,555.87548828125,544.4155664554273
2619,559.3067626953125,535.6819333087333
2620,559.3067626953125,551.4279773989213
2621,559.3067626953125,552.2238302573649
2622,549.0128173828125,552.5102243895485
2623,531.8561401367188,553.0520593216622
2624,545.5814819335938,544.0377352000837
2625,535.2874755859375,527.5945530231901
2626,555.87548828125,538.2376009010578
2627,559.3067626953125,530.0189663573459
2628,549.0128173828125,549.4827225810803
2629,555.87548828125,550.0659374765834
2630,555.87548828125,541.5497707327519
2631,545.5814819335938,547.8565879882276
2632,559.3067626953125,549.2346993845086
2633,545.5814819335938,539.4001586098076
2634,549.0128173828125,553.1013467301411
2635,542.1500854492188,538.443042855709
2636,542.1500854492188,542.9374573685883
2637,549.0128173828125,537.4368729510987
2638,549.0128173828125,537.5898435260181
2639,549.0128173828125,542.924021709675
2640,549.0128173828125,541.8831663453354
2641,552.444091796875,541.4877241134648
2642,552.444091796875,544.4343203959938
2643,555.87548828125,546.6078881121742
2644,562.7380981445312,544.8677603507288
2645,555.87548828125,549.7492431344547
2646,552.2423095703125,558.5444213958065
2647,544.9758911132812,548.1292665519372
2648,541.3427734375,546.6522537775443
2649,552.2423095703125,532.5570229731436
2650,548.609130859375,535.6671214278132
2651,544.9758911132812,545.0403012690999
2652,563.1417846679688,542.1783309770874
2653,559.5086059570312,536.1078623569229
2654,544.9758911132812,558.0964727955088
2655,552.2423095703125,550.3267665355569
2656,548.609130859375,539.3389517192024
2657,548.609130859375,546.240856700714
2658,548.609130859375,542.9497267376654
2659,541.3427734375,541.2692080497495
2660,537.7095947265625,544.1899593495078
2661,534.076416015625,534.5339542229362
2662,530.4432373046875,530.937431266272
2663,530.4432373046875,527.2321984339732
2664,534.076416015625,526.1160707236036
2665,537.7095947265625,523.8839435947463
2666,537.7095947265625,529.778698988185
2667,544.9758911132812,531.300753876053
2668,548.609130859375,532.610707294305
2669,548.609130859375,537.4907905302275
2670,544.9758911132812,542.5249989680071
2671,537.7095947265625,542.4153210718084
2672,537.7095947265625,538.3854514635962
2673,537.7095947265625,531.7163612591921
2674,537.7095947265625,532.3014655442298
2675,537.7095947265625,531.4684080400104
2676,537.7095947265625,532.0646503929842
2677,537.7095947265625,532.1096458548657
2678,537.7095947265625,532.1526469611274
2679,541.3427734375,532.1526469611274
2680,537.7095947265625,532.1526469611274
2681,537.7095947265625,534.0096369641626
2682,534.076416015625,532.2199068959825
2683,530.4432373046875,531.909463867376
2684,530.4432373046875,529.2729607265026
2685,534.076416015625,524.9894930563014
2686,544.9758911132812,524.3446164171571
2687,534.076416015625,526.8628111170437
2688,541.3427734375,540.237274802657
2689,537.7095947265625,528.6528444205813
2690,541.3427734375,531.2580210164538
2691,534.076416015625,529.378125081035
2692,534.076416015625,532.8833975209129
2693,526.8101196289062,526.5812687505788
2694,526.8101196289062,527.5761256437777
2695,523.1768798828125,521.0097739110468
2696,515.9105224609375,520.6579509190509
2697,515.9105224609375,515.9869134733735
2698,512.2774047851562,510.2931564703099
2699,515.9105224609375,508.13300108724616
2700,515.9105224609375,505.34510186273224
2701,526.8101196289062,510.61837639114145
2702,526.8101196289062,512.5676549089172
2703,555.8754272460938,518.7258985021562
2704,552.2423095703125,518.6647965776363
2705,552.2423095703125,549.0051035673492
2706,552.2423095703125,541.900124199554
2707,555.8754272460938,544.9091169883213
2708,548.609130859375,546.8658014465572
2709,548.609130859375,549.2164819372667
2710,541.3427734375,542.1380706519409
2711,541.3427734375,539.573410964979
2712,541.3427734375,536.3951895209755
2713,541.3427734375,534.4911513859468
2714,544.9758911132812,535.2835636893736
2715,552.2423095703125,536.5825539831651
2716,552.2423095703125,539.0853769830103
2717,552.2423095703125,547.008648625698
2718,552.2423095703125,546.3851967308453
2719,548.609130859375,544.561142752785
2720,544.9758911132812,544.9484676073955
2721,552.2423095703125,543.3289342150158
2722,552.2423095703125,536.2167471760329
2723,552.2423095703125,545.870163139168
2724,548.609130859375,544.5352044668274
2725,548.609130859375,546.5972282230712
2726,534.076416015625,540.351921093558
2727,534.076416015625,540.3248048548658
2728,530.4432373046875,528.2089661718122
2729,537.7095947265625,527.7061902863136
2730,530.4432373046875,522.8681168102921
2731,537.7095947265625,529.0436214931071
2732,526.8101196289062,524.0306745190419
2733,537.7095947265625,528.1797739372114
2734,537.7095947265625,517.5378223717898
2735,537.7095947265625,528.7772175687164
2736,537.7095947265625,530.7864083953791
2737,537.7095947265625,531.2709435078391
2738,537.7095947265625,531.018756656552
2739,544.9758911132812,531.6757043955013
2740,537.7095947265625,531.6422318772015
2741,534.076416015625,539.6512024970552
2742,530.4432373046875,531.7169444041101
2743,544.9758911132812,521.7323837677754
2744,537.7095947265625,526.7035775657039
2745,526.8101196289062,537.6100086772865
2746,530.4432373046875,528.5230480247078
2747,523.1768798828125,520.036714974887
2748,526.8101196289062,523.9759755257228
2749,515.9105224609375,516.476195385467
2750,505.010986328125,520.9123070694334
2751,505.010986328125,510.66881842655823
2752,497.7446899414063,500.4027620753521
2753,508.6441955566406,495.3418572632212
2754,494.1115112304688,490.8651703558525
2755,494.1115112304688,497.6529655397877
2756,490.4783325195313,487.33617558070574
2757,486.84515380859375,486.7595268969807
2758,475.9457092285156,482.84297400925607
2759,512.2774047851562,478.86089895853235
2760,501.37786865234375,476.63335534873147
2761,501.37786865234375,505.3343136817472
2762,501.37786865234375,493.0530601112217
2763,505.010986328125,495.4966472502851
2764,512.2774047851562,494.8912028705036
2765,523.1768798828125,499.2664225621207
2766,537.7095947265625,505.3534408350613
2767,523.1768798828125,518.3820412697418
2768,523.1768798828125,529.0460707017631
2769,523.1768798828125,517.2763635163047
2770,512.2774047851562,515.0552345006031
2771,515.9105224609375,518.826246079665
2772,512.2774047851562,508.20913648775496
2773,523.1768798828125,508.92887727148656
2774,519.543701171875,505.497699224904
2775,515.9105224609375,511.8562181088196
2776,519.543701171875,510.553005845821
2777,515.9105224609375,509.11548364528267
2778,508.6441955566406,507.969638869886
2779,508.6441955566406,509.0317906866351
2780,508.6441955566406,503.9083027618924
2781,501.37786865234375,504.65066956844674
2782,497.7446899414063,500.49951748016537
2783,490.4783325195313,495.6918258543775
2784,486.84515380859375,489.74030713460957
2785,483.21197509765625,484.12833037486206
2786,483.21197509765625,481.25288943524106
2787,483.21197509765625,478.4483355918659
2788,483.21197509765625,477.1585823135773
2789,483.21197509765625,477.0198638004566
2790,479.5788269042969,476.6076386578427
2791,479.5788269042969,475.84464018408545
2792,486.84515380859375,474.69556478584246
2793,483.21197509765625,472.9344438073449
2794,479.5788269042969,480.2648903262792
2795,479.5788269042969,475.9037011013919
2796,479.5788269042969,473.7765633835917
2797,479.5788269042969,472.89402020162134
2798,479.5788269042969,473.126811652932
2799,479.5788269042969,472.8852613649513
2800,483.21197509765625,473.2987461005884
2801,490.4783325195313,473.65883808752307
2802,483.21197509765625,476.6254712294385
2803,479.5788269042969,484.78197751357476
2804,479.5788269042969,477.72106057579225
2805,479.5788269042969,475.2443974569735
2806,483.21197509765625,473.06421687742176
2807,475.9457092285156,473.68502129434637
2808,479.5788269042969,479.1225794090863
2809,479.5788269042969,471.0441445665871
2810,479.5788269042969,472.9994411399178
2811,479.5788269042969,473.0849651736082
2812,475.9457092285156,472.9504686296947
2813,483.21197509765625,473.8511242928216
2814,508.6441955566406,470.78053973780334
2815,505.010986328125,476.2014199078852
2816,501.37786865234375,502.1916640777485
2817,508.6441955566406,497.96848192918185
2818,508.6441955566406,493.9974633061055
2819,505.010986328125,502.52209731414797
2820,508.6441955566406,499.3649274016883
2821,508.6441955566406,500.7071287339119
2822,508.6441955566406,502.79000575242736
2823,508.6441955566406,502.186205841315
2824,508.6441955566406,503.4982819070689
2825,508.6441955566406,501.4424861385506
2826,515.9105224609375,502.6260603901491
2827,530.4432373046875,502.74490532446055
2828,544.9758911132812,509.64777832653607
2829,563.1417846679688,524.6149390753974
2830,541.3427734375,537.3242210158177
2831,537.7095947265625,555.780780999886
2832,534.076416015625,535.5326015581029
2833,537.7095947265625,530.4444522153977
2834,526.8101196289062,529.2950969075941
2835,508.6441955566406,533.9172551462352
2836,508.6441955566406,521.3372447712622
2837,515.9105224609375,504.46093753788955
2838,508.6441955566406,500.92993674422445
2839,515.9105224609375,504.7097304857532
2840,512.2774047851562,499.95406704955934
2841,526.8101196289062,510.06062160276326
2842,530.4432373046875,506.76732234061933
2843,530.4432373046875,516.6245941042283
2844,534.076416015625,523.0862130096663
2845,534.076416015625,522.5099025499937
2846,530.4432373046875,526.5767552089127
2847,530.4432373046875,526.7994699160383
2848,530.4432373046875,521.2907098067968
2849,530.4432373046875,524.5932460844436
2850,530.4432373046875,523.9346538768253
2851,530.4432373046875,523.2137118145624
2852,526.8101196289062,524.370822949777
2853,515.9105224609375,523.3823806506774
2854,512.2774047851562,520.877586621009
2855,512.2774047851562,509.7455367406085
2856,501.37786865234375,507.88832514250436
2857,508.6441955566406,505.4615675657777
2858,512.2774047851562,495.8809514142198
2859,515.9105224609375,500.1702272078054
2860,515.9105224609375,507.4985860679328
2861,512.2774047851562,508.19810338590423
2862,505.010986328125,511.34174433626373
2863,497.7446899414063,505.11063095405746
2864,508.6441955566406,498.86657175466905
2865,508.6441955566406,491.9390667112524
2866,512.2774047851562,503.1405574885017
2867,512.2774047851562,499.40612075870376
2868,512.2774047851562,504.0859520297463
2869,512.2774047851562,506.5824537386792
2870,515.9105224609375,505.54100356652305
2871,515.9105224609375,506.4303228924419
2872,508.6441955566406,510.979238129368
2873,508.6441955566406,507.3632497953372
2874,512.2774047851562,503.8918347494049
2875,512.2774047851562,502.17305009196235
2876,501.37786865234375,506.71967940080947
2877,505.010986328125,504.1404877424882
2878,508.6441955566406,495.86906692078867
2879,508.6441955566406,499.78222590508983
2880,512.2774047851562,500.4285720694278
2881,508.6441955566406,500.54404642611246
2882,508.6441955566406,503.9359554939093
2883,508.6441955566406,500.6728748014219
2884,508.6441955566406,501.5968912499685
2885,508.6441955566406,501.99133047258
2886,497.7446899414063,501.9033922189286
2887,497.7446899414063,502.826405658216
2888,497.7446899414063,493.53158883102515
2889,497.7446899414063,492.6292770363308
2890,501.37786865234375,492.12124118367086
2891,501.37786865234375,492.4247214619552
2892,501.37786865234375,493.2888372645131
2893,501.37786865234375,493.8248524103441
2894,494.1115112304688,495.02955983377507
2895,494.1115112304688,495.55066979549906
2896,490.4783325195313,489.72333761749246
2897,472.3125305175781,491.13081619184965
2898,475.9457092285156,486.6358535227473
2899,490.4783325195313,470.74391823694583
2900,483.21197509765625,470.4794853423784
2901,486.84515380859375,480.48815318962784
2902,486.84515380859375,474.4133459712726
2903,497.7446899414063,479.72760392452676
2904,494.1115112304688,480.0714145053477
2905,501.9546203613281,491.8265430678533
2906,498.0331115722656,488.787634944787
2907,501.9546203613281,494.3317569618629
2908,498.0331115722656,490.1481237016426
2909,490.1900024414063,493.36201028883795
2910,478.4254760742188,490.9918994094568
2911,482.3469848632813,484.135701326627
2912,490.1900024414063,474.1618005793954
2913,490.1900024414063,475.1995419498723
2914,490.1900024414063,482.81529795144246
2915,490.1900024414063,482.72754630416483
2916,490.1900024414063,484.31349054926125
2917,486.26849365234375,483.8092568014674
2918,486.26849365234375,483.83911382127485
2919,486.26849365234375,477.93247393440487
2920,486.26849365234375,480.31523905850906
2921,494.111572265625,480.6406222599177
2922,505.8761291503906,479.7734974295822
2923,498.0331115722656,487.9640360511395
2924,498.0331115722656,501.221415900094
2925,498.0331115722656,488.699743342729
2926,498.0331115722656,491.2579884355917
2927,498.0331115722656,491.7837985453557
2928,498.0331115722656,492.1234571343597
2929,498.0331115722656,492.369695907482
2930,498.0331115722656,492.369695907482
2931,498.0331115722656,492.369695907482
2932,494.111572265625,492.369695907482
2933,490.1900024414063,490.7147189669794
2934,494.111572265625,488.9726551644058
2935,490.1900024414063,483.35797261223826
2936,486.26849365234375,486.6883598911742
2937,490.1900024414063,484.9112024274285
2938,490.1900024414063,478.89263370497605
2939,525.483642578125,483.0490807491139
2940,494.111572265625,482.3980227738376
2941,486.26849365234375,514.2271920426795
2942,494.111572265625,496.1485566171418
2943,498.0331115722656,485.7856865466306
2944,498.0331115722656,485.8814039534896
2945,501.9546203613281,491.78395016303443
2946,501.9546203613281,492.708678048381
2947,498.0331115722656,494.0548797547429
2948,498.0331115722656,494.0797683798479
2949,494.111572265625,492.34746642320357
2950,494.111572265625,492.1979130775044
2951,498.0331115722656,487.39412852266776
2952,498.0331115722656,488.19462321465966
2953,498.0331115722656,493.04965454489997
2954,494.111572265625,492.13437360722673
2955,498.0331115722656,492.42463982166663
2956,505.8761291503906,488.5989292492857
2957,501.9546203613281,491.490768224004
2958,498.0331115722656,498.3796923996383
2959,498.0331115722656,494.7489388362808
2960,498.0331115722656,493.92897876692234
2961,498.0331115722656,492.5408839296432
2962,505.8761291503906,491.08445617085965
2963,498.0331115722656,493.5757445642247
2964,498.0331115722656,497.75569234856243
2965,501.9546203613281,491.575312574232
2966,498.0331115722656,491.8719234053809
2967,498.0331115722656,498.2498376892729
2968,498.0331115722656,491.9115772598126
2969,494.111572265625,492.699114471724
2970,490.1900024414063,491.38624532888144
2971,486.26849365234375,489.70487524938505
2972,494.111572265625,484.07218518214614
2973,494.111572265625,480.136166917055
2974,494.111572265625,486.62183471891586
2975,494.111572265625,486.7391051619484
2976,494.111572265625,488.7762519559854
2977,498.0331115722656,487.34349988087723
2978,498.0331115722656,487.3960645637959
2979,494.111572265625,491.16173453540796
2980,490.1900024414063,491.7715175133802
2981,494.111572265625,488.4451889230744
2982,490.1900024414063,483.13834857317863
2983,486.26849365234375,487.67688383056236
2984,486.26849365234375,481.63201527230297
2985,478.4254760742188,481.38186942822927
2986,470.5823974609375,480.03964477020895
2987,466.660888671875,472.2983843193625
2988,466.660888671875,464.0801579770933
2989,466.660888671875,460.98580443521274
2990,466.660888671875,459.42243956134564
2991,458.81781005859375,460.02247235628704
2992,466.660888671875,459.93551378609806
2993,466.660888671875,454.5823950555008
2994,462.7393493652344,459.63423779560424
2995,466.660888671875,460.15018109335375
2996,462.7393493652344,456.13694277820605
2997,462.7393493652344,459.6760492862329
2998,470.5823974609375,454.430439152739
2999,454.8963012695313,457.9845441480597
3000,470.5823974609375,462.3321227705582
3001,462.7393493652344,452.960249173888
3002,462.7393493652344,461.2512520019377
3003,462.7393493652344,457.3716355133264
3004,462.7393493652344,455.3517847975605
3005,462.7393493652344,456.42372178603557
3006,450.9747924804688,454.17249082966094
3007,443.13177490234375,456.2325085673864
3008,439.2102661132813,446.99941179832865
3009,431.36724853515625,440.10412551163773
3010,427.4456787109375,434.1172273896879
3011,435.2887268066406,429.05393751484195
3012,419.6026306152344,423.22164277358223
3013,427.4456787109375,431.4115515986279
3014,419.6026306152344,420.26208901097266
3015,419.6026306152344,420.8222813451086
3016,427.4456787109375,415.8295578368035
3017,419.6026306152344,414.82441426724904
3018,419.6026306152344,422.0199268835812
3019,419.6026306152344,415.9617218010445
3020,415.68109130859375,416.4474348662391
3021,419.6026306152344,415.1340525558686
3022,415.68109130859375,412.3218711769645
3023,403.9165649414063,413.36932774177717
3024,396.0735168457031,411.7367493975793
3025,403.9165649414063,404.78460064992316
3026,399.9950256347656,396.8071140241984
3027,403.9165649414063,396.6446731758089
3028,407.8381042480469,396.751207920899
3029,415.68109130859375,401.5536104222796
3030,411.7596130371094,404.5390674821518
3031,423.524169921875,409.84812961418555
3032,419.6026306152344,411.17280744161985
3033,423.524169921875,417.26396604347906
3034,415.68109130859375,415.87607530692134
3035,419.6026306152344,418.0886145979792
3036,419.6026306152344,413.1248267405108
3037,415.68109130859375,413.5311737823502
3038,419.6026306152344,412.7703737649343
3039,415.68109130859375,411.5430111614346
3040,415.68109130859375,415.72588633326137
3041,431.36724853515625,411.9110689079507
3042,435.2887268066406,410.9816525374625
3043,431.36724853515625,423.7160680238534
3044,435.2887268066406,428.2380594599103
3045,431.36724853515625,427.5153737943422
3046,431.36724853515625,428.7118822002245
3047,431.36724853515625,428.04524259273626
3048,431.36724853515625,426.51928063391694
3049,431.36724853515625,427.0285760796
3050,423.524169921875,424.5295551846208
3051,427.4456787109375,428.08705408336493
3052,423.524169921875,421.1748390997012
3053,443.13177490234375,421.0806028809342
3054,427.4456787109375,420.39348322392186
3055,431.36724853515625,433.7474726914601
3056,427.4456787109375,426.3730162255559
3057,439.2102661132813,424.3521858263276
3058,439.2102661132813,423.68777966387574
3059,443.13177490234375,430.8037454819281
3060,443.13177490234375,433.363413448391
3061,443.13177490234375,437.7793074980464
3062,439.2102661132813,436.6276604307145
3063,443.13177490234375,438.54900630691276
3064,443.13177490234375,435.5873648854963
3065,443.13177490234375,437.34578590302294
3066,439.2102661132813,438.25711894960057
3067,439.2102661132813,438.3141155338969
3068,439.2102661132813,436.10586818943636
3069,439.2102661132813,434.49843505410746
3070,439.2102661132813,434.6156355197498
3071,458.81781005859375,433.4207132680448
3072,470.5823974609375,434.1074305550636
3073,466.660888671875,449.9819531336102
3074,470.5823974609375,464.053170030283
3075,466.660888671875,461.9537550218899
3076,470.5823974609375,465.18917131946193
3077,462.7393493652344,460.193298828599
3078,454.8963012695313,463.5596894747792
3079,447.0532836914063,457.78681136922603
3080,454.8963012695313,451.44595011343085
3081,447.0532836914063,443.41022480473424
3082,447.0532836914063,448.09970129272233
3083,443.13177490234375,443.06474642944744
3084,454.8963012695313,442.4376323845089
3085,443.13177490234375,438.52751741668027
3086,450.9747924804688,446.3224738515865
3087,450.9747924804688,439.3978903642096
3088,450.9747924804688,443.59201440150673
3089,450.9747924804688,445.66816192766714
3090,454.8963012695313,445.68237900077077
3091,458.81781005859375,446.2511085765078
3092,462.7393493652344,447.9035896567609
3093,462.7393493652344,452.25497038412556
3094,490.1900024414063,457.30221794227424
3095,490.1900024414063,457.5643065942709
3096,498.0331115722656,480.31041061858707
3097,490.1900024414063,483.71907927133043
3098,490.1900024414063,493.1281925024714
3099,494.111572265625,485.84047884313645
3100,482.3469848632813,481.0677175979435
3101,490.1900024414063,490.84732612135826
3102,490.1900024414063,478.16195312258066
3103,490.1900024414063,481.0297665266727
3104,486.26849365234375,484.63734591098444
3105,482.3469848632813,484.6099730885282
3106,490.1900024414063,481.33118247194693
3107,490.1900024414063,478.48195972784424
3108,490.1900024414063,483.39846619535206
3109,490.1900024414063,483.5981816669073
3110,494.111572265625,484.4684554798006
3111,490.1900024414063,485.0909510169877
3112,486.26849365234375,488.3461475901821
3113,486.26849365234375,485.4471942474628
3114,490.1900024414063,480.13447579679246
3115,486.26849365234375,480.5096245855128
3116,486.26849365234375,484.6032202703764
3117,486.26849365234375,480.49882474162933
3118,486.26849365234375,480.19042272023614
3119,486.26849365234375,480.61983897503615
3120,482.3469848632813,480.67226370317445
3121,486.26849365234375,479.96303119086724
3122,490.1900024414063,476.811121245569
3123,490.1900024414063,477.5645794684658
3124,494.111572265625,483.6199446352513
3125,494.111572265625,481.5377440648408
3126,498.0331115722656,488.83722558862326
3127,498.0331115722656,487.8683652958739
3128,501.9546203613281,490.3928462979778
3129,494.111572265625,492.47011346238105
3130,494.111572265625,496.0715581621542
3131,494.111572265625,487.33889303602416
3132,501.9546203613281,488.99325184291354
3133,486.26849365234375,487.1398540125739
3134,482.3469848632813,496.33775215437436
3135,482.3469848632813,481.884878571695
3136,482.3469848632813,476.5520649471465
3137,482.3469848632813,475.3340618195826
3138,482.3469848632813,474.3441383323909
3139,474.5039367675781,476.45370006235925
3140,466.660888671875,475.14309352179896
3141,462.7393493652344,469.3262812781152
3142,462.7393493652344,462.35920402055535
3143,462.7393493652344,456.29494006231954
3144,462.7393493652344,455.00068490526314
3145,470.5823974609375,455.7118651215969
3146,470.5823974609375,455.5197421968754
3147,470.5823974609375,462.8141853485654
3148,470.5823974609375,464.6802490865265
3149,470.5823974609375,466.55420860667886
3150,470.5823974609375,464.8237377250773
3151,470.5823974609375,464.92907702308526
3152,474.5039367675781,463.9928145312583
3153,474.5039367675781,463.9449966479731
3154,482.3469848632813,469.1644352375421
3155,478.4254760742188,467.8130901930025
3156,478.4254760742188,476.70320444702304
3157,474.5039367675781,473.0933741233274
3158,470.5823974609375,471.7556513440749
3159,470.5823974609375,469.68154482512784
3160,470.5823974609375,464.04333820696365
3161,466.660888671875,462.49544999922324
3162,462.7393493652344,465.2756283850213
3163,470.5823974609375,461.5236040044931
3164,466.38079833984375,457.4707584865072
3165,449.5742492675781,463.9281204340429
3166,441.1709899902344,463.10126759175233
3167,432.7677307128906,447.58144874109706
3168,445.3726196289063,435.91094033765876
3169,453.77587890625,427.939022745902
3170,453.77587890625,434.5222098724189
3171,457.9775085449219,445.1920474278247
3172,466.38079833984375,450.4123374089742
3173,462.1791687011719,450.12455539188556
3174,466.38079833984375,460.2232491515933
3175,453.77587890625,455.50447546291923
3176,453.77587890625,460.7730265174917
3177,453.77587890625,451.5598849675318
3178,449.5742492675781,448.81626976809935
3179,449.5742492675781,446.62118400444064
3180,449.5742492675781,446.0635575079444
3181,449.5742492675781,443.82262489082365
3182,449.5742492675781,444.41401547807857
3183,449.5742492675781,444.40434693533626
3184,449.5742492675781,444.63516735682373
3185,445.3726196289063,444.63516735682373
3186,445.3726196289063,446.3093764167257
3187,445.3726196289063,440.6945947299221
3188,453.77587890625,441.98379985198756
3189,453.77587890625,440.741951928722
3190,449.5742492675781,446.6189680537518
3191,457.9775085449219,449.238175116354
3192,457.9775085449219,446.26485913367696
3193,457.9775085449219,451.993464877047
3194,457.9775085449219,451.73082806882735
3195,466.38079833984375,453.33025462443055
3196,474.7840270996094,453.04361557138134
3197,470.5824279785156,458.99267341959484
3198,470.5824279785156,468.15232891766544
3199,466.38079833984375,466.78720999016
3200,470.5824279785156,465.25435525840857
3201,462.1791687011719,460.6088595601446
3202,457.9775085449219,463.52871281672907
3203,453.77587890625,458.17758844175177
3204,453.77587890625,452.5224589580639
3205,453.77587890625,448.1653983991969
3206,453.77587890625,447.18388386172444
3207,449.5742492675781,446.62359822440163
3208,453.77587890625,448.6878845829276
3209,449.5742492675781,444.9276961735458
3210,449.5742492675781,448.7207506305125
3211,449.5742492675781,444.5128935303938
3212,445.3726196289063,443.48574207162983
3213,445.3726196289063,445.78842973557875
3214,441.1709899902344,442.959582074915
3215,436.9693908691406,439.9632143736249
3216,436.9693908691406,438.41837601380627
3217,436.9693908691406,433.6363777531104
3218,436.9693908691406,430.81935627138597
3219,436.9693908691406,430.9843921146611
3220,432.7677307128906,432.068720932646
3221,432.7677307128906,431.31027098925006
3222,428.5661010742188,429.5801325002519
3223,424.364501953125,427.5811642040037
3224,418.4822082519531,424.2806456077735
3225,420.1628723144531,421.1024533210159
3226,418.4822082519531,416.37638448941624
3227,428.5661010742188,416.0852785462943
3228,424.364501953125,416.63001754010025
3229,420.1628723144531,421.6711770653038
3230,424.364501953125,421.3633581888288
3231,424.364501953125,418.1982808312795
3232,428.5661010742188,421.3016614564924
3233,418.4822082519531,419.3644307127248
3234,415.1209106445313,423.22457016107114
3235,413.4402465820313,417.94218107759184
3236,415.1209106445313,413.6687609943298
3237,420.1628723144531,410.8594953400162
3238,415.1209106445313,410.2004482793618
3239,415.1209106445313,414.80247052398045
3240,418.4822082519531,413.3818886833133
3241,416.8015441894531,412.2766657829124
3242,418.4822082519531,416.08505111977627
3243,413.4402465820313,413.5632292584989
3244,415.1209106445313,414.9288788478798
3245,413.4402465820313,413.01308451130205
3246,413.4402465820313,411.5272895744423
3247,411.7596130371094,410.44436613571
3248,413.4402465820313,410.36531501061063
3249,411.7596130371094,409.53997834510716
3250,411.7596130371094,409.23601405654085
3251,411.7596130371094,408.5449115197378
3252,413.4402465820313,408.4501621334428
3253,411.7596130371094,409.07076828109524
3254,415.1209106445313,410.2521732335984
3255,411.7596130371094,408.9357119180603
3256,411.7596130371094,410.8953704153785
3257,408.3983154296875,410.38647150823977
3258,401.6756896972656,408.87167094315316
3259,399.99505615234375,406.12644626374674
3260,398.3144226074219,401.46813304018264
3261,394.95306396484375,398.2724639002291
3262,386.5498352050781,396.0519763439374
3263,378.1465759277344,393.4428285311726
3264,378.1465759277344,388.0284679212752
3265,371.4239807128906,380.9760007533562
3266,371.4239807128906,378.0284072930171
3267,373.1046142578125,373.9706516948206
3268,373.1046142578125,371.4491316110384
3269,368.0626220703125,372.16300741475607
3270,366.3820190429688,372.4750657547858
3271,368.0626220703125,370.46872504891036
3272,368.0626220703125,368.5850284664878
3273,368.0626220703125,368.19464647464406
3274,366.3820190429688,368.2148480724698
3275,368.0626220703125,368.74084478860755
3276,368.0626220703125,367.7645916761588
3277,368.0626220703125,368.4755852861187
3278,371.4239807128906,368.6767586199693
3279,373.1046142578125,369.52684395579746
3280,373.1046142578125,373.20156518811837
3281,373.1046142578125,373.8284809637847
3282,379.82720947265625,373.99312026851555
3283,384.8691711425781,374.2242585039833
3284,381.50787353515625,378.2388817883115
3285,369.7433166503906,383.23482425656465
3286,352.9367980957031,382.87378465913804
3287,356.298095703125,375.6951657510836
3288,356.298095703125,365.3594425343729
3289,351.25616455078125,357.7453288146783
3290,344.5335388183594,356.87528534402776
3291,342.8529052734375,355.84487118944696
3292,344.5335388183594,353.4703371558619
3293,349.57550048828125,349.67413389857023
3294,351.25616455078125,348.228692590044
3295,351.25616455078125,349.9250258036736
