,y_actual,y_predict
0,345.5039978027344,434.8105844268415
1,345.5039978027344,433.78480431279513
2,339.33428955078114,430.88146527472384
3,345.5039978027344,428.86604619648267
4,345.5039978027344,422.3645152305861
5,351.6736755371094,421.30531764754664
6,351.6736755371094,416.71130609511727
7,351.6736755371094,418.9343534603315
8,351.6736755371094,417.6703560281335
9,351.6736755371094,418.7454766684988
10,333.1645507812501,420.94463944772417
11,314.6554260253906,419.22777769434333
12,302.3159484863281,420.3967605673665
13,299.2311096191406,421.41164595797943
14,296.1462707519531,419.3988458036405
15,314.6554260253906,415.5939684014471
16,314.6554260253906,412.9470743918873
17,326.9948425292969,409.9558442676554
18,351.6736755371094,405.7682897048604
19,345.5039978027344,403.7424996879662
20,351.6736755371094,403.1278906265783
21,339.33428955078114,405.71832063680483
22,364.0130920410156,400.6471411493794
23,345.5039978027344,405.9558046562638
24,357.84326171875,397.9901904720349
25,364.0130920410156,403.41429614453193
26,370.18280029296875,392.1959784736671
27,357.84326171875,397.18157152796584
28,364.0130920410156,395.0777375787836
29,357.84326171875,406.8688662855559
30,357.84326171875,411.8466025681479
31,357.84326171875,415.3142673286833
32,364.0130920410156,422.479014583594
33,364.0130920410156,417.95079039959
34,364.0130920410156,420.57694253184366
35,370.18280029296875,421.9994372386078
36,364.0130920410156,427.34958450010447
37,376.3525695800781,433.2440489054517
38,376.3525695800781,439.01898562389874
39,382.52227783203125,426.3186712952097
40,394.8616638183594,435.4317931764632
41,431.8799743652344,419.5777706846445
42,431.8799743652344,438.62887071941464
43,462.7286376953124,418.987674750982
44,456.55877685546886,425.0798155324735
45,462.7286376953124,438.94062742074243
46,462.7286376953124,454.1930307137286
47,456.55877685546886,472.240978136968
48,456.55877685546886,463.69846739554407
49,444.2193603515625,458.7133981260257
50,444.2193603515625,459.5170934931584
51,450.3890380859375,457.34851974511173
52,450.3890380859375,483.9172932198643
53,450.3890380859375,489.1793398812881
54,450.3890380859375,481.24572894714504
55,456.55877685546886,486.0104419595252
56,462.7286376953124,477.5429895771407
57,444.2193603515625,483.244858318714
58,431.8799743652344,507.07675155862444
59,419.540557861328,492.93341015977717
60,431.8799743652344,501.20627649622213
61,425.7102355957031,501.9989200044872
62,413.3708496093751,483.6363874421054
63,407.20108032226574,482.97626148329584
64,419.540557861328,479.8947832413912
65,431.8799743652344,490.5418612306901
66,419.540557861328,483.6555055865921
67,431.8799743652344,485.1337833724749
68,431.8799743652344,500.2287893389339
69,419.540557861328,490.8932684398984
70,419.540557861328,503.9142961896612
71,413.3708496093751,477.2686311091376
72,413.3708496093751,485.7763625411392
73,425.7102355957031,472.17393368506964
74,450.3890380859375,480.44009557632467
75,450.3890380859375,475.7188567007223
76,444.2193603515625,492.4384859207237
77,456.55877685546886,491.1787311452473
78,450.3890380859375,458.50346518601873
79,450.3890380859375,470.45256738257683
80,444.2193603515625,468.0460905872467
81,468.898223876953,459.15945324506265
82,462.7286376953124,417.44450003080055
83,456.55877685546886,450.6635593490993
84,456.55877685546886,439.702839033263
85,450.3890380859375,474.09507150282855
86,450.3890380859375,473.24119755372817
87,450.3890380859375,450.67979667729344
88,450.3890380859375,471.5094603125823
89,456.55877685546886,481.81953517413535
90,456.55877685546886,464.6802495880321
91,462.7286376953124,483.0425202580236
92,456.55877685546886,482.43047774206
93,450.3890380859375,505.7758272994041
94,444.2193603515625,487.25118334747106
95,438.04965209960926,506.05982340736773
96,450.3890380859375,495.9061506812591
97,444.2193603515625,513.0333368389338
98,438.04965209960926,502.2068625623285
99,438.04965209960926,503.77695982022544
100,450.3890380859375,507.575237534185
101,450.3890380859375,511.16599171812766
102,456.55877685546886,512.059830445977
103,450.3890380859375,520.5572433178037
104,456.55877685546886,527.7411087172011
105,499.7467041015625,526.2088810989312
106,487.4073791503906,518.3751559224212
107,505.9165954589844,519.8038312895948
108,505.9165954589844,501.4481079293589
109,505.9165954589844,474.7725871163493
110,505.9165954589844,503.2010060756353
111,505.9165954589844,480.63960519920056
112,505.9165954589844,467.9923502687718
113,505.9165954589844,435.13679758810997
114,499.7467041015625,510.33914506369877
115,499.7467041015625,483.7774426834824
116,487.4073791503906,555.3098920948015
117,487.4073791503906,511.59711897092154
118,481.2376708984375,491.43496665984674
119,487.4073791503906,499.4558401384139
120,487.4073791503906,507.56057156033216
121,487.4073791503906,534.1306021185579
122,493.5771484375,546.0964654280906
123,499.7467041015625,545.088808267448
124,505.9165954589844,542.628591153643
125,493.5771484375,546.282775674499
126,481.2376708984375,558.9256308127719
127,487.4073791503906,570.3330871678598
128,542.934814453125,572.273919293364
129,549.1044921875,571.8175456141521
130,567.6136474609375,572.0225549772229
131,549.1044921875,565.97252649208
132,555.2742309570312,561.148416285596
133,542.934814453125,556.0242821568664
134,530.5953369140625,516.8675985673108
135,530.5953369140625,535.1267883925084
136,518.255859375,487.6761299398555
137,518.255859375,527.4957155475571
138,512.086181640625,551.8791017828103
139,512.086181640625,556.63632467283
140,524.4257202148438,515.6594365927094
141,505.9165954589844,547.1050130228599
142,487.4073791503906,556.8466766406614
143,487.4073791503906,533.7282830286891
144,493.5771484375,553.937628348483
145,481.2376708984375,555.031762376379
146,481.2376708984375,589.0724305013022
147,444.2193603515625,581.4100877049575
148,456.55877685546886,562.1480595390975
149,456.55877685546886,560.3679245842375
150,456.55877685546886,531.4946552109096
151,456.55877685546886,539.7348897555321
152,468.898223876953,513.7602977357296
153,481.2376708984375,513.4628927373863
154,450.3890380859375,496.6833425385007
155,450.3890380859375,515.4987918005434
156,462.7286376953124,516.8452329571852
157,462.7286376953124,503.3434755359194
158,438.04965209960926,516.9323907446533
159,431.8799743652344,518.6543855888826
160,431.8799743652344,521.1687620489869
161,431.8799743652344,522.0806189732839
162,425.7102355957031,521.1407919417104
163,419.540557861328,526.7665023762054
164,419.540557861328,521.2374826121827
165,425.7102355957031,514.4920774525056
166,431.8799743652344,512.073605985703
167,431.8799743652344,504.7152154974574
168,419.540557861328,493.30325459325763
169,413.3708496093751,494.1196255520774
170,413.3708496093751,480.24493336712646
171,407.20108032226574,476.2581978891585
172,401.0314025878906,476.17413043189526
173,401.0314025878906,472.6243885962623
174,401.0314025878906,477.5791831054703
175,419.540557861328,478.08730672099125
176,431.8799743652344,479.47392217029426
177,425.7102355957031,482.2704091131525
178,431.8799743652344,483.62454990606705
179,425.7102355957031,483.55389133918345
180,419.540557861328,482.8498198372936
181,419.540557861328,484.8079368605528
182,425.7102355957031,483.7432919157966
183,425.7102355957031,485.16400575430725
184,425.7102355957031,483.78702794496473
185,425.7102355957031,483.69777501837495
186,419.540557861328,483.7532962051033
187,407.20108032226574,486.28495756296263
188,407.20108032226574,487.6377888939261
189,413.3708496093751,490.3600031549155
190,419.540557861328,491.5479470369912
191,413.3708496093751,491.3451375699984
192,401.0314025878906,491.69780186267997
193,401.0314025878906,491.3509515810615
194,401.0314025878906,484.2045367934668
195,413.3708496093751,487.7051999951709
196,407.20108032226574,480.61996326993346
197,401.0314025878906,484.66976243546833
198,401.0314025878906,479.70501601543174
199,401.0314025878906,480.4881790191705
200,394.8616638183594,472.6165318245555
201,388.69195556640614,477.41047202768516
202,388.69195556640614,469.62121617903597
203,388.69195556640614,466.81655819360265
204,394.8616638183594,467.26229904177126
205,382.52227783203125,460.22713614154554
206,394.8616638183594,458.2998176633771
207,388.69195556640614,460.9836908784372
208,382.52227783203125,459.4285738652612
209,404.29180908203125,463.94894127755845
210,404.29180908203125,461.94619779100435
211,404.29180908203125,463.61298571937357
212,404.29180908203125,467.2815743216921
213,398.0718994140625,452.23198049569874
214,398.0718994140625,459.1922421723192
215,391.85211181640636,445.8922990269634
216,398.0718994140625,463.9714640231181
217,385.6322021484376,444.90915499404616
218,391.85211181640636,448.7101563888642
219,385.6322021484376,443.9681232574777
220,391.85211181640636,459.25404877641313
221,398.0718994140625,458.35764350313957
222,398.0718994140625,460.2296503084917
223,391.85211181640636,465.08754463331513
224,404.29180908203125,463.7049623268217
225,404.29180908203125,461.2947142810723
226,435.39117431640614,465.2667837851875
227,429.17129516601574,467.88727904181223
228,416.7315979003905,482.19199853151804
229,410.51165771484364,485.7802909269926
230,410.51165771484364,466.07613602794913
231,435.39117431640614,474.37597728058745
232,422.9514465332031,457.8933606737428
233,429.17129516601574,473.448721083745
234,422.9514465332031,448.23518834994604
235,422.9514465332031,486.5389408030061
236,416.7315979003905,431.3648138701293
237,416.7315979003905,491.82555297063334
238,422.9514465332031,476.3129857771943
239,429.17129516601574,421.53264024226485
240,429.17129516601574,471.7931421496776
241,416.7315979003905,412.03432703346357
242,416.7315979003905,454.4716842169315
243,416.7315979003905,436.96396841625506
244,410.51165771484364,466.2050918408976
245,429.17129516601574,402.2949680686961
246,454.0506896972656,473.9230082024486
247,441.6110839843749,465.16056023171086
248,454.0506896972656,459.3042273583809
249,454.0506896972656,449.45089282538606
250,441.6110839843749,430.25030461427355
251,447.83099365234364,496.4934705555851
252,429.17129516601574,442.98414116891183
253,441.6110839843749,440.49186842654285
254,441.6110839843749,375.5245374534677
255,447.83099365234364,472.6190459915017
256,454.0506896972656,433.9697003402964
257,454.0506896972656,504.5787171836704
258,454.0506896972656,435.0891331730884
259,454.0506896972656,489.5633265038409
260,454.0506896972656,468.36926579678845
261,454.0506896972656,456.6731516491909
262,454.0506896972656,452.7583842000578
263,447.83099365234364,460.85148759984986
264,441.6110839843749,479.1013016774774
265,441.6110839843749,469.91202148914545
266,447.83099365234364,488.5379130391409
267,447.83099365234364,490.4928873537174
268,441.6110839843749,508.1538102026774
269,441.6110839843749,508.60494603408483
270,429.17129516601574,521.9450634721017
271,429.17129516601574,502.6603554252479
272,429.17129516601574,506.1459336252749
273,435.39117431640614,495.2544052789368
274,435.39117431640614,486.79344782782994
275,429.17129516601574,487.8816630877068
276,422.9514465332031,483.8312877589133
277,416.7315979003905,488.17424926606986
278,416.7315979003905,482.49280813093435
279,416.7315979003905,481.1385102025855
280,416.7315979003905,486.1996854007043
281,410.51165771484364,497.2104795415522
282,404.29180908203125,498.02449346886
283,391.85211181640636,497.70650372864475
284,391.85211181640636,485.16044401780016
285,385.6322021484376,487.2145707913171
286,373.1924133300781,492.0359049384647
287,385.6322021484376,480.1975832229732
288,391.85211181640636,475.0422838998064
289,391.85211181640636,461.6309841101255
290,391.85211181640636,459.00231781092566
291,398.0718994140625,471.17612367829963
292,391.85211181640636,451.29691990562753
293,410.51165771484364,457.56316674814286
294,404.29180908203125,463.8372703623651
295,398.0718994140625,452.9597270696653
296,404.29180908203125,453.874674324167
297,404.29180908203125,446.81112228884047
298,385.6322021484376,466.3309049451632
299,391.85211181640636,418.22493935368095
300,391.85211181640636,408.3317971773714
301,404.29180908203125,410.1360262321325
302,410.51165771484364,435.1278932468422
303,404.29180908203125,416.7588657531827
304,404.29180908203125,432.8622098004988
305,404.29180908203125,450.222742077867
306,404.29180908203125,391.75327557722505
307,404.29180908203125,445.1358490470278
308,404.29180908203125,437.2719538671636
309,410.51165771484364,465.18046405336815
310,404.29180908203125,461.202632916668
311,410.51165771484364,380.5357959620088
312,391.85211181640636,465.0900588002613
313,391.85211181640636,407.75552916191293
314,385.6322021484376,417.54758087559435
315,398.0718994140625,363.18113007418185
316,398.0718994140625,423.1995329275902
317,404.29180908203125,383.7786522947722
318,404.29180908203125,477.22772351778383
319,398.0718994140625,439.48159234199807
320,398.0718994140625,453.25964623495474
321,404.29180908203125,434.92675989114684
322,398.0718994140625,440.6404137902804
323,398.0718994140625,422.6078656395863
324,398.0718994140625,422.53862129160996
325,398.0718994140625,422.79192361143885
326,391.85211181640636,433.72593090347186
327,385.6322021484376,432.7568243026709
328,391.85211181640636,449.87515849755596
329,391.85211181640636,445.9741142096707
330,379.41229248046886,443.61949210760577
331,379.41229248046886,458.04840096875796
332,373.1924133300781,466.21630083519926
333,373.1924133300781,473.74884976294675
334,373.1924133300781,463.47156382865023
335,360.75265502929676,463.415099829317
336,366.9725646972655,441.5637416012694
337,366.9725646972655,445.28596576510677
338,373.1924133300781,414.2353754378986
339,385.6322021484376,446.1923229492089
340,385.6322021484376,428.95781329001863
341,398.0718994140625,434.11416018274633
342,398.0718994140625,432.1468245473511
343,391.85211181640636,394.59742693510475
344,385.6322021484376,430.22736284088955
345,385.6322021484376,399.3230132243849
346,379.41229248046886,428.4413614964884
347,366.9725646972655,385.8707534648722
348,404.29180908203125,438.527256472006
349,410.51165771484364,432.89625581122846
350,379.41229248046886,463.22873720443056
351,385.6322021484376,436.21495618020197
352,385.6322021484376,386.07136303578716
353,404.29180908203125,412.22540372137416
354,410.51165771484364,396.2131982258576
355,410.51165771484364,369.97053315541734
356,441.6110839843749,349.492433864771
357,422.9514465332031,436.6823817182815
358,435.39117431640614,430.483703112445
359,429.17129516601574,408.87171452906614
360,422.9514465332031,346.2062081521858
361,447.83099365234364,385.65652548966546
362,435.39117431640614,372.03372140563613
363,435.39117431640614,350.29518641929894
364,435.39117431640614,344.0689567340104
365,441.6110839843749,417.0228532825329
366,429.17129516601574,336.95061681064817
367,435.39117431640614,430.5374434309199
368,435.39117431640614,400.97042111587723
369,441.6110839843749,426.04577942459173
370,441.6110839843749,434.38233799034015
371,435.39117431640614,473.57511035126925
372,435.39117431640614,473.85554472272577
373,435.39117431640614,473.7619443824582
374,429.17129516601574,467.2570611939667
375,441.6110839843749,445.1378394291936
376,441.6110839843749,470.429835123105
377,447.83099365234364,456.47704662738795
378,454.0506896972656,477.09992003135244
379,441.6110839843749,470.8583958304746
380,447.83099365234364,502.5871826914181
381,441.6110839843749,501.901234142932
382,447.83099365234364,461.2758580289759
383,441.6110839843749,498.5714819150909
384,454.0506896972656,465.23986124747194
385,454.0506896972656,500.3202421616015
386,472.7104797363281,481.56722804538936
387,466.4905700683594,498.8309125168511
388,466.4905700683594,483.2108123079844
389,466.4905700683594,509.7519823248068
390,460.27069091796864,467.76178020841473
391,460.27069091796864,479.3551801605647
392,472.7104797363281,467.82892941726936
393,466.4905700683594,477.9095865449824
394,466.4905700683594,471.6338068194626
395,460.27069091796864,490.47544532052814
396,466.4905700683594,458.2724760978373
397,466.4905700683594,523.4708485375719
398,485.1502685546875,528.5751312231222
399,491.3700256347656,495.5995270707797
400,491.3700256347656,510.8397785568593
401,497.5899353027344,508.9758380371261
402,516.2494506835938,509.5087366727628
403,503.8097839355469,511.81244689416735
404,497.5899353027344,504.8655417294485
405,503.8097839355469,508.4045983555601
406,503.8097839355469,491.4309858955153
407,510.0295715332031,538.5523408566951
408,522.4693603515625,509.92813114647447
409,534.9091796875,524.1729820357741
410,559.7886962890625,518.5472716012792
411,559.7886962890625,526.514928546152
412,559.7886962890625,522.983414420879
413,566.0084838867188,541.535504695308
414,559.7886962890625,543.8589616029358
415,559.7886962890625,548.4946140454115
416,584.6681518554688,553.4405565918297
417,584.6681518554688,569.029229713869
418,578.4481201171875,567.7137966162302
419,572.2283935546875,587.6359507408997
420,572.2283935546875,550.9476029292462
421,584.6681518554688,571.323145159879
422,584.6681518554688,578.6083629142948
423,578.4481201171875,586.9544543630475
424,578.4481201171875,584.2250118720879
425,584.6681518554688,595.8882847139507
426,578.4481201171875,610.2403543478099
427,572.2283935546875,621.0535244909915
428,566.0084838867188,629.2727552659177
429,575.6018676757812,621.9833996117363
430,569.206298828125,624.1018995347714
431,575.6018676757812,624.1455831854614
432,575.6018676757812,620.2877511419639
433,575.6018676757812,626.6308895902503
434,575.6018676757812,611.5007900435008
435,575.6018676757812,631.5347722187979
436,575.6018676757812,615.7399374071708
437,575.6018676757812,616.4839213093314
438,601.1841430664062,615.4244094554236
439,594.7885131835938,603.6960301653501
440,594.7885131835938,625.3706634084715
441,594.7885131835938,622.236544796131
442,594.7885131835938,618.4761367217984
443,594.7885131835938,594.6402103390785
444,588.39306640625,608.1195497717408
445,594.7885131835938,593.3209536125423
446,601.1841430664062,583.2261542957569
447,594.7885131835938,607.960423955438
448,588.39306640625,583.9646908362008
449,588.39306640625,595.3511958000704
450,581.9973754882812,623.619860401317
451,594.7885131835938,610.064991203313
452,575.6018676757812,606.6785130837484
453,575.6018676757812,620.0981410514386
454,575.6018676757812,620.5687092982008
455,594.7885131835938,637.6437788702201
456,575.6018676757812,631.3912028104747
457,575.6018676757812,631.9726039167816
458,569.206298828125,624.8215798231188
459,575.6018676757812,627.0420082644307
460,575.6018676757812,626.8618262999537
461,550.0196533203125,625.840236464151
462,530.8328247070312,629.094249412738
463,537.228271484375,628.0666884304381
464,543.6240234375,626.0619021832402
465,543.6240234375,626.1223469469049
466,556.4152221679688,625.2564259478539
467,530.8328247070312,620.5494340182801
468,562.8106689453125,619.2861698847746
469,562.8106689453125,614.7810446095888
470,562.8106689453125,611.8683298239472
471,562.8106689453125,608.498246168011
472,537.228271484375,610.5993040578568
473,537.228271484375,606.6679850096613
474,530.8328247070312,607.2345106282031
475,530.8328247070312,602.9851494613142
476,543.6240234375,603.6006489568289
477,575.6018676757812,604.521829250218
478,575.6018676757812,607.2219397934722
479,562.8106689453125,605.9389813522216
480,543.6240234375,605.3454284390081
481,543.6240234375,607.8007743543549
482,543.6240234375,605.344118977057
483,543.6240234375,606.4388815466895
484,543.6240234375,604.3874784540309
485,537.228271484375,601.6169712362833
486,550.0196533203125,601.6066526761084
487,550.0196533203125,604.6512564694689
488,543.6240234375,608.2456771468748
489,543.6240234375,606.3584805828893
490,550.0196533203125,608.7498723765424
491,530.8328247070312,607.5985410506205
492,543.6240234375,602.9651408827008
493,556.4152221679688,594.2465336980873
494,562.8106689453125,599.2509306260044
495,543.6240234375,596.7771998648637
496,543.6240234375,601.5744922905883
497,543.6240234375,611.0120464648567
498,543.6240234375,611.6235128175618
499,543.6240234375,606.0291247129383
500,543.6240234375,606.8516239536893
501,543.6240234375,596.4520342731562
502,543.6240234375,608.5227069172582
503,530.8328247070312,601.6462508055109
504,505.2504577636719,593.8334770202191
505,524.4371337890625,587.9598592491341
506,511.6460876464844,590.1295329452198
507,511.6460876464844,572.0154838826867
508,511.6460876464844,580.167355934846
509,511.6460876464844,567.6097205803534
510,518.041748046875,569.023415702806
511,511.6460876464844,574.8131231520618
512,511.6460876464844,568.4902551747791
513,505.2504577636719,572.4732717808058
514,511.6460876464844,574.1518448667352
515,505.2504577636719,575.9388414022193
516,518.041748046875,576.4735209061095
517,518.041748046875,577.461588515963
518,511.6460876464844,579.9669034993652
519,511.6460876464844,586.3581253904977
520,505.2504577636719,594.7757658402608
521,511.6460876464844,589.0970483859836
522,505.2504577636719,585.6263456737216
523,511.6460876464844,569.8618380008829
524,505.2504577636719,567.1904832420759
525,505.2504577636719,550.0335461088712
526,505.2504577636719,543.6019404111656
527,505.2504577636719,531.6229301036435
528,505.2504577636719,541.2948779671663
529,498.85504150390625,529.1926211008026
530,505.2504577636719,519.9503338926885
531,492.4594421386719,515.2628267569476
532,511.6460876464844,535.167538848428
533,511.6460876464844,549.9310414273358
534,505.2504577636719,536.8083994301646
535,505.2504577636719,553.2360186350613
536,505.2504577636719,552.0769352943888
537,505.2504577636719,558.9714096025839
538,511.6460876464844,563.2961957778585
539,505.2504577636719,562.7827819360549
540,505.2504577636719,563.7941579686387
541,505.2504577636719,565.4384231514483
542,498.85504150390625,570.1557336411972
543,498.85504150390625,560.4928996328545
544,511.6460876464844,570.4151118644793
545,505.2504577636719,557.56766639096
546,492.4594421386719,566.2982682470459
547,498.85504150390625,553.4505085026584
548,498.85504150390625,552.4541127147957
549,492.4594421386719,550.4766156546596
550,492.4594421386719,556.1801081290522
551,492.4594421386719,554.3042776948027
552,498.85504150390625,560.6770099831849
553,498.85504150390625,561.9859481495462
554,498.85504150390625,559.8942660072705
555,466.8769531250001,559.3379018134694
556,498.85504150390625,559.7123555530179
557,498.85504150390625,556.5382197834505
558,511.6460876464844,556.9606522088887
559,511.6460876464844,554.5003303381277
560,447.69033813476574,556.25548075896
561,492.4594421386719,556.6618329916382
562,479.66827392578125,557.7040599477909
563,466.8769531250001,557.5682425542185
564,466.8769531250001,552.4713976125507
565,466.8769531250001,551.4185902038328
566,466.8769531250001,549.5706774983817
567,466.8769531250001,548.624826941833
568,466.8769531250001,543.1139825096923
569,466.8769531250001,542.2831027124538
570,466.8769531250001,542.418710592114
571,466.8769531250001,541.291159095225
572,466.8769531250001,539.5866062841849
573,460.4815368652344,536.4666298609166
574,447.69033813476574,534.5989704692422
575,447.69033813476574,533.0077646846929
576,479.66827392578125,532.5793611127574
577,479.66827392578125,531.5590807389059
578,434.8992004394531,530.5160157271044
579,428.50363159179676,527.7778784087891
580,434.8992004394531,525.4225753865096
581,422.10800170898426,524.8326889667593
582,415.71246337890625,521.1267021311162
583,415.71246337890625,517.7462999150049
584,422.10800170898426,513.4885581916286
585,415.71246337890625,510.8121750989292
586,415.71246337890625,505.6140301807211
587,415.71246337890625,500.89300081903093
588,402.92132568359375,497.178057263642
589,402.92132568359375,497.5296216082845
590,415.71246337890625,496.2733238123592
591,415.71246337890625,491.18595937521764
592,422.10800170898426,488.45798348164317
593,422.10800170898426,485.00676556321423
594,383.7345275878906,482.2350536404716
595,383.7345275878906,483.151938898661
596,415.71246337890625,479.89483561986924
597,415.71246337890625,481.3537857473533
598,415.71246337890625,478.08039276188924
599,383.7345275878906,474.81888969094166
600,383.7345275878906,474.7958431606015
601,383.7345275878906,475.27631093971445
602,383.7345275878906,472.6473303696463
603,383.7345275878906,472.5473922335352
604,383.7345275878906,470.86415746305966
605,383.7345275878906,470.2521673255741
606,383.7345275878906,468.3632946502912
607,396.5257873535156,463.8694307478851
608,383.7345275878906,462.07326797874316
609,383.7345275878906,462.55420716415847
610,396.5257873535156,461.66503012085514
611,383.7345275878906,461.56226354692956
612,383.7345275878906,457.25926681852195
613,383.7345275878906,455.5597947198522
614,351.7566833496094,453.5922495705447
615,351.7566833496094,452.6255523797339
616,358.1523132324219,452.45731270825127
617,358.1523132324219,451.5386989602863
618,358.1523132324219,448.8815387690296
619,358.1523132324219,447.52797413937344
620,358.1523132324219,445.4521102974676
621,358.1523132324219,443.76458049179223
622,345.36114501953136,440.6496324024164
623,351.7566833496094,437.9177805014666
624,364.5478515625,436.5536354192452
625,364.5478515625,435.5423117651395
626,345.36114501953136,433.75672944856274
627,358.1523132324219,431.02875355498827
628,338.9655456542969,429.3773648991645
629,358.1523132324219,428.5403568199947
630,351.7566833496094,429.3294909702307
631,358.1523132324219,427.84058035330463
632,358.1523132324219,427.65233210320844
633,358.1523132324219,426.83648492916916
634,351.7566833496094,426.23821795293156
635,351.7566833496094,425.78283946480246
636,351.7566833496094,426.14152728245926
637,345.36114501953136,425.74250803670736
638,351.7566833496094,428.0741883653883
639,351.7566833496094,429.23772387669476
640,338.9655456542969,433.1104837864352
641,345.36114501953136,435.412098868718
642,345.36114501953136,431.02257289457884
643,345.36114501953136,432.3189402262092
644,351.7566833496094,424.6417219420996
645,364.5478515625,422.5241648316694
646,364.5478515625,428.80224921022307
647,358.1523132324219,415.1670838053749
648,358.1523132324219,436.3818340112555
649,351.7566833496094,391.64789007939714
650,358.1523132324219,396.410979358958
651,358.1523132324219,390.4715742194476
652,351.7566833496094,351.6741022323291
653,351.7566833496094,298.2238557688913
654,345.36114501953136,384.6383926334138
655,345.36114501953136,368.59643616236724
656,345.36114501953136,378.37371714523977
657,345.36114501953136,380.3143397568318
658,345.36114501953136,397.48589048541123
659,345.36114501953136,336.31882760846133
660,338.9655456542969,371.184771033472
661,338.9655456542969,377.8872258411517
662,332.5699462890624,409.9349976333932
663,326.1744079589844,410.50351363410084
664,326.1744079589844,418.98547485490406
665,326.1744079589844,417.0762793301395
666,332.5699462890624,416.4572704765958
667,332.5699462890624,415.0648410162298
668,326.1744079589844,411.292752541293
669,326.1744079589844,409.18326171648175
670,326.1744079589844,407.60373633253664
671,319.77880859375,407.35860505528296
672,326.1744079589844,404.9002735666876
673,319.77880859375,404.2175724838403
674,326.1744079589844,401.96498365700836
675,332.5699462890624,402.3884112735295
676,338.9655456542969,402.14097534324185
677,338.9655456542969,399.9427553766212
678,332.5699462890624,401.0173522322061
679,326.1744079589844,400.31254743162367
680,326.1744079589844,397.8291790305225
681,319.77880859375,400.8249137038664
682,316.4127502441406,397.3833334253977
683,313.046630859375,400.2228754772095
684,313.046630859375,391.1492469684024
685,323.1448669433594,391.0980208168737
686,316.4127502441406,386.8215275983572
687,316.4127502441406,395.09240355263637
688,323.1448669433594,392.1799506593851
689,350.0736389160156,392.9221536932922
690,350.0736389160156,396.14164922484713
691,350.0736389160156,395.53552547690276
692,336.60928344726574,407.76778572577564
693,329.8770751953125,405.8712657926982
694,336.60928344726574,401.8336184340699
695,343.3414611816406,401.0762256415295
696,343.3414611816406,395.1182785207909
697,336.60928344726574,383.7021797168255
698,329.8770751953125,393.75423819552566
699,329.8770751953125,383.6301069310347
700,333.2431945800781,384.4955041453052
701,323.1448669433594,398.8292936903265
702,329.8770751953125,400.62346607730274
703,333.2431945800781,405.4434383840212
704,336.60928344726574,404.96113735817664
705,336.60928344726574,405.0072304188568
706,336.60928344726574,405.64520028145307
707,329.8770751953125,403.7073013507195
708,333.2431945800781,407.2796183103901
709,333.2431945800781,409.1520441435665
710,333.2431945800781,409.90964645001907
711,329.8770751953125,410.5592443347415
712,326.5110168457031,405.3872886555562
713,329.8770751953125,407.2641142808885
714,319.77880859375,409.26591495483785
715,316.4127502441406,406.7165496713991
716,323.1448669433594,399.98717232600393
717,316.4127502441406,396.43308307669326
718,296.2161560058594,389.8281569951346
719,292.8500671386719,383.0877801693499
720,289.4839782714844,386.2159276351932
721,265.9212951660156,381.2057166962129
722,265.9212951660156,380.3469191701762
723,265.9212951660156,383.4324305548904
724,265.9212951660156,382.66896185889675
725,265.9212951660156,383.3648623182114
726,282.7518310546875,373.5349933433811
727,276.0196228027344,370.3061744427339
728,276.0196228027344,362.11575183073296
729,269.2874450683594,360.4858383509079
730,269.2874450683594,351.8077721083017
731,252.45693969726562,352.0148766104943
732,259.18914794921875,345.2035793254357
733,242.3586883544922,347.9415071298388
734,242.3586883544922,345.71007920813724
735,242.3586883544922,345.86438620445983
736,245.72476196289062,344.3879416653085
737,265.9212951660156,343.6048834185258
738,249.0908966064453,341.44489974087855
739,232.26040649414062,343.46492812518784
740,228.89431762695312,342.3027544543105
741,232.26040649414062,337.0175565055905
742,222.1621856689453,338.4567075683733
743,222.1621856689453,326.2950535079058
744,212.06385803222656,323.6133801889239
745,191.8672637939453,313.11558086205514
746,175.0368194580078,309.12957868277977
747,171.6707305908203,305.9796417700695
748,171.6707305908203,305.60859263159387
749,181.76901245117188,294.1919700428482
750,171.6707305908203,303.04571370081953
751,191.8672637939453,296.8994135730286
752,208.69775390625,286.7787392880887
753,212.06385803222656,282.2817326769998
754,191.8672637939453,277.17011700452326
755,178.4029083251953,275.1169854220891
756,175.0368194580078,280.85819040067463
757,175.0368194580078,290.2857926641143
758,178.4029083251953,265.8805646035162
759,171.6707305908203,278.087368912059
760,168.3046417236328,249.07388235300277
761,161.5724334716797,266.3161440269439
762,158.2063751220703,234.1112368005654
763,158.2063751220703,245.39942736114313
764,154.84027099609375,232.6914657746595
765,144.7419891357422,254.55769949047203
766,154.84027099609375,250.61538096188679
767,171.6707305908203,236.70470476251853
768,175.0368194580078,243.4728421816676
769,185.1350860595703,239.05859356589076
770,188.50120544433594,247.1061276897833
771,188.50120544433594,242.73744834990634
772,185.1350860595703,242.7250870290875
773,181.76901245117188,241.70035448460203
774,178.4029083251953,246.30086096830905
775,181.76901245117188,245.76586719355078
776,191.8672637939453,252.9867641769265
777,201.96559143066406,253.84419986253397
778,205.3316650390625,256.33343465317625
779,205.3316650390625,259.45435388904934
780,205.3316650390625,265.8885261321791
781,212.06385803222656,267.7785511339789
782,222.1621856689453,272.6592824752304
783,228.89431762695312,277.15985082282623
784,232.26040649414062,277.87146482555477
785,232.26040649414062,280.0584757978736
786,225.5281982421875,281.1598904342177
787,225.5281982421875,283.77996666301806
788,218.79600524902344,284.90526588535135
789,218.79600524902344,291.57042721666244
790,218.79600524902344,296.3242978840872
791,225.5281982421875,299.69631954371107
792,235.6265106201172,301.1795732850085
793,232.26040649414062,301.4945774519749
794,242.3586883544922,302.61799104909846
795,245.72476196289062,305.06867527989925
796,245.72476196289062,307.26815232999274
797,242.3586883544922,310.1771482436932
798,235.6265106201172,310.3862431280513
799,232.26040649414062,314.1026009023476
800,235.6265106201172,313.05314571622466
801,242.3586883544922,315.17583591750326
802,228.89431762695312,306.33738677512133
803,228.89431762695312,305.81904935638136
804,228.89431762695312,305.66641847135634
805,249.0908966064453,311.62394656427045
806,222.1621856689453,309.3292454410898
807,242.3586883544922,313.85673632640123
808,242.3586883544922,317.4307293973693
809,235.6265106201172,317.16925603496543
810,235.6265106201172,316.8833743017922
811,249.0908966064453,316.6837075434821
812,249.0908966064453,316.6140441676812
813,249.0908966064453,318.27098494217785
814,235.6265106201172,320.5254593942195
815,245.72476196289062,321.30160368190013
816,249.0908966064453,318.23012972930223
817,245.72476196289062,322.26421535142345
818,245.72476196289062,326.8933204841435
819,242.3586883544922,337.46361162462745
820,238.99261474609375,329.90267356177924
821,238.99261474609375,330.4057164649298
822,238.99261474609375,319.84893897178176
823,232.26040649414062,315.54499943076917
824,232.26040649414062,304.19866875956063
825,235.6265106201172,312.5639307312781
826,232.26040649414062,300.6784160070674
827,238.99261474609375,301.7644313708663
828,238.99261474609375,309.64184019806635
829,232.26040649414062,313.17990163309514
830,232.26040649414062,315.9662271512125
831,238.99261474609375,315.6450423238364
832,238.99261474609375,316.43281463364315
833,228.89431762695312,314.53996119402905
834,228.89431762695312,314.6585460683243
835,225.5281982421875,315.7777693872042
836,222.1621856689453,314.01795728182583
837,215.429931640625,314.1795972650748
838,225.5281982421875,314.8842973087012
839,225.5281982421875,314.09830586714793
840,228.89431762695312,315.12450500901855
841,225.5281982421875,314.10878156275703
842,228.89431762695312,314.4262998966699
843,235.6265106201172,317.8899838928737
844,242.3586883544922,319.5964747076016
845,238.99261474609375,311.5154183577599
846,242.3586883544922,319.7116026023459
847,235.6265106201172,305.8120306403232
848,259.18914794921875,311.47728682574257
849,259.18914794921875,300.24755064666374
850,292.8500671386719,303.0821691215392
851,326.5110168457031,302.84478985903615
852,323.1448669433594,319.9316969670938
853,296.2161560058594,324.28256762443516
854,319.77880859375,334.7389879536479
855,319.77880859375,330.0270200686597
856,333.2431945800781,327.1563652008888
857,326.5110168457031,329.6969309000159
858,329.8770751953125,335.83432668653893
859,326.5110168457031,332.52515920056976
860,326.5110168457031,341.6579753895684
861,333.2431945800781,332.22199256964143
862,326.5110168457031,358.5341115019702
863,329.8770751953125,351.1489556114433
864,329.8770751953125,349.5718396374882
865,326.5110168457031,374.61032349765856
866,326.5110168457031,378.42955260283645
867,329.8770751953125,389.4626599753319
868,363.53802490234375,394.1049644845194
869,356.8058166503905,400.7692877601819
870,370.2701721191406,414.1996533158714
871,363.53802490234375,419.734382334001
872,370.2701721191406,405.21831568538084
873,383.7345275878906,410.1551967550972
874,390.46673583984386,392.0196725165654
875,390.46673583984386,410.9725105265218
876,390.46673583984386,389.7917015744148
877,403.9311828613281,393.4035119065319
878,397.1989746093749,394.0645282994682
879,383.7345275878906,421.09150870016424
880,390.46673583984386,426.01016205952067
881,397.1989746093749,420.4517579693145
882,383.7345275878906,438.4032242359939
883,383.7345275878906,441.56719858082045
884,377.00241088867176,452.88943515212793
885,383.7345275878906,455.6640278911631
886,383.7345275878906,450.32697524917785
887,383.7345275878906,454.48278845427717
888,403.9311828613281,447.885300116601
889,430.8598632812499,453.3365378407258
890,457.78863525390625,447.3464303344672
891,457.78863525390625,449.449740498869
892,444.3243713378906,458.4426013945297
893,444.3243713378906,465.73274272588174
894,457.78863525390625,465.0035295545299
895,477.9852294921875,475.4299893943005
896,484.7173767089844,472.2315500109198
897,491.44952392578125,465.91522934339275
898,498.1817932128906,483.70411281421843
899,504.91387939453125,482.90408394054896
900,511.6460876464844,489.9254713010487
901,518.3782958984375,500.2200945115783
902,511.6460876464844,517.8476522700232
903,518.3782958984375,520.1069979205231
904,552.0392456054688,542.5694558519294
905,572.23583984375,544.4423007129303
906,572.23583984375,555.8664658025148
907,572.23583984375,562.3399219041788
908,572.23583984375,542.165146379895
909,572.23583984375,545.5259590452172
910,578.9679565429688,536.2540256185292
911,585.7001342773438,532.6356155981784
912,585.7001342773438,535.4980470448961
913,592.4323120117188,561.123222237656
914,597.6443481445312,537.9835629635971
915,590.695068359375,552.3197095401305
916,590.695068359375,553.3231240440513
917,590.695068359375,555.7792032580907
918,583.7457275390625,541.738523676213
919,590.695068359375,573.5301123323333
920,583.7457275390625,552.9804116621985
921,590.695068359375,613.1221658314045
922,583.7457275390625,564.2558218741332
923,590.695068359375,606.994617198754
924,590.695068359375,600.8294608188668
925,590.695068359375,600.0860530799646
926,590.695068359375,611.0855858480328
927,590.695068359375,609.3613387292474
928,597.6443481445312,641.2549606606007
929,604.5936889648438,633.2979889252491
930,590.695068359375,641.5158054812681
931,590.695068359375,630.0240721550048
932,590.695068359375,628.4787499172234
933,597.6443481445312,616.4310714249833
934,604.5936889648438,621.9684717454933
935,604.5936889648438,618.3321482856509
936,597.6443481445312,629.2300668063104
937,597.6443481445312,624.2112134184526
938,597.6443481445312,625.9156090940587
939,597.6443481445312,626.2433412311905
940,604.5936889648438,644.7332058737012
941,597.6443481445312,640.7846019277505
942,597.6443481445312,647.1486393887772
943,597.6443481445312,649.3717391324694
944,555.9482421875,647.6334022030898
945,597.6443481445312,650.0582114657359
946,597.6443481445312,652.1265851852813
947,597.6443481445312,653.795049224948
948,576.79638671875,654.0965921230569
949,542.0494995117188,653.0322614491689
950,548.9988403320312,653.5462514542311
951,555.9482421875,652.6784972084484
952,548.9988403320312,649.4840385893993
953,548.9988403320312,644.712254482483
954,548.9988403320312,641.3523846297655
955,548.9988403320312,637.2897003586314
956,548.9988403320312,632.4621855510744
957,542.0494995117188,627.7593838997442
958,548.9988403320312,624.2129419082281
959,555.9482421875,622.7822761588889
960,555.9482421875,620.2494100960345
961,555.9482421875,615.8837163294062
962,555.9482421875,612.1608112453542
963,555.9482421875,610.7272123012443
964,555.9482421875,610.3634961496953
965,555.9482421875,611.3481067799977
966,555.9482421875,611.8736724287079
967,555.9482421875,612.5823532366658
968,555.9482421875,613.3295322259872
969,555.9482421875,613.8699209839843
970,555.9482421875,614.0573835569098
971,555.9482421875,614.8328469243759
972,555.9482421875,615.7788546163587
973,555.9482421875,616.0748977742728
974,555.9482421875,616.4351569462709
975,555.9482421875,616.2411470635898
976,555.9482421875,616.2550273602719
977,555.9482421875,616.2151149600011
978,555.9482421875,616.0347758600899
979,555.9482421875,616.0619602901955
980,555.9482421875,616.3369472999353
981,555.9482421875,616.2836783877628
982,576.79638671875,616.4663745191862
983,555.9482421875,616.5093772496616
984,555.9482421875,616.4383520334317
985,555.9482421875,616.6261288772255
986,555.9482421875,616.6170150220455
987,555.9482421875,617.5686795896572
988,555.9482421875,617.7101014803806
989,555.9482421875,617.4705223217996
990,542.0494995117188,617.5263577793963
991,555.9482421875,617.4165724894126
992,555.9482421875,617.0142533995438
993,555.9482421875,617.0974304226803
994,555.9482421875,616.3064630257127
995,555.9482421875,616.5894639425935
996,555.9482421875,616.102658367637
997,555.9482421875,615.5100482670283
998,555.9482421875,615.3045674976552
999,555.9482421875,615.3677883206564
1000,555.9482421875,616.1873543666369
1001,555.9482421875,619.9508527711741
1002,555.9482421875,621.2990747960697
1003,555.9482421875,612.4966620465831
1004,555.9482421875,618.076436555832
1005,583.7457275390625,606.3402004940514
1006,562.8976440429688,609.9062320363565
1007,562.8976440429688,600.6960528352845
1008,562.8976440429688,601.4217566486071
1009,562.8976440429688,600.0301128654119
1010,562.8976440429688,609.820750360186
1011,562.8976440429688,611.9202368956906
1012,562.8976440429688,618.3837410865259
1013,562.8976440429688,620.1252207245882
1014,555.9482421875,621.0759948580732
1015,555.9482421875,621.5216309492857
1016,555.9482421875,621.8447537803494
1017,569.8469848632812,622.0617054364145
1018,562.8976440429688,622.2822712074649
1019,555.9482421875,622.0792522265599
1020,555.9482421875,621.4525437367435
1021,555.9482421875,621.5739046703752
1022,555.9482421875,622.878914450883
1023,555.9482421875,622.5182362510606
1024,555.9482421875,619.1713562608985
1025,562.8976440429688,620.345157953902
1026,562.8976440429688,615.8107007310105
1027,562.8976440429688,616.2313522881952
1028,562.8976440429688,613.9269611465761
1029,562.8976440429688,614.3698735569303
1030,562.8976440429688,615.0629979569086
1031,562.8976440429688,618.3618468827027
1032,555.9482421875,618.4572804697019
1033,548.9988403320312,619.5398912324279
1034,555.9482421875,620.8403964638237
1035,555.9482421875,620.5118262710432
1036,555.9482421875,621.2004985003877
1037,555.9482421875,620.2809419398179
1038,555.9482421875,618.7040878582532
1039,625.4417724609375,618.995207439231
1040,625.4417724609375,616.5800881950233
1041,625.4417724609375,616.2283143364685
1042,625.4417724609375,617.4908975497594
1043,625.4417724609375,619.6904793568092
1044,625.4417724609375,625.4447789549062
1045,625.4417724609375,631.9950219053851
1046,625.4417724609375,638.1325748273423
1047,625.4417724609375,644.5876460832123
1048,625.4417724609375,651.8078621463734
1049,625.4417724609375,657.3365152610497
1050,625.4417724609375,662.2672680488347
1051,625.4417724609375,667.1048919026545
1052,625.4417724609375,672.8784144021943
1053,625.4417724609375,678.3951252238761
1054,625.4417724609375,680.7882978857826
1055,625.4417724609375,681.3867743759324
1056,625.4417724609375,681.5058830350083
1057,625.4417724609375,681.4605232730207
1058,632.3911743164062,681.807164040727
1059,632.3911743164062,681.5103875841202
1060,632.3911743164062,681.4351720896466
1061,632.3911743164062,681.0874837523795
1062,660.1885986328125,681.2967357721719
1063,667.1378173828125,681.2641039803494
1064,667.1378173828125,682.1442195469508
1065,667.1378173828125,683.0845703633047
1066,667.1378173828125,685.136916268568
1067,667.1378173828125,688.6616735701732
1068,667.1378173828125,692.8329908047741
1069,660.1885986328125,696.6460916280206
1070,660.1885986328125,700.8368412779764
1071,694.9352416992188,704.9558847914877
1072,694.9352416992188,708.5061504119011
1073,694.9352416992188,710.9982136403578
1074,694.9352416992188,713.8741063559332
1075,701.8846435546875,717.7977257678562
1076,764.4287109375,722.7149125298273
1077,764.4287109375,726.5487552303799
1078,764.4287109375,729.7047680465436
1079,729.6820678710938,734.3845231675336
1080,764.4287109375,740.6549602882927
1081,764.4287109375,749.0639059107002
1082,743.5807495117188,755.6933451199843
1083,743.5807495117188,763.7331796076039
1084,729.6820678710938,769.1878743112798
1085,743.5807495117188,778.0600028150451
1086,729.6820678710938,782.939058044999
1087,729.6820678710938,785.0568246693415
1088,729.6820678710938,786.150487290935
1089,729.6820678710938,791.7508989205338
1090,729.6820678710938,793.7099063779199
1091,736.63134765625,792.5450090261842
1092,736.63134765625,788.6378364563676
1093,764.4287109375,787.2414262316702
1094,771.378173828125,786.7367072172221
1095,764.4287109375,785.9385115902842
1096,799.1757202148438,785.1496917109164
1097,813.0742797851562,785.3323878423397
1098,813.0742797851562,787.7584541884589
1099,813.0742797851562,791.2694883288161
1100,813.0742797851562,796.0654712925896
1101,729.6820678710938,802.3235470925298
1102,764.4287109375,809.6889039183554
1103,729.6820678710938,816.1332375862261
1104,729.6820678710938,819.5388338502773
1105,729.6820678710938,819.6285581831696
1106,729.6820678710938,820.3765752281398
1107,715.7833251953125,818.2646226148604
1108,729.6820678710938,815.4984628107907
1109,729.6820678710938,810.8439541162186
1110,729.6820678710938,808.2617475270451
1111,729.6820678710938,803.9056390218992
1112,729.6820678710938,800.1442881349618
1113,729.6820678710938,795.15984740718
1114,729.6820678710938,787.8209940912454
1115,729.6820678710938,783.3489196357064
1116,729.6820678710938,779.943218614699
1117,729.6820678710938,778.8576222787245
1118,729.6820678710938,778.6067293688858
1119,729.6820678710938,778.565559885142
1120,729.6820678710938,778.4225142615992
1121,729.6820678710938,778.6434466819958
1122,729.6820678710938,779.0425183062257
1123,729.6820678710938,779.1833640336905
1124,729.6820678710938,779.1645601600721
1125,729.6820678710938,779.1648744309405
1126,729.6820678710938,779.1648744309405
1127,729.6820678710938,779.1648744309405
1128,729.6820678710938,779.1648744309405
1129,729.6820678710938,779.1648744309405
1130,729.6820678710938,779.1648744309405
1131,729.6820678710938,779.1648744309405
1132,729.6820678710938,779.1648744309405
1133,729.6820678710938,779.1648744309405
1134,729.6820678710938,779.1648744309405
1135,729.6820678710938,779.1648744309405
1136,729.6820678710938,779.1648744309405
1137,729.6820678710938,779.1652934587648
1138,729.6820678710938,779.1603698818285
1139,729.6820678710938,779.1558653327165
1140,729.6820678710938,779.1538225720728
1141,729.6820678710938,779.1503132140438
1142,729.6820678710938,779.1531940303363
1143,729.6820678710938,779.154084464463
1144,749.3068237304688,779.1596889616139
1145,749.3068237304688,779.1685409244036
1146,784.9879760742188,779.1716836330863
1147,784.9879760742188,779.7562798265541
1148,784.9879760742188,780.6625846321782
1149,784.9879760742188,783.5336585277735
1150,784.9879760742188,786.8048516171596
1151,692.2167358398438,792.019443377474
1152,692.2167358398438,796.9910513781346
1153,692.2167358398438,800.5851054061941
1154,692.2167358398438,800.8023189546495
1155,692.2167358398438,797.7848472129167
1156,692.2167358398438,793.4225056688832
1157,692.2167358398438,789.0053762368141
1158,692.2167358398438,785.0954276076611
1159,692.2167358398438,780.9334861206304
1160,692.2167358398438,775.7145469466382
1161,727.89794921875,771.672447417376
1162,720.76171875,767.1390377640455
1163,720.76171875,761.5606774737038
1164,677.9442749023438,754.0335759076731
1165,677.9442749023438,749.7948475718275
1166,677.9442749023438,748.4781050122375
1167,677.9442749023438,748.1659292830853
1168,677.9442749023438,747.8503489528601
1169,677.9442749023438,746.4573957077137
1170,720.76171875,745.5499909540506
1171,720.76171875,744.7881983693544
1172,735.0342407226562,741.9518514047035
1173,735.0342407226562,742.100501525397
1174,735.0342407226562,744.456223575501
1175,735.0342407226562,748.0733241339005
1176,735.0342407226562,750.1850148547898
1177,713.62548828125,751.6700494643404
1178,713.62548828125,753.8008583297162
1179,713.62548828125,757.3350437573696
1180,735.0342407226562,761.1940281273842
1181,735.0342407226562,763.0665587175167
1182,735.0342407226562,765.0477222711161
1183,735.0342407226562,768.5979878915294
1184,735.0342407226562,772.7043558133537
1185,677.9442749023438,774.0915474259151
1186,692.2167358398438,775.7371220706759
1187,692.2167358398438,776.0513405604719
1188,692.2167358398438,775.3499403609623
1189,692.2167358398438,771.2196878531493
1190,735.0342407226562,767.170621986307
1191,742.17041015625,762.2904668083141
1192,670.8079833984375,761.3265456768397
1193,670.8079833984375,759.9945609801383
1194,685.0804443359375,760.5833998303277
1195,742.17041015625,760.1476632714658
1196,735.0342407226562,759.6115695486684
1197,677.9442749023438,754.4086058104801
1198,677.9442749023438,750.8903958186307
1199,749.3068237304688,750.9560784301
1200,742.17041015625,750.5860768611853
1201,742.17041015625,751.5712112762683
1202,742.17041015625,749.6805577327319
1203,742.17041015625,756.5462238780019
1204,742.17041015625,761.95770633729
1205,742.17041015625,762.4736343460398
1206,742.17041015625,762.2825052796512
1207,742.17041015625,767.0806881395026
1208,677.9442749023438,774.3176129371602
1209,677.9442749023438,779.0070580765888
1210,677.9442749023438,776.9153759343131
1211,677.9442749023438,775.386395781682
1212,677.9442749023438,774.2985995496297
1213,777.851806640625,772.9665100959722
1214,756.4429931640625,768.6052684999778
1215,763.5792236328125,764.8451223180355
1216,749.3068237304688,761.0148413539899
1217,749.3068237304688,759.5141455795035
1218,749.3068237304688,763.4708681895513
1219,799.2605590820312,766.2493369359618
1220,820.6693725585938,769.6302105583754
1221,820.6693725585938,768.7330719864092
1222,820.6693725585938,772.7028892159684
1223,820.6693725585938,778.5980869200083
1224,820.6693725585938,788.9418411429447
1225,749.3068237304688,800.5627397960686
1226,749.3068237304688,812.8958809936576
1227,784.9879760742188,823.2549297321833
1228,799.2605590820312,827.9414416768414
1229,799.2605590820312,829.4684838257848
1230,799.2605590820312,828.7367041090088
1231,799.2605590820312,831.924458282868
1232,799.2605590820312,836.0840951168647
1233,799.2605590820312,838.6315223966158
1234,799.2605590820312,842.0345521152428
1235,799.2605590820312,843.4666320834893
1236,799.2605590820312,844.7192110074734
1237,799.2605590820312,844.1184298642896
1238,820.6693725585938,839.3858772374294
1239,820.6693725585938,838.4415980352221
1240,820.6693725585938,841.7387184712409
1241,820.6693725585938,848.4991038756391
1242,856.3507080078125,849.1881951328078
1243,856.3507080078125,852.53051819538
1244,856.3507080078125,853.2573219567416
1245,856.3507080078125,857.5287344628878
1246,856.3507080078125,860.5277166018705
1247,856.3507080078125,868.5347097837555
1248,856.3507080078125,871.5090740380567
1249,884.8956909179688,875.2732009843306
1250,884.8956909179688,879.8407090268688
1251,856.3507080078125,886.5151937272722
1252,856.3507080078125,892.0619697953523
1253,856.3507080078125,893.4844645021165
1254,856.3507080078125,895.3266155749826
1255,856.3507080078125,896.5272350487454
1256,863.48681640625,897.1189547152273
1257,863.48681640625,896.3247398526208
1258,877.75927734375,894.8083305347208
1259,856.3507080078125,897.0515436139825
1260,856.3507080078125,896.7500007158736
1261,820.6693725585938,897.6326828278992
1262,820.6693725585938,899.892971291004
1263,820.6693725585938,902.3111808654162
1264,820.6693725585938,897.8662908399829
1265,892.0316162109375,892.4199243143164
1266,892.0316162109375,886.3650246307152
1267,892.0316162109375,881.3361669535507
1268,884.8956909179688,882.9512573240888
1269,713.62548828125,887.6146703599288
1270,713.62548828125,889.3687208327221
1271,713.62548828125,884.749829503221
1272,784.9879760742188,880.3371522417857
1273,713.62548828125,868.5724746664264
1274,713.62548828125,857.1603042483146
1275,713.62548828125,847.6553913512794
1276,713.62548828125,841.3666217632044
1277,713.62548828125,827.0355035205635
1278,713.62548828125,822.8021177894785
1279,777.851806640625,817.673374354681
1280,777.851806640625,810.2951324232561
1281,742.17041015625,795.9638046667029
1282,727.89794921875,780.5382381252979
1283,713.62548828125,775.2986618309556
1284,713.62548828125,777.8748448951537
1285,820.6693725585938,782.1209585964037
1286,713.62548828125,781.9465382645117
1287,713.62548828125,778.0143287821893
1288,713.62548828125,777.5923677630534
1289,699.3529052734375,779.4101104651503
1290,685.0804443359375,779.9148294795983
1291,685.0804443359375,779.3477800762759
1292,685.0804443359375,780.5328431420592
1293,685.0804443359375,780.305625304297
1294,685.0804443359375,773.7671675113784
1295,677.9442749023438,764.9884298339684
1296,642.2628784179688,759.867962198702
1297,642.2628784179688,756.8477667761108
1298,642.2628784179688,753.1916966300452
1299,642.2628784179688,746.8611290164897
1300,642.2628784179688,738.9611450652519
1301,570.900390625,731.9958026762611
1302,570.900390625,725.7406076926133
1303,578.0366821289062,718.7834887246756
1304,578.0366821289062,710.5088938984552
1305,570.900390625,700.7499977613767
1306,570.900390625,692.6379857310101
1307,563.76416015625,683.799431831672
1308,542.3553466796875,676.3188423541459
1309,585.3487548828125,665.590368209964
1310,570.895751953125,657.6566001403868
1311,563.6693115234375,653.0543651669042
1312,563.6693115234375,651.6561216954751
1313,563.6693115234375,649.8320935760128
1314,541.9896240234375,639.6637548760513
1315,534.7630615234375,639.3478078964798
1316,541.9896240234375,615.8850781698353
1317,549.2161254882812,624.0209747861908
1318,549.2161254882812,603.1968108910968
1319,556.4426879882812,619.8037740048219
1320,549.2161254882812,601.630275369707
1321,541.9896240234375,597.6168792464138
1322,534.7630615234375,579.35517525427
1323,549.2161254882812,592.6155726487013
1324,578.122314453125,571.3996177378257
1325,599.8018798828125,578.0097292887109
1326,614.2549438476562,574.5058186213679
1327,607.0283813476562,584.8103413642482
1328,607.0283813476562,592.8009924609829
1329,599.8018798828125,591.1385519462915
1330,599.8018798828125,602.8973107536317
1331,592.5752563476562,610.7089322124064
1332,585.3487548828125,620.9566243066071
1333,570.895751953125,625.7247419200603
1334,570.895751953125,627.5789924213549
1335,585.3487548828125,637.2944144216556
1336,578.122314453125,641.514653154751
1337,592.5752563476562,645.4507386444488
1338,585.3487548828125,647.9763764773328
1339,578.122314453125,648.2308311236787
1340,578.122314453125,647.2464823857665
1341,578.122314453125,646.459024346828
1342,578.122314453125,645.2305919012229
1343,585.3487548828125,643.5532758987665
1344,570.895751953125,641.6251717434274
1345,570.895751953125,639.9175809806607
1346,614.2549438476562,638.4111235735892
1347,621.4814453125,637.3125373750594
1348,592.5752563476562,641.5647793582408
1349,592.5752563476562,663.1076807290774
1350,607.0283813476562,657.1426625138026
1351,592.5752563476562,607.333034545407
1352,592.5752563476562,661.1823002545967
1353,592.5752563476562,591.2993538738917
1354,585.3487548828125,593.017786981614
1355,592.5752563476562,572.1384685491379
1356,592.5752563476562,594.3814082790549
1357,578.122314453125,566.5683840583275
1358,585.3487548828125,639.4388940698012
1359,570.895751953125,607.1345201136139
1360,578.122314453125,612.0454738366977
1361,549.2161254882812,615.952279757168
1362,549.2161254882812,613.241064976568
1363,556.4426879882812,646.0986080393957
1364,549.2161254882812,644.5426529705711
1365,549.2161254882812,642.2824168859445
1366,556.4426879882812,631.5696039066983
1367,549.2161254882812,633.2022410673817
1368,549.2161254882812,620.0452387886124
1369,549.2161254882812,623.1775241542214
1370,541.9896240234375,610.9050372342094
1371,541.9896240234375,608.6814660842147
1372,541.9896240234375,605.6250247548159
1373,556.4426879882812,610.5167555764568
1374,556.4426879882812,607.4479529262393
1375,570.895751953125,609.0831566323469
1376,563.6693115234375,610.3165650333663
1377,563.6693115234375,610.5424734091773
1378,570.895751953125,612.6609209537343
1379,585.3487548828125,613.3768823701405
1380,585.3487548828125,614.962640792973
1381,585.3487548828125,615.8725597135824
1382,585.3487548828125,617.9959308350757
1383,585.3487548828125,619.1393530108127
1384,578.122314453125,621.7167931584838
1385,578.122314453125,624.7006379173114
1386,592.5752563476562,628.5286142283229
1387,592.5752563476562,632.2262728859567
1388,599.8018798828125,634.2392825542079
1389,592.5752563476562,636.1517255446113
1390,592.5752563476562,637.6154421135974
1391,592.5752563476562,639.7966914533312
1392,588.9398803710938,642.1504231212693
1393,588.9398803710938,644.4918982253448
1394,588.9398803710938,645.3865750088429
1395,596.2107543945312,647.0265451564527
1396,596.2107543945312,647.9627056945629
1397,596.2107543945312,648.460458371431
1398,596.2107543945312,649.056996857893
1399,618.0234375,649.356392238402
1400,618.0234375,650.4509976726004
1401,618.0234375,651.381920362906
1402,610.7523803710938,652.4933916670351
1403,603.481689453125,652.4925536113864
1404,610.7523803710938,654.3929495518393
1405,603.481689453125,656.2591947246063
1406,618.0234375,658.5774661629076
1407,618.0234375,660.0615055813755
1408,610.7523803710938,662.2750724420634
1409,610.7523803710938,663.6501122477183
1410,603.481689453125,664.2811681512126
1411,581.6690673828125,665.4546031948696
1412,581.6690673828125,666.548213437985
1413,559.8564453125,666.6368378228384
1414,574.398193359375,665.4036389357312
1415,581.6690673828125,661.7954427185992
1416,581.6690673828125,658.0896653968683
1417,596.2107543945312,658.9524960657146
1418,581.6690673828125,668.3334291052156
1419,581.6690673828125,653.2745642886082
1420,574.398193359375,654.6807692887002
1421,581.6690673828125,635.7575251188396
1422,581.6690673828125,642.8431808719014
1423,588.9398803710938,608.2300683604171
1424,603.481689453125,625.411309107435
1425,596.2107543945312,598.0420353527105
1426,574.398193359375,614.2408129870257
1427,581.6690673828125,617.7655702886309
1428,581.6690673828125,611.0986804675442
1429,581.6690673828125,626.3829822536602
1430,581.6690673828125,634.0148407757822
1431,581.6690673828125,639.883639726887
1432,581.6690673828125,641.8629176552766
1433,574.398193359375,638.0770012621358
1434,567.1273193359375,639.095710281646
1435,574.398193359375,637.1907574136031
1436,559.8564453125,640.1056197168446
1437,559.8564453125,639.395053283677
1438,552.5856323242188,638.6715493664323
1439,494.41864013671875,636.8841861816019
1440,538.0438232421875,633.3409916557247
1441,559.8564453125,631.0872505023757
1442,567.1273193359375,627.7263854585755
1443,567.1273193359375,622.0193836261536
1444,567.1273193359375,618.5255820050735
1445,567.1273193359375,615.338770643819
1446,530.77294921875,615.1423513511478
1447,530.77294921875,612.7711776500204
1448,523.5020751953125,612.8767726617605
1449,559.8564453125,612.8900244167061
1450,559.8564453125,613.532394071458
1451,530.77294921875,610.287547356529
1452,559.8564453125,606.9699469355945
1453,559.8564453125,609.0393682247008
1454,530.77294921875,608.2715521150293
1455,545.314697265625,609.694570606574
1456,545.314697265625,610.1195695774366
1457,567.1273193359375,610.7289931694979
1458,545.314697265625,610.3909424721911
1459,530.77294921875,607.5181400868204
1460,567.1273193359375,605.8727225774938
1461,545.314697265625,606.3318723160421
1462,545.314697265625,608.5506770245347
1463,523.5020751953125,609.0273211747502
1464,552.5856323242188,610.0697052663371
1465,552.5856323242188,610.0470777638213
1466,552.5856323242188,610.2487349042972
1467,545.314697265625,607.7948032078576
1468,552.5856323242188,607.3841559399796
1469,552.5856323242188,608.9665097617392
1470,545.314697265625,609.8020512435237
1471,545.314697265625,608.9688667932513
1472,545.314697265625,608.4230830520154
1473,545.314697265625,609.6990751556859
1474,538.0438232421875,610.0893995740822
1475,538.0438232421875,608.8585053400091
1476,538.0438232421875,607.5618237375105
1477,538.0438232421875,607.6126832396928
1478,538.0438232421875,607.5851845387189
1479,538.0438232421875,606.9368961159477
1480,567.1273193359375,605.6094159683582
1481,567.1273193359375,604.6078870896471
1482,567.1273193359375,603.9454564778035
1483,545.314697265625,603.4586509028471
1484,545.314697265625,603.9961064660737
1485,545.314697265625,606.0423240894057
1486,545.314697265625,607.1910364914253
1487,552.5856323242188,608.7450011780841
1488,552.5856323242188,608.677223427493
1489,552.5856323242188,608.3246638917676
1490,545.314697265625,609.1962941449256
1491,545.314697265625,609.3887850517434
1492,545.314697265625,609.9708146997868
1493,567.1273193359375,611.381786141381
1494,559.8564453125,612.6969573466297
1495,559.8564453125,612.299299941307
1496,559.8564453125,610.1594295992293
1497,559.8564453125,608.454772031233
1498,559.8564453125,608.5262686537654
1499,559.8564453125,609.8132078593475
1500,559.8564453125,611.2227127035563
1501,559.8564453125,612.9752442004864
1502,559.8564453125,614.5880299179905
1503,559.8564453125,615.5987250303597
1504,559.8564453125,616.5449946147327
1505,559.8564453125,617.1597084330766
1506,552.5856323242188,617.6450474106477
1507,552.5856323242188,618.0551185152673
1508,538.0438232421875,618.7001594723997
1509,545.314697265625,619.169523014167
1510,545.314697265625,618.0557470570038
1511,545.314697265625,617.2381713931891
1512,545.314697265625,615.5307377658564
1513,545.314697265625,614.7026340279544
1514,545.314697265625,613.1235276718336
1515,559.8564453125,612.2598065688605
1516,559.8564453125,610.8726149562991
1517,567.1273193359375,610.2471111714777
1518,567.1273193359375,609.8183409501959
1519,530.77294921875,609.2934562217002
1520,530.77294921875,609.5857805076731
1521,530.77294921875,609.7527630956828
1522,538.0438232421875,610.0840045908435
1523,559.8564453125,609.6075699545402
1524,567.1273193359375,608.2244114847882
1525,581.6690673828125,606.2596423948172
1526,581.6690673828125,606.4431765818892
1527,581.6690673828125,605.9616612332154
1528,581.6690673828125,608.0335966892678
1529,581.6690673828125,611.9617206503027
1530,581.6690673828125,615.9894684765803
1531,581.6690673828125,618.6445335287152
1532,581.6690673828125,620.270675758121
1533,545.314697265625,621.8175693502437
1534,545.314697265625,625.204833146979
1535,545.314697265625,628.9148531254316
1536,574.398193359375,631.0994023092823
1537,545.314697265625,630.7862313890472
1538,545.314697265625,630.3127299475144
1539,574.398193359375,628.1012582259483
1540,574.398193359375,628.0431704937956
1541,581.6690673828125,625.5142328167947
1542,581.6690673828125,624.0952998465376
1543,574.398193359375,624.1040470523712
1544,574.398193359375,624.3983093420318
1545,574.398193359375,625.348297798346
1546,567.1273193359375,624.4905478418702
1547,567.1273193359375,624.1063517054052
1548,538.0438232421875,626.7339180565662
1549,574.398193359375,629.5034300832308
1550,545.314697265625,629.8513279344102
1551,545.314697265625,628.8335093490267
1552,545.314697265625,626.5292229643636
1553,545.314697265625,626.2870772603585
1554,545.314697265625,625.8637544007935
1555,567.1273193359375,624.2247270657884
1556,538.0438232421875,620.7433915224832
1557,538.0438232421875,619.3340961921864
1558,545.314697265625,617.0278194253576
1559,538.0438232421875,614.9805542324647
1560,538.0438232421875,613.5949339742447
1561,567.1273193359375,611.3103418973268
1562,545.314697265625,610.0707004574199
1563,545.314697265625,608.2899893393014
1564,538.0438232421875,606.2822698973329
1565,545.314697265625,606.2480667511691
1566,545.314697265625,607.1227349560537
1567,545.314697265625,607.9278445420937
1568,552.5856323242188,607.6279777552822
1569,545.314697265625,606.1490190491847
1570,552.5856323242188,606.3971882781651
1571,552.5856323242188,606.4298724484656
1572,632.5650634765625,606.2592233669928
1573,654.3777465820312,607.2720136184838
1574,654.3777465820312,608.7293400131484
1575,654.3777465820312,613.474934881042
1576,676.190185546875,616.6069583542608
1577,668.91943359375,625.1559640269624
1578,668.91943359375,631.9435862399444
1579,668.91943359375,642.2921592828609
1580,690.7319946289062,651.0261133615418
1581,690.7319946289062,661.956873187936
1582,683.461181640625,671.9054317940179
1583,690.7319946289062,682.8447816908116
1584,712.5444946289062,693.6200298158883
1585,887.0451049804688,705.8727700496771
1586,923.3995361328124,717.7206246481729
1587,923.3995361328124,725.8676778803521
1588,930.6704711914062,736.7857097365812
1589,1097.900390625,750.3456072684777
1590,1076.087646484375,771.3243400522845
1591,974.295654296875,792.0322237261171
1592,923.3995361328124,819.4350197067909
1593,836.1492309570312,845.0737609253646
1594,872.503662109375,875.8267891187952
1595,872.503662109375,896.3764374104519
1596,894.3160400390625,913.2835553926177
1597,865.232666015625,912.1086275623363
1598,945.212158203125,927.5401390609998
1599,988.8372802734376,944.7121873851205
1600,1003.3790283203124,949.4211958860992
1601,1010.6500244140624,952.9883797549213
1602,1017.9207763671876,957.8034022954644
1603,996.1082763671876,973.6567438670685
1604,974.295654296875,970.8262894811977
1605,937.9413452148438,965.6456389746568
1606,974.295654296875,959.311247732204
1607,974.295654296875,963.4661966924157
1608,967.0247802734376,971.5283182224438
1609,952.4830322265624,968.4925925811119
1610,974.295654296875,976.7961788949307
1611,974.295654296875,983.4847010274502
1612,967.0247802734376,998.6050057988052
1613,974.295654296875,1005.3655483386375
1614,967.0247802734376,1008.2167446018143
1615,908.8579711914062,1006.7618799956178
1616,908.8579711914062,1006.0634391801179
1617,967.0247802734376,997.8996248349642
1618,974.295654296875,992.2743072390547
1619,970.3827514648438,984.4336419142035
1620,986.0341796875,981.871784363751
1621,986.0341796875,983.3789226910369
1622,978.2086181640624,988.5444096281835
1623,978.2086181640624,989.9600951328018
1624,978.2086181640624,989.3263679269273
1625,978.2086181640624,992.8885496510961
1626,978.2086181640624,994.0517970807733
1627,946.90576171875,993.802554092993
1628,962.5570678710938,994.5712868260302
1629,962.5570678710938,992.8939708235739
1630,962.5570678710938,994.2697439279214
1631,962.5570678710938,998.6317188226085
1632,970.3827514648438,999.5129605264879
1633,978.2086181640624,1000.926341378072
1634,978.2086181640624,1001.2430216563362
1635,993.8598022460938,998.7309498492659
1636,986.0341796875,998.8911232351296
1637,986.0341796875,997.9158621631583
1638,986.0341796875,999.8132725303626
1639,986.0341796875,1001.8841342276152
1640,978.2086181640624,1002.481484580487
1641,1009.5111694335938,1003.8675762450094
1642,1009.5111694335938,1005.6703387023852
1643,1032.9881591796875,1007.7004499437182
1644,1017.3367919921876,1010.0258186657946
1645,1017.3367919921876,1013.3430000589049
1646,1025.1624755859375,1017.6927707682073
1647,1079.942138671875,1021.4211755924539
1648,1095.593505859375,1025.6775292861619
1649,1126.8961181640625,1029.0114717922468
1650,1134.7218017578125,1034.803876733122
1651,1134.7218017578125,1041.5289328540784
1652,1134.7218017578125,1049.937826098008
1653,1150.373291015625,1058.7186589145394
1654,1173.85009765625,1071.2033834275926
1655,1220.80419921875,1082.6100017270319
1656,1212.978515625,1095.584805469919
1657,1267.7581787109375,1106.7598061394403
1658,1259.9326171875,1118.5383640114817
1659,1252.10693359375,1131.9405237567437
1660,1267.7581787109375,1149.5808749584512
1661,1259.9326171875,1168.7482421198633
1662,1259.9326171875,1186.101821154271
1663,1259.9326171875,1197.4904998249795
1664,1267.7581787109375,1211.950835772959
1665,1267.7581787109375,1220.8031521174034
1666,1267.7581787109375,1233.4695906654165
1667,1267.7581787109375,1244.6700079914094
1668,1275.583740234375,1254.613184708872
1669,1283.4095458984375,1264.20968137477
1670,1275.583740234375,1268.985786706125
1671,1275.583740234375,1274.5033355834557
1672,1275.583740234375,1276.7264484217676
1673,1275.583740234375,1279.3812122976535
1674,1283.4095458984375,1280.3376171175285
1675,1267.7581787109375,1283.73221390119
1676,1267.7581787109375,1286.3751140517988
1677,1275.583740234375,1280.547078651233
1678,1267.7581787109375,1284.8883051213043
1679,1259.9326171875,1281.594360130517
1680,1291.2353515625,1281.336487788479
1681,1306.88623046875,1276.4904179050743
1682,1299.06103515625,1281.897029165904
1683,1299.06103515625,1278.9140093681058
1684,1299.06103515625,1285.9534542089118
1685,1299.06103515625,1296.336099451797
1686,1291.2353515625,1298.5422547578416
1687,1299.06103515625,1302.6019174455234
1688,1306.88623046875,1300.1793800993626
1689,1322.537841796875,1298.241779071223
1690,1314.7120361328125,1300.0270798534802
1691,1306.88623046875,1302.5677666778377
1692,1259.9326171875,1309.0820550767933
1693,1267.7581787109375,1312.1515451945352
1694,1267.7581787109375,1317.3672696394374
1695,1259.9326171875,1316.4956557545538
1696,1330.36376953125,1311.9910248012545
1697,1299.06103515625,1304.5091127671576
1698,1299.06103515625,1303.6732242779563
1699,1299.06103515625,1302.3619487220121
1700,1291.2353515625,1306.2572739348257
1701,1283.4095458984375,1308.7419125140195
1702,1322.537841796875,1311.5646050641749
1703,1314.7120361328125,1313.0457833082796
1704,1314.7120361328125,1307.150179671035
1705,1283.4095458984375,1305.75423430533
1706,1299.06103515625,1304.0621050145512
1707,1299.06103515625,1305.9861825743906
1708,1330.36376953125,1305.5067001653958
1709,1322.537841796875,1311.6883852287615
1710,1314.7120361328125,1310.1383129177523
1711,1299.06103515625,1312.8146730948677
1712,1306.88623046875,1314.972941377359
1713,1299.06103515625,1320.99983494348
1714,1314.7120361328125,1326.2522325071513
1715,1314.7120361328125,1324.4400468342096
1716,1322.537841796875,1326.0958991184593
1717,1330.36376953125,1320.9951765325889
1718,1338.189208984375,1322.3687170043095
1719,1346.014892578125,1322.340881116883
1720,1322.537841796875,1326.4723825240321
1721,1322.537841796875,1328.6105669338478
1722,1322.537841796875,1331.7232070965347
1723,1322.537841796875,1331.5177050484049
1724,1322.537841796875,1332.6217467927886
1725,1299.06103515625,1335.8213270448941
1726,1299.06103515625,1338.3480959255385
1727,1291.2353515625,1340.1720503877661
1728,1299.06103515625,1344.9081205567925
1729,1299.06103515625,1338.2286435327005
1730,1291.2353515625,1337.3520111348892
1731,1299.06103515625,1337.0833308212716
1732,1291.2353515625,1333.6997777123404
1733,1299.06103515625,1329.6771858924953
1734,1299.06103515625,1327.3653864698877
1735,1338.189208984375,1326.9082893129478
1736,1291.2353515625,1326.0959809598314
1737,1291.2353515625,1323.8526451185116
1738,1314.7120361328125,1322.346027302351
1739,1299.06103515625,1319.5852755761396
1740,1299.06103515625,1320.113060762857
1741,1314.7120361328125,1319.7887266794885
1742,1314.7120361328125,1320.2843056495176
1743,1314.7120361328125,1320.9857320382662
1744,1299.06103515625,1321.693983997435
1745,1322.537841796875,1323.4397062922192
1746,1369.4918212890625,1324.6414649978794
1747,1330.36376953125,1327.7706813120403
1748,1330.36376953125,1330.6925279579636
1749,1330.36376953125,1333.1702149310242
1750,1330.36376953125,1336.7671792382703
1751,1330.36376953125,1340.8217874028207
1752,1330.36376953125,1343.6209603795062
1753,1330.36376953125,1345.938994068622
1754,1361.666259765625,1347.7670618782035
1755,1369.4918212890625,1351.0199961575083
1756,1369.4918212890625,1354.5634378443287
1757,1439.9229736328125,1358.9041127035532
1758,1369.4918212890625,1367.1231556525306
1759,1369.4918212890625,1376.8339126946303
1760,1369.4918212890625,1382.778200490391
1761,1408.620361328125,1391.624663539914
1762,1369.4918212890625,1396.3895271404187
1763,1408.620361328125,1401.0581845713727
1764,1408.620361328125,1401.9881480807992
1765,1408.620361328125,1405.2356759190734
1766,1408.620361328125,1410.2081481646217
1767,1408.620361328125,1416.346152850952
1768,1408.620361328125,1425.4262631964173
1769,1408.620361328125,1431.3041170769143
1770,1408.620361328125,1434.722591899255
1771,1408.620361328125,1436.1747524665222
1772,1408.620361328125,1436.649864546255
1773,1408.620361328125,1436.9873914587813
1774,1369.4918212890625,1438.7813674264648
1775,1369.4918212890625,1440.0626432091083
1776,1369.4918212890625,1441.455432771511
1777,1369.4918212890625,1439.7633002070772
1778,1369.4918212890625,1437.6063806703958
1779,1526.005126953125,1432.482384035171
1780,1526.005126953125,1429.2620177114186
1781,1526.005126953125,1433.74501962694
1782,1541.6566162109375,1447.1002809924216
1783,1541.6566162109375,1467.2856893477488
1784,1526.005126953125,1486.665935738558
1785,1565.1334228515625,1504.099287195029
1786,1541.6566162109375,1518.4707761496236
1787,1541.6566162109375,1530.109404917566
1788,1541.6566162109375,1532.4519537804415
1789,1584.697998046875,1537.0815172248442
1790,1643.39013671875,1541.303523731574
1791,1741.2113037109375,1549.5561065023956
1792,1780.339599609375,1565.9860172657068
1793,1780.339599609375,1593.8964130771212
1794,1780.339599609375,1625.3650884160897
1795,1799.903564453125,1660.661661498353
1796,1799.903564453125,1691.7229894135603
1797,1819.4677734375,1716.651687983747
1798,1819.4677734375,1735.7068735398047
1799,1839.0318603515625,1748.703388161842
1800,1839.0318603515625,1759.5964878625214
1801,1878.1605224609373,1772.7004569322694
1802,1858.5963134765625,1782.2270545192155
1803,1878.1605224609373,1801.0630099554128
1804,1956.417236328125,1813.3129217513872
1805,1799.903564453125,1825.300522129309
1806,1858.5963134765625,1843.0449362722738
1807,1858.5963134765625,1847.1493661904103
1808,1858.5963134765625,1853.999947334003
1809,1878.1605224609373,1853.0350310114459
1810,1917.2884521484373,1848.2331292796532
1811,1917.2884521484373,1852.0900185105459
1812,1956.417236328125,1850.8959987250169
1813,1956.417236328125,1861.588122205435
1814,1956.417236328125,1873.6789081851066
1815,1956.417236328125,1886.7039166992008
1816,1956.417236328125,1905.210385319252
1817,1878.1605224609373,1914.678214253831
1818,1936.8526611328125,1919.2113096362932
1819,2347.7001953125,1919.518614166987
1820,2328.135986328125,1914.2442585632225
1821,2210.75146484375,1954.1883478132386
1822,2112.93017578125,1997.6283338234566
1823,2152.05859375,2070.3649644450456
1824,2073.80224609375,2105.1645443383727
1825,2073.80224609375,2138.2339583448947
1826,2093.365966796875,2137.593945721655
1827,2093.365966796875,2119.3891247566685
1828,2112.93017578125,2089.7557912884204
1829,2112.93017578125,2063.2480911190687
1830,2034.673583984375,2065.350982255646
1831,2112.93017578125,2058.816452848581
1832,2152.05859375,2070.323899718258
1833,2132.494140625,2081.6883533428704
1834,2093.365966796875,2084.0144815528784
1835,2152.05859375,2076.7046982922593
1836,2152.05859375,2074.8695135569733
1837,2073.80224609375,2071.1816496747338
1838,2132.494140625,2078.6859142243366
1839,2112.93017578125,2093.8774537258337
1840,2112.93017578125,2097.7733125443924
1841,2152.05859375,2105.1435929471545
1842,2210.75146484375,2105.6699966515134
1843,2191.18701171875,2104.669620099319
1844,2191.18701171875,2111.0067874011083
1845,2191.18701171875,2107.157388292576
1846,2191.18701171875,2122.61569138276
1847,2191.18701171875,2128.697094576252
1848,2191.18701171875,2139.687565867618
1849,2191.18701171875,2152.545644172181
1850,2191.18701171875,2151.9054220350286
1851,2230.315673828125,2152.6693621373247
1852,2249.879638671875,2151.948058116158
1853,2210.75146484375,2157.602000550319
1854,2249.879638671875,2169.466092477009
1855,2249.879638671875,2177.650229671645
1856,2347.7001953125,2183.9438180797
1857,2386.82861328125,2197.363027019566
1858,2465.08544921875,2205.5405645259675
1859,2621.598388671875,2239.3585193622407
1860,2680.29150390625,2256.697785977522
1861,2699.85546875,2312.4554091558275
1862,2778.11181640625,2354.607617904815
1863,2817.24072265625,2427.9237640075016
1864,2856.36865234375,2480.316908027022
1865,2856.36865234375,2541.6991416917826
1866,2875.93310546875,2584.932127956765
1867,2738.983642578125,2621.4991148347863
1868,2621.598388671875,2649.6528610552004
1869,2740.619873046875,2666.424030697599
1870,2701.46826171875,2668.443849567996
1871,2701.46826171875,2662.015334200495
1872,2701.46826171875,2643.5394546116227
1873,2603.5888671875,2645.2401837937655
1874,2623.164306640625,2628.921983229506
1875,2642.740478515625,2631.7413071887922
1876,2662.31689453125,2612.4237054577256
1877,2740.619873046875,2600.3155822018207
1878,2740.619873046875,2594.8912670154114
1879,2740.619873046875,2592.364005449708
1880,2740.619873046875,2596.5096572300668
1881,2623.164306640625,2603.84023474647
1882,2623.164306640625,2615.2633522664937
1883,2623.164306640625,2627.7005171214814
1884,2623.164306640625,2630.2567963640217
1885,2681.892333984375,2615.143719822637
1886,2681.892333984375,2597.3859491677704
1887,2740.619873046875,2585.5938776483936
1888,2740.619873046875,2578.4976414427665
1889,2740.619873046875,2588.4533235218623
1890,2740.619873046875,2597.2550029726563
1891,2740.619873046875,2617.227335679294
1892,2740.619873046875,2627.1438386568116
1893,2740.619873046875,2638.4638753320414
1894,2740.619873046875,2641.451543719766
1895,2897.226806640625,2638.238857390357
1896,2897.226806640625,2637.3701079534917
1897,2858.07470703125,2654.4983940592056
1898,2858.07470703125,2676.0441762463347
1899,2740.619873046875,2698.27831639194
1900,2740.619873046875,2714.9381293900133
1901,2779.771484375,2723.8010916601206
1902,2779.771484375,2725.6705842985266
1903,2740.619873046875,2714.0956739491266
1904,2740.619873046875,2699.234956914966
1905,2740.619873046875,2686.586183008674
1906,2740.619873046875,2673.433213872714
1907,2779.771484375,2667.967100660824
1908,2740.619873046875,2665.5399867451442
1909,2740.619873046875,2669.415679849655
1910,2818.92333984375,2668.9547492428537
1911,2740.619873046875,2668.663839175788
1912,2662.31689453125,2664.1062830440783
1913,2721.0439453125,2657.3554305226844
1914,2721.0439453125,2655.918898383804
1915,2584.012939453125,2649.0686315110793
1916,2662.31689453125,2643.198156448677
1917,2662.31689453125,2636.052579716731
1918,2662.31689453125,2615.8563813949268
1919,2740.619873046875,2605.5515443811782
1920,2584.012939453125,2591.621697658845
1921,2584.012939453125,2592.4125079203786
1922,2662.31689453125,2582.2072947718725
1923,2740.619873046875,2568.2394212744784
1924,2740.619873046875,2568.09653278637
1925,2740.619873046875,2568.458677583578
1926,2740.619873046875,2583.3111188182074
1927,2662.31689453125,2595.7305797476156
1928,2740.619873046875,2609.3382988299677
1929,2681.892333984375,2619.1112847776403
1930,2681.892333984375,2628.694974905656
1931,2662.31689453125,2628.4830515834833
1932,2662.31689453125,2615.479361109954
1933,2740.619873046875,2611.9452804392567
1934,2662.31689453125,2596.4982387218524
1935,2662.31689453125,2602.1212778539675
1936,2662.31689453125,2600.810035034572
1937,2662.31689453125,2606.9618872810356
1938,2662.31689453125,2605.174209825337
1939,2662.31689453125,2597.012595376261
1940,2662.31689453125,2595.426470304082
1941,2662.31689453125,2586.428162046705
1942,2662.31689453125,2586.015105368837
1943,2662.31689453125,2581.3597062401377
1944,2662.31689453125,2579.751686964136
1945,2662.31689453125,2581.6141608864837
1946,2662.31689453125,2582.1893813323813
1947,2662.31689453125,2582.573525090368
1948,2662.31689453125,2580.9444496661918
1949,2662.31689453125,2579.4508249862415
1950,2662.31689453125,2578.884194610743
1951,2662.31689453125,2578.8313971048738
1952,2662.31689453125,2578.709355251027
1953,2662.31689453125,2578.7705333133845
1954,2662.31689453125,2578.738896712645
1955,2662.31689453125,2578.7020222641004
1956,2662.31689453125,2578.7020222641004
1957,2779.771484375,2578.7020222641004
1958,2779.771484375,2578.7020222641004
1959,2779.771484375,2578.802169914124
1960,2779.771484375,2588.5008831799278
1961,2779.771484375,2593.599089962025
1962,2877.65087890625,2613.490759812472
1963,2877.65087890625,2625.4000543657153
1964,2877.65087890625,2646.2530788022123
1965,2838.4990234375,2666.0852467015998
1966,2838.4990234375,2687.238504574255
1967,2838.4990234375,2708.045854977896
1968,2838.4990234375,2728.8982508726567
1969,2897.226806640625,2737.828781379443
1970,2897.226806640625,2728.973256853218
1971,2897.226806640625,2738.056837272854
1972,2858.07470703125,2734.313137933018
1973,2877.65087890625,2746.4979432807813
1974,3073.40966796875,2757.9358315316135
1975,3053.83349609375,2764.54777632923
1976,3053.83349609375,2776.3007735039855
1977,3053.83349609375,2806.8400451285115
1978,3014.681884765625,2837.942490148985
1979,3014.681884765625,2855.6873756982523
1980,2995.10595703125,2874.328457006881
1981,2995.10595703125,2884.853283628421
1982,2995.10595703125,2890.364023303606
1983,2995.10595703125,2886.204019820263
1984,2995.10595703125,2876.697745082799
1985,2995.10595703125,2871.0616113311726
1986,2995.10595703125,2866.0880653268246
1987,2995.10595703125,2867.5695381998685
1988,2995.10595703125,2877.888412645733
1989,2995.10595703125,2880.65598666871
1990,2995.10595703125,2881.8115606513534
1991,2995.10595703125,2881.9816859480457
1992,3053.83349609375,2881.3209838259777
1993,3092.985595703125,2880.1034984822845
1994,3132.136962890625,2884.013237597525
1995,3132.136962890625,2893.6515060996644
1996,3132.136962890625,2911.4803019707606
1997,3132.136962890625,2929.5204973792497
1998,3132.136962890625,2948.385968087826
1999,3132.136962890625,2961.059359878799
2000,3132.136962890625,2971.839374445378
2001,3132.136962890625,2976.589997647164
2002,2818.92333984375,2975.1992442980954
2003,2897.226806640625,2975.706791750358
2004,2905.05712890625,2977.0389859609713
2005,2905.05712890625,2918.47115267856
2006,2905.05712890625,2901.2351764219843
2007,2905.05712890625,2847.2034240952835
2008,2905.05712890625,2843.9297692174296
2009,2905.05712890625,2816.352814797254
2010,2905.05712890625,2805.6354448904176
2011,2905.05712890625,2813.411134713253
2012,2642.740478515625,2813.9050637612236
2013,2955.954345703125,2818.37829054328
2014,2955.954345703125,2807.0657963688886
2015,2936.378662109375,2772.667592752826
2016,2936.378662109375,2767.432992413898
2017,2936.378662109375,2772.184872699157
2018,2936.378662109375,2790.136024694968
2019,2936.378662109375,2797.4793825600145
2020,2936.378662109375,2802.249071527809
2021,2936.378662109375,2819.105827603334
2022,2936.378662109375,2821.39529087871
2023,2936.378662109375,2817.3792234530365
2024,2936.378662109375,2817.373880848276
2025,2936.378662109375,2811.069083445919
2026,2936.378662109375,2808.593886087393
2027,2936.378662109375,2818.5213885453004
2028,2936.378662109375,2811.3739261881447
2029,2897.226806640625,2813.638143037103
2030,2897.226806640625,2812.644837579445
2031,2897.226806640625,2814.5827365101786
2032,2897.226806640625,2806.878176660529
2033,2897.226806640625,2801.7366004986106
2034,2897.226806640625,2797.485772734336
2035,2897.226806640625,2794.7952998310425
2036,2897.226806640625,2784.742612810606
2037,2897.226806640625,2784.0349795722086
2038,2897.226806640625,2778.4994124984305
2039,2897.226806640625,2783.0827388413386
2040,2897.226806640625,2788.440638117586
2041,2897.226806640625,2786.6606079196818
2042,2897.226806640625,2786.711519800342
2043,2897.226806640625,2786.191715784217
2044,2897.226806640625,2788.354946927503
2045,2897.226806640625,2788.3577753653176
2046,2897.226806640625,2764.741052913219
2047,2897.226806640625,2770.4663348344784
2048,2897.226806640625,2769.6610681130046
2049,2897.226806640625,2777.7748086331467
2050,2740.619873046875,2779.376228220915
2051,2740.619873046875,2778.6842037689757
2052,2740.619873046875,2786.7517464714815
2053,2740.619873046875,2767.9265024340443
2054,2740.619873046875,2750.975674611949
2055,2740.619873046875,2718.248239688587
2056,2740.619873046875,2694.3450069615783
2057,2740.619873046875,2675.6496615496944
2058,2740.619873046875,2668.524302910274
2059,2740.619873046875,2664.307835427598
2060,2740.619873046875,2662.2345905095945
2061,2740.619873046875,2664.7146066881005
2062,2740.619873046875,2661.184402024779
2063,2740.619873046875,2656.395647290976
2064,2740.619873046875,2651.070955969809
2065,2740.619873046875,2648.578578470484
2066,2740.619873046875,2648.5649600661923
2067,2897.226806640625,2648.732047411158
2068,2897.226806640625,2648.843508812439
2069,2897.226806640625,2656.680900482412
2070,2897.226806640625,2675.589112029074
2071,2877.65087890625,2701.5131064390844
2072,2877.65087890625,2727.8795942316247
2073,2877.65087890625,2746.6910103508576
2074,2877.65087890625,2757.805513878236
2075,2877.65087890625,2763.332909909439
2076,2877.65087890625,2762.570593539963
2077,2877.65087890625,2758.689662587647
2078,2877.65087890625,2758.7614211025693
2079,2877.65087890625,2759.0574642604834
2080,2877.65087890625,2759.7671926380026
2081,2818.92333984375,2767.590023091079
2082,2818.92333984375,2770.877086859313
2083,2818.92333984375,2771.807747657228
2084,2818.92333984375,2764.2888171337727
2085,2818.92333984375,2756.771562721615
2086,2818.92333984375,2744.5391977157856
2087,2818.92333984375,2737.4591988383527
2088,2818.92333984375,2729.8845376142563
2089,2818.92333984375,2726.05535659825
2090,2818.92333984375,2723.6564223037585
2091,2818.92333984375,2722.9225998263387
2092,2818.92333984375,2723.6244714321506
2093,2811.09326171875,2722.537827526615
2094,2803.2626953125,2721.148540774932
2095,2803.2626953125,2718.9345025079415
2096,2803.2626953125,2717.3045890281164
2097,2803.2626953125,2707.5569542638177
2098,2803.2626953125,2703.7747043641402
2099,2803.2626953125,2706.00403714672
2100,2803.2626953125,2706.249692208754
2101,2803.2626953125,2708.4206753667904
2102,2803.2626953125,2698.6990203276027
2103,2803.2626953125,2705.879376368971
2104,2803.2626953125,2708.189372007741
2105,2740.619873046875,2706.4371024032016
2106,2740.619873046875,2706.6732245822313
2107,2740.619873046875,2702.5711516956067
2108,2740.619873046875,2693.433621443584
2109,2740.619873046875,2690.1825940682456
2110,2740.619873046875,2677.272975341286
2111,2740.619873046875,2670.9270084551854
2112,2818.92333984375,2662.555042038278
2113,2740.619873046875,2658.0433694533363
2114,2740.619873046875,2664.189774338083
2115,2818.92333984375,2665.601164807502
2116,2897.226806640625,2672.1129619550948
2117,2936.378662109375,2674.702030124892
2118,2936.378662109375,2691.6884753120585
2119,2721.0439453125,2713.757937522688
2120,2818.92333984375,2734.7608691633523
2121,2897.226806640625,2752.5892460066243
2122,2897.226806640625,2748.8011297174053
2123,2897.226806640625,2746.8216422751034
2124,2897.226806640625,2747.32238052522
2125,2897.226806640625,2750.686335899225
2126,2897.226806640625,2753.118268634885
2127,2897.226806640625,2756.210170193921
2128,2897.226806640625,2770.242050191487
2129,2897.226806640625,2784.2539216104396
2130,2897.226806640625,2787.1613461697984
2131,2740.619873046875,2785.756555388614
2132,2740.619873046875,2781.179095435247
2133,2740.619873046875,2777.538686454117
2134,2662.31689453125,2762.482073912065
2135,2740.619873046875,2748.424528460257
2136,2740.619873046875,2718.344511331235
2137,2740.619873046875,2690.537196364615
2138,2740.619873046875,2672.2445366919455
2139,2740.619873046875,2659.2409509753725
2140,2740.619873046875,2657.3846577134336
2141,2740.619873046875,2655.923717203784
2142,2740.619873046875,2660.042760717295
2143,2818.92333984375,2661.8962255414194
2144,2818.92333984375,2656.5734198454625
2145,2818.92333984375,2659.2582358731274
2146,2818.92333984375,2665.8210496583374
2147,2818.92333984375,2679.683013873123
2148,2818.92333984375,2688.657856572336
2149,2818.92333984375,2700.65745162173
2150,2799.347412109375,2707.205913703956
2151,2799.347412109375,2709.9089574419804
2152,2799.347412109375,2709.8801492790553
2153,2799.347412109375,2697.410614524635
2154,2799.347412109375,2694.5322076421135
2155,2799.347412109375,2697.1929295698774
2156,2388.254638671875,2699.8653842767235
2157,2505.709716796875,2704.8954990373613
2158,2505.709716796875,2695.3909004111947
2159,2505.709716796875,2651.9492382896788
2160,2329.527099609375,2620.517961184035
2161,2349.102783203125,2546.6400035258307
2162,2431.32177734375,2527.1708184793
2163,2431.32177734375,2460.7328045996587
2164,2431.32177734375,2428.669004993135
2165,2443.067138671875,2404.4665863995297
2166,2427.40625,2401.186541347354
2167,2427.40625,2400.436691055652
2168,2505.709716796875,2389.823659077083
2169,2427.40625,2386.2503993048076
2170,2466.558349609375,2389.305321658343
2171,2466.558349609375,2388.638962660646
2172,2466.558349609375,2393.8475832744634
2173,2466.558349609375,2387.9732322046857
2174,2427.40625,2389.1651568510924
2175,2427.40625,2391.88957100816
2176,2427.40625,2395.8668783600797
2177,2427.40625,2393.7899669486133
2178,2427.40625,2388.731672566787
2179,2427.40625,2382.184991352815
2180,2427.40625,2377.928716226824
2181,2427.40625,2374.1321146241617
2182,2462.642578125,2371.8195000614896
2183,2427.40625,2369.7057142014787
2184,2427.40625,2369.8938576946184
2185,2427.40625,2372.0097386937514
2186,2427.40625,2371.808605338056
2187,2427.40625,2373.0053488044437
2188,2427.40625,2371.624966394028
2189,2427.40625,2368.8444025084955
2190,2427.40625,2364.647315062696
2191,2427.40625,2365.797127412755
2192,2415.66064453125,2366.2703145834193
2193,2415.66064453125,2368.9921098165846
2194,2415.66064453125,2365.6453345833784
2195,2415.66064453125,2362.72020609844
2196,2415.66064453125,2362.1550423203275
2197,2415.66064453125,2361.392935464763
2198,2349.102783203125,2360.7741361251315
2199,2349.102783203125,2357.867025836641
2200,2349.102783203125,2354.1984372343222
2201,2349.102783203125,2346.047612751724
2202,2349.102783203125,2337.4430858922938
2203,2349.102783203125,2325.309716209971
2204,2349.102783203125,2318.5660919185475
2205,2349.102783203125,2308.670854603116
2206,2349.102783203125,2304.732097811038
2207,2349.102783203125,2304.702870620288
2208,2349.102783203125,2307.637636745187
2209,2270.79931640625,2309.084120794896
2210,2270.79931640625,2305.315489299511
2211,2270.79931640625,2301.7665331410485
2212,2270.79931640625,2287.574898785443
2213,2270.79931640625,2277.366019143474
2214,2239.478271484375,2261.245599712315
2215,2231.64794921875,2251.7385916761586
2216,2239.478271484375,2242.590061943746
2217,2239.478271484375,2233.8109052385116
2218,2239.478271484375,2226.957024250802
2219,2239.478271484375,2219.2101949693697
2220,2239.478271484375,2214.301755413232
2221,2239.478271484375,2209.1144004615016
2222,2388.254638671875,2203.8235456371526
2223,2388.254638671875,2199.9829984914104
2224,2407.830322265625,2216.6357927734252
2225,2349.102783203125,2234.406658047803
2226,2349.102783203125,2267.016869937299
2227,2349.102783203125,2285.143594591519
2228,2247.30859375,2302.678337686867
2229,2239.478271484375,2308.5616978548687
2230,2239.478271484375,2308.3640214787247
2231,2239.478271484375,2296.2914108309346
2232,2231.64794921875,2272.187254262143
2233,2231.64794921875,2255.065672601619
2234,2231.64794921875,2234.048808285795
2235,2270.79931640625,2226.3901843613917
2236,2270.79931640625,2216.2001609715194
2237,2270.79931640625,2215.473880994938
2238,2243.393310546875,2216.929531278305
2239,2243.393310546875,2220.420452083093
2240,2153.34423828125,2220.8522602561015
2241,2153.34423828125,2216.0706289953123
2242,2153.34423828125,2209.4526082942425
2243,2192.49609375,2194.762906990901
2244,2192.49609375,2181.396600313861
2245,2192.49609375,2169.8514409399913
2246,2192.49609375,2163.0581618513806
2247,2192.49609375,2165.659119935694
2248,2192.49609375,2164.928649680869
2249,2192.49609375,2166.9751815750697
2250,2192.49609375,2164.887480197125
2251,2192.49609375,2161.053847010485
2252,2192.49609375,2157.7797207263284
2253,2192.49609375,2152.977138074321
2254,2157.25927734375,2151.1540527674633
2255,2157.25927734375,2152.6625529351786
2256,2157.25927734375,2153.9721196432765
2257,2157.25927734375,2152.5385730776447
2258,2157.25927734375,2146.381902011201
2259,2157.25927734375,2137.8700326794333
2260,2157.25927734375,2133.329656688523
2261,2349.102783203125,2128.560386748553
2262,2345.187744140625,2125.890289073219
2263,2345.187744140625,2146.8429373749586
2264,2345.187744140625,2155.85936858574
2265,2345.187744140625,2196.1283091565956
2266,2345.187744140625,2211.8909835827026
2267,2345.187744140625,2245.546722272468
2268,2345.187744140625,2256.485653141437
2269,2345.187744140625,2266.7716339030894
2270,2658.4013671875,2270.2469459214194
2271,2235.56298828125,2269.129817741661
2272,2298.205322265625,2310.656313191915
2273,2298.205322265625,2317.337292823596
2274,2298.205322265625,2345.4312228220824
2275,2231.64794921875,2335.203486928017
2276,2231.64794921875,2319.6238229042015
2277,2192.49609375,2306.550364297915
2278,2192.49609375,2266.4291834136266
2279,2231.64794921875,2250.750943094129
2280,2231.64794921875,2218.371877428249
2281,2231.64794921875,2205.7896765675528
2282,2231.64794921875,2202.7715762840835
2283,2231.64794921875,2202.4845422243934
2284,2231.64794921875,2200.701788345631
2285,2231.64794921875,2193.5623922740942
2286,2231.64794921875,2192.560811016905
2287,2231.64794921875,2194.562087906074
2288,2231.64794921875,2191.9160319521625
2289,2231.64794921875,2188.6939174967056
2290,2231.64794921875,2186.9760605522415
2291,2349.102783203125,2186.179017251821
2292,2349.102783203125,2187.167870538845
2293,2349.102783203125,2202.4379253789325
2294,2192.49609375,2217.6762912398026
2295,2192.49609375,2241.556948842773
2296,2192.49609375,2250.5677231779255
2297,2192.49609375,2252.4624622427496
2298,2192.49609375,2238.023810984681
2299,2192.49609375,2216.0065701166627
2300,2200.326171875,2194.8119856248295
2301,2200.326171875,2173.2650511111833
2302,2200.326171875,2164.8988987053394
2303,2200.326171875,2160.208615510262
2304,2200.326171875,2163.9055932476813
2305,2200.326171875,2171.4656932548805
2306,2200.326171875,2171.1939537107796
2307,2153.34423828125,2166.4122176930346
2308,2270.79931640625,2161.790497925719
2309,2270.79931640625,2159.9429518696143
2310,2270.79931640625,2161.93144841014
2311,2270.79931640625,2171.06127902589
2312,2270.79931640625,2185.2037823690885
2313,2345.187744140625,2195.2053479949527
2314,2345.187744140625,2206.474210897132
2315,2345.187744140625,2219.3940958057883
2316,2349.102783203125,2233.596572506349
2317,2349.102783203125,2249.5580756351173
2318,2349.102783203125,2257.705652652077
2319,2349.102783203125,2271.4872682815408
2320,2349.102783203125,2277.549134302722
2321,2349.102783203125,2282.5392319061325
2322,2349.102783203125,2286.5739460699906
2323,2540.946044921875,2286.8857027713184
2324,2540.946044921875,2288.089779224632
2325,2427.40625,2303.8186171539214
2326,2427.40625,2330.140583240123
2327,2427.40625,2354.258043942338
2328,2427.40625,2374.6018448152754
2329,2427.40625,2381.4418455063033
2330,2427.40625,2378.695118117588
2331,2427.40625,2375.237929052662
2332,2427.40625,2364.6783231216996
2333,2427.40625,2365.285808710073
2334,2505.709716796875,2363.0117447072425
2335,2505.709716796875,2364.924397211558
2336,2427.40625,2374.5506186637467
2337,2431.32763671875,2388.565632791382
2338,2431.32763671875,2393.969834642222
2339,2431.32763671875,2397.560065041384
2340,2431.32763671875,2393.3941951685
2341,2431.32763671875,2388.9215969281804
2342,2431.32763671875,2382.935993971034
2343,2431.32763671875,2374.828957896081
2344,2431.32763671875,2372.2475369840786
2345,2431.32763671875,2370.8490316202597
2346,2431.32763671875,2371.9445798670627
2347,2431.32763671875,2373.958008563138
2348,2431.32763671875,2374.9352862065143
2349,2431.32763671875,2374.276260195744
2350,2431.32763671875,2371.6034912180294
2351,2431.32763671875,2369.7389221565595
2352,2431.32763671875,2371.1976627701315
2353,2431.32763671875,2370.6701067392555
2354,2431.32763671875,2370.527742035927
2355,2431.32763671875,2370.0565452474284
2356,2274.468017578125,2371.1155333165557
2357,2274.468017578125,2370.3625403161714
2358,2274.468017578125,2370.523761271596
2359,2274.468017578125,2351.8389963122772
2360,2274.468017578125,2332.4061619295103
2361,2274.468017578125,2300.4867174084807
2362,2274.468017578125,2281.68944347832
2363,2274.468017578125,2261.1044920924605
2364,2274.468017578125,2249.8237392757646
2365,2274.468017578125,2243.6609923058677
2366,2274.468017578125,2242.4049564023326
2367,2274.468017578125,2244.0657731842048
2368,2274.468017578125,2240.7764047629366
2369,2274.468017578125,2234.8842450106235
2370,2274.468017578125,2230.214337043506
2371,2274.468017578125,2228.2847139123037
2372,2274.468017578125,2228.2461633524617
2373,2274.468017578125,2228.2461633524617
2374,2274.468017578125,2228.2461633524617
2375,2274.468017578125,2228.2461633524617
2376,2274.468017578125,2228.2461633524617
2377,2274.468017578125,2228.2461633524617
2378,2274.468017578125,2228.2461633524617
2379,2274.468017578125,2228.2461633524617
2380,2274.468017578125,2228.2461633524617
2381,2274.468017578125,2228.246058595506
2382,2274.468017578125,2228.248782276364
2383,2274.468017578125,2228.25077265853
2384,2274.468017578125,2228.254124881125
2385,2274.468017578125,2228.54451116341
2386,2274.468017578125,2228.8605628999376
2387,2274.468017578125,2229.434526262362
2388,2274.468017578125,2229.6371262154425
2389,2274.468017578125,2229.872619852736
2390,2274.468017578125,2229.3971280290375
2391,2274.468017578125,2228.6173172478934
2392,2274.468017578125,2228.285656724908
2393,2117.608154296875,2227.7579959370764
2394,2117.608154296875,2227.1413964935227
2395,2117.608154296875,2228.3687289910886
2396,2117.608154296875,2209.444018223843
2397,2078.393310546875,2190.1266260066886
2398,2078.393310546875,2158.4084719767884
2399,1999.963134765625,2140.3116030550545
2400,1999.963134765625,2115.2050271734247
2401,1921.5333251953125,2097.570293563487
2402,1921.5333251953125,2075.5327298459874
2403,1839.181640625,2059.2001775787435
2404,1839.181640625,2027.4950134113988
2405,1839.181640625,2002.900122881797
2406,1843.103271484375,1957.4228759679927
2407,1843.103271484375,1924.979437152594
2408,1843.103271484375,1897.0091203622956
2409,1843.103271484375,1880.7264847846293
2410,1843.103271484375,1867.6022190546387
2411,1843.103271484375,1861.1056116656785
2412,1843.103271484375,1851.6874375282869
2413,1843.103271484375,1846.5997588202772
2414,1843.103271484375,1842.376482135455
2415,1843.103271484375,1836.534815235978
2416,1843.103271484375,1832.5888302139294
2417,1843.103271484375,1831.7948248652351
2418,1764.67333984375,1830.544498215807
2419,1764.67333984375,1831.3464127146863
2420,1764.67333984375,1831.5398464341088
2421,1725.4583740234375,1822.9063018978413
2422,1647.028564453125,1813.0229544969266
2423,1647.028564453125,1797.5193964017112
2424,1647.028564453125,1784.791242911941
2425,1647.028564453125,1761.5131735096465
2426,1647.028564453125,1737.4082312636842
2427,1647.028564453125,1713.149951023243
2428,1647.028564453125,1700.5577982517182
2429,1647.028564453125,1681.8285639645387
2430,1647.028564453125,1669.1883015609292
2431,1647.028564453125,1663.8540773567584
2432,1647.028564453125,1661.1937220783407
2433,1647.028564453125,1658.7868786336644
2434,1490.168701171875,1655.6658546408353
2435,1490.168701171875,1654.152718977813
2436,1490.168701171875,1651.8490611348864
2437,1607.8134765625,1645.8766313649683
2438,1607.8134765625,1624.5732567742343
2439,1607.8134765625,1605.2058169213076
2440,1607.8134765625,1596.4657083714562
2441,1611.7349853515625,1596.1114989136724
2442,1611.7349853515625,1597.9755180011225
2443,1611.7349853515625,1602.1193365347494
2444,1611.7349853515625,1613.8133817324642
2445,1611.7349853515625,1623.5105236439267
2446,1611.7349853515625,1621.6573730906712
2447,1611.7349853515625,1617.8025004311833
2448,1611.7349853515625,1614.0089891587259
2449,1611.7349853515625,1610.5836200192123
2450,1611.7349853515625,1613.4962562371368
2451,1611.7349853515625,1617.0335319949947
2452,1611.7349853515625,1618.659202818098
2453,1611.7349853515625,1618.700293734125
2454,1611.7349853515625,1618.8432869791895
2455,1611.7349853515625,1618.9350540727255
2456,1611.7349853515625,1618.9782139386352
2457,1611.7349853515625,1618.9782139386352
2458,1611.7349853515625,1618.9782139386352
2459,1611.7349853515625,1618.9782139386352
2460,1611.7349853515625,1618.9782139386352
2461,1611.7349853515625,1618.9782139386352
2462,1611.7349853515625,1618.9782139386352
2463,1611.7349853515625,1618.9782139386352
2464,1611.7349853515625,1618.9782139386352
2465,1999.963134765625,1618.9782139386352
2466,2196.0380859375,1618.9782139386352
2467,2352.897705078125,1663.913395983145
2468,2352.897705078125,1736.0359151388875
2469,2352.897705078125,1857.4736356195137
2470,2352.897705078125,1965.5526443024169
2471,2352.897705078125,2072.4936257928216
2472,2352.897705078125,2145.270954491852
2473,2352.897705078125,2196.9243048874555
2474,2352.897705078125,2216.357924947393
2475,2352.897705078125,2217.9722296407604
2476,2352.897705078125,2223.4937592824226
2477,2352.897705078125,2230.9968715055084
2478,2352.897705078125,2249.989883808126
2479,2352.897705078125,2272.269907500499
2480,2352.897705078125,2289.5759661607
2481,2352.897705078125,2297.4770500599766
2482,2352.897705078125,2299.652118739301
2483,2352.897705078125,2299.6513854406085
2484,2352.897705078125,2299.6513854406085
2485,2352.897705078125,2299.6513854406085
2486,2352.897705078125,2299.6513854406085
2487,2352.897705078125,2299.6513854406085
2488,2352.897705078125,2299.6513854406085
2489,2352.897705078125,2299.6513854406085
2490,2352.897705078125,2299.6513854406085
2491,2352.897705078125,2299.6513854406085
2492,2352.897705078125,2299.6513854406085
2493,2352.897705078125,2299.6513854406085
2494,2352.897705078125,2299.6513854406085
2495,2352.897705078125,2299.6513854406085
2496,2352.897705078125,2299.6513854406085
2497,2352.897705078125,2299.6513854406085
2498,2352.897705078125,2299.6513854406085
2499,2352.897705078125,2299.6513854406085
2500,2352.897705078125,2299.6513854406085
2501,2352.897705078125,2299.6513854406085
2502,2352.897705078125,2299.6513854406085
2503,2352.897705078125,2299.6513854406085
2504,2352.897705078125,2299.6513854406085
2505,2352.897705078125,2299.6513854406085
2506,2352.897705078125,2299.6513854406085
2507,2352.897705078125,2299.6513854406085
2508,2352.897705078125,2299.6513854406085
2509,2352.897705078125,2299.6513854406085
2510,2352.897705078125,2299.6513854406085
2511,2352.897705078125,2299.6513854406085
2512,2352.897705078125,2299.6513854406085
2513,2352.897705078125,2299.6513854406085
2514,2352.897705078125,2299.6513854406085
2515,2352.897705078125,2299.6513854406085
2516,2352.897705078125,2299.6513854406085
2517,2352.897705078125,2299.6513854406085
2518,2352.897705078125,2299.6513854406085
2519,2352.897705078125,2299.6513854406085
2520,2352.897705078125,2299.6513854406085
2521,2117.608154296875,2299.6513854406085
2522,2117.608154296875,2299.6513854406085
2523,2117.608154296875,2299.7856838583175
2524,2117.608154296875,2271.172578385442
2525,2117.608154296875,2241.755882302391
2526,2117.608154296875,2193.500166642176
2527,2117.608154296875,2165.2455918515234
2528,2117.608154296875,2134.4016869986835
2529,2117.608154296875,2117.507951717658
2530,2117.608154296875,2108.3576411169925
2531,2117.608154296875,2107.424937558433
2532,2117.608154296875,2109.9944161774415
2533,2117.608154296875,2104.5376787131217
2534,2117.608154296875,2095.315923868402
2535,2117.608154296875,2087.636453309736
2536,2117.608154296875,2084.637890198578
2537,2117.608154296875,2084.630976239476
2538,2117.608154296875,2084.6325999722953
2539,2117.608154296875,2084.624376551242
2540,2117.608154296875,2084.6198720021303
2541,2117.608154296875,2084.6318666736024
2542,2117.608154296875,2084.6291953712225
2543,2117.608154296875,2084.632233322949
2544,2117.608154296875,2084.6313952673004
2545,2117.608154296875,2084.633438027944
2546,2117.608154296875,2084.6320238090366
2547,2117.608154296875,2084.6320238090366
2548,2117.608154296875,2084.6320238090366
2549,2117.608154296875,2084.6320238090366
2550,2117.608154296875,2084.6320238090366
2551,2117.608154296875,2084.6320238090366
2552,2117.608154296875,2084.6320238090366
2553,2117.608154296875,2084.64721356767
2554,2117.608154296875,2084.642447126168
2555,2117.608154296875,2084.664288951513
2556,2117.608154296875,2084.73164767428
2557,2117.608154296875,2076.154148109521
2558,2117.608154296875,2077.7913945762725
2559,2117.608154296875,2076.806626810536
2560,2117.608154296875,2080.3235273404343
2561,2117.608154296875,2080.770368136642
2562,2117.608154296875,2080.314046835908
2563,2117.608154296875,2084.014062525054
2564,2117.608154296875,2084.4198385944737
2565,2117.608154296875,2085.3808265311777
2566,2117.608154296875,2085.131452597202
2567,2117.608154296875,2081.1734729036816
2568,2117.608154296875,2083.216966846155
2569,2274.468017578125,2084.4482801080526
2570,2274.468017578125,2084.637209278363
2571,2274.468017578125,2103.108531939646
2572,2156.82275390625,2122.818762742143
2573,2156.82275390625,2154.7563302165763
2574,2156.82275390625,2166.8709484037586
2575,2156.82275390625,2177.777614130252
2576,2156.82275390625,2170.195567540751
2577,2156.82275390625,2157.2846393518407
2578,2156.82275390625,2141.9568634289467
2579,2156.82275390625,2125.7167591754533
2580,2117.608154296875,2122.2354760106264
2581,2196.0380859375,2118.696838412339
2582,2196.0380859375,2123.8067779735184
2583,2196.0380859375,2125.8797086206537
2584,2196.0380859375,2129.9191892260133
2585,2117.608154296875,2130.676896289422
2586,2039.1778564453125,2136.7848029928055
2587,2039.1778564453125,2139.181380255785
2588,2039.1778564453125,2130.8826389511855
2589,2039.1778564453125,2115.2956419404436
2590,2039.1778564453125,2088.964247728194
2591,2039.1778564453125,2067.1648489503677
2592,2043.10693359375,2048.2747603571097
2593,2043.10693359375,2032.6994961254504
2594,2043.10693359375,2024.5471002885106
2595,2145.262451171875,2026.1670618575067
2596,2160.978515625,2030.8427314572095
2597,2160.978515625,2034.150170453403
2598,2160.978515625,2043.6825296729342
2599,2160.978515625,2058.516009898511
2600,2160.978515625,2077.261743406275
2601,2160.978515625,2091.612713092095
2602,2160.978515625,2102.155662667039
2603,2160.978515625,2108.8602126138408
2604,2160.978515625,2110.892235669622
2605,2160.978515625,2111.1824648164734
2606,2160.978515625,2112.4084878520885
2607,2160.978515625,2114.266509603802
2608,2160.978515625,2116.040725790643
2609,2160.978515625,2121.2756404004394
2610,2160.978515625,2124.082707795863
2611,2160.978515625,2124.440505179393
2612,2160.978515625,2124.4325436507297
2613,2160.978515625,2124.4325436507297
2614,2160.978515625,2124.4325436507297
2615,2160.978515625,2124.4325436507297
2616,2160.978515625,2124.4325436507297
2617,2160.978515625,2124.4325436507297
2618,2160.978515625,2124.4325436507297
2619,2160.978515625,2124.4325436507297
2620,2160.978515625,2124.4325436507297
2621,2160.978515625,2124.4325436507297
2622,2160.978515625,2124.432438893774
2623,2160.978515625,2124.433800734203
2624,2160.978515625,2124.434795925286
2625,2160.978515625,2124.435005439198
2626,2200.269287109375,2124.440819450261
2627,2200.269287109375,2124.43736247071
2628,2200.269287109375,2129.059815536718
2629,2200.269287109375,2134.001463047937
2630,2160.978515625,2141.9890238144667
2631,2160.978515625,2146.8303665402277
2632,2160.978515625,2151.2945318455822
2633,2160.978515625,2149.853966563892
2634,2160.978515625,2146.272064342739
2635,2160.978515625,2138.532306155843
2636,2160.978515625,2132.8240996184263
2637,2160.978515625,2128.6212505400417
2638,2160.978515625,2126.2730709907764
2639,2160.978515625,2126.0918414567386
2640,2160.978515625,2127.0070506036304
2641,2160.978515625,2127.832325903718
2642,2160.978515625,2127.048639115199
2643,2160.978515625,2126.066856922711
2644,2160.978515625,2124.953447614894
2645,2160.978515625,2124.404992571278
2646,2121.688232421875,2124.392474115025
2647,2121.688232421875,2124.4318103520372
2648,2121.688232421875,2124.4480476802314
2649,2121.688232421875,2119.7145522407664
2650,2121.688232421875,2114.8457108140315
2651,2121.688232421875,2106.810904660304
2652,2121.688232421875,2101.9817661199277
2653,2200.269287109375,2096.74554204818
2654,2200.269287109375,2093.8263323312613
2655,2200.269287109375,2101.3323253706394
2656,2200.269287109375,2110.589121417172
2657,2200.269287109375,2127.0050602214646
2658,2200.269287109375,2135.8902309662635
2659,2200.269287109375,2145.159545469049
2660,2200.269287109375,2149.7114447251297
2661,2200.269287109375,2152.439106347836
2662,2200.269287109375,2152.182137534544
2663,2200.269287109375,2150.7258063309623
2664,2200.269287109375,2152.3059078781657
2665,2200.269287109375,2153.527793014015
2666,2200.269287109375,2156.4941433611752
2667,2200.269287109375,2159.348560900752
2668,2278.8505859375,2160.482764464353
2669,2278.8505859375,2160.4534325166474
2670,2278.8505859375,2164.492808365051
2671,2278.8505859375,2174.0871313241105
2672,2278.8505859375,2187.5650565378655
2673,2278.8505859375,2201.4216781478904
2674,2428.154052734375,2211.616101329919
2675,2475.302734375,2218.2017521315565
2676,2475.302734375,2232.7877440483676
2677,2475.302734375,2257.662492786167
2678,2475.302734375,2290.2161359193738
2679,2475.302734375,2324.879898419128
2680,2514.593505859375,2351.1257061982515
2681,2514.593505859375,2369.9213040171144
2682,2514.593505859375,2389.283113183652
2683,2514.593505859375,2398.9517612030577
2684,2514.593505859375,2406.381124529055
2685,2514.593505859375,2412.2173440668153
2686,2546.02587890625,2420.3282561491433
2687,2546.02587890625,2427.042338978949
2688,2546.02587890625,2439.856524118909
2689,2546.02587890625,2448.5419233484417
2690,2546.02587890625,2454.9326214547937
2691,2546.02587890625,2459.293967807744
2692,2546.02587890625,2464.072037332026
2693,2546.02587890625,2467.783785800254
2694,2546.02587890625,2470.3615402187934
2695,2546.02587890625,2471.0679163737177
2696,2546.02587890625,2470.5469600310753
2697,2546.02587890625,2470.943465109881
2698,2546.02587890625,2471.494905726746
2699,2546.02587890625,2472.660745891086
2700,2546.02587890625,2473.8916401251595
2701,2546.02587890625,2474.406311050436
2702,2546.02587890625,2474.406625321304
2703,2294.566162109375,2474.406625321304
2704,2294.566162109375,2474.406625321304
2705,2294.566162109375,2474.547313913335
2706,2294.566162109375,2443.876467551958
2707,2294.566162109375,2412.7873266649085
2708,2294.566162109375,2361.4475138388866
2709,2294.566162109375,2331.6667873334177
2710,2294.566162109375,2298.917143935364
2711,2294.566162109375,2281.230712767596
2712,2294.566162109375,2271.761312478676
2713,2294.566162109375,2270.4812872321954
2714,2294.566162109375,2273.4806883990027
2715,2294.566162109375,2267.803908948413
2716,2294.566162109375,2258.3404798059905
2717,2294.566162109375,2249.9262963357783
2718,2294.566162109375,2246.573340442163
2719,2294.566162109375,2246.57260714347
2720,2294.566162109375,2246.57260714347
2721,2294.566162109375,2246.57260714347
2722,2294.566162109375,2246.57260714347
2723,2294.566162109375,2246.57260714347
2724,2294.566162109375,2246.57260714347
2725,2294.566162109375,2246.57260714347
2726,2294.566162109375,2246.57260714347
2727,2294.566162109375,2246.57260714347
2728,2294.566162109375,2246.57260714347
2729,2294.566162109375,2246.57260714347
2730,2294.566162109375,2246.57260714347
2731,2294.566162109375,2246.57260714347
2732,2294.566162109375,2246.57260714347
2733,2294.566162109375,2246.57260714347
2734,2294.566162109375,2246.57260714347
2735,2294.566162109375,2246.57260714347
2736,2294.566162109375,2246.57260714347
2737,2294.566162109375,2246.57260714347
2738,2294.566162109375,2246.57260714347
2739,2294.566162109375,2246.57260714347
2740,2294.566162109375,2246.57260714347
2741,2294.566162109375,2246.57260714347
2742,2294.566162109375,2246.57260714347
2743,2278.8505859375,2246.57260714347
2744,2278.8505859375,2246.57260714347
2745,2278.8505859375,2246.577844991275
2746,2278.8505859375,2246.027556700927
2747,2278.8505859375,2243.861706633739
2748,2278.8505859375,2241.8083655373925
2749,2278.8505859375,2238.834734581784
2750,2278.8505859375,2236.904168637977
2751,2278.8505859375,2234.9085486244367
2752,2278.8505859375,2233.9504415040255
2753,2294.566162109375,2233.818238225438
2754,2294.566162109375,2233.3298612961403
2755,2294.566162109375,2233.7420799183597
2756,2310.28271484375,2234.684368738401
2757,2318.140380859375,2237.153385436518
2758,2318.140380859375,2241.6288121146517
2759,2318.140380859375,2246.273630790786
2760,2318.140380859375,2251.915840445865
2761,2318.140380859375,2255.784829105186
2762,2325.9990234375,2259.8284476103117
2763,2325.9990234375,2262.137605193433
2764,2325.9990234375,2264.5355966753195
2765,2325.9990234375,2265.0343445432704
2766,2357.431396484375,2265.4685621262693
2767,2357.431396484375,2267.677886330235
2768,2357.431396484375,2272.0890969942857
2769,2357.431396484375,2277.6429965353796
2770,2357.431396484375,2284.2470845612897
2771,2357.431396484375,2289.6797803041864
2772,2357.431396484375,2294.3240751955395
2773,2357.431396484375,2297.516857703291
2774,2357.431396484375,2299.494878548208
2775,2357.431396484375,2299.871479805356
2776,2357.431396484375,2299.355237525738
2777,2357.431396484375,2300.3445622190648
2778,2357.431396484375,2301.1143163324236
2779,2357.431396484375,2301.382913167842
2780,2357.431396484375,2303.0535771035866
2781,2357.431396484375,2303.7350211029607
2782,2357.431396484375,2303.7695908984706
2783,2357.431396484375,2303.7695908984706
2784,2357.431396484375,2303.7695908984706
2785,2357.431396484375,2303.7695908984706
2786,2357.431396484375,2303.7695908984706
2787,2357.431396484375,2303.7695908984706
2788,2357.431396484375,2303.7695908984706
2789,2357.431396484375,2303.7695908984706
2790,2357.431396484375,2303.7695908984706
2791,1768.073486328125,2303.7695908984706
2792,2208.127197265625,2303.7695908984706
2793,2208.127197265625,2304.1249264935327
2794,2208.127197265625,2231.70330003891
2795,2208.127197265625,2185.226200357692
2796,2208.127197265625,2143.8867484525395
2797,2208.127197265625,2146.473930997127
2798,2208.127197265625,2144.035712844101
2799,2208.127197265625,2145.266816592087
2800,2208.127197265625,2166.565058091972
2801,2208.127197265625,2190.0965607602902
2802,2208.127197265625,2187.9407149824087
2803,2200.269287109375,2168.5071996794272
2804,2278.8505859375,2164.0090931202994
2805,2357.431396484375,2147.2781501490404
2806,2357.431396484375,2166.0622247027336
2807,2357.431396484375,2187.928039390722
2808,2357.431396484375,2212.5082115679925
2809,2357.431396484375,2235.0345712426147
2810,2357.431396484375,2257.938317851556
2811,2357.431396484375,2272.929352539094
2812,2357.431396484375,2282.882939479068
2813,2357.431396484375,2286.978622191371
2814,2357.431396484375,2286.1603656073416
2815,2357.431396484375,2287.8532380177776
2816,2396.721923828125,2289.3899178066813
2817,2396.721923828125,2293.8322412866905
2818,2396.721923828125,2299.025776898831
2819,2396.721923828125,2308.7583266614524
2820,2396.721923828125,2317.2206983314663
2821,2357.431396484375,2324.163675110332
2822,2357.431396484375,2329.1768192440827
2823,2357.431396484375,2332.17192537569
2824,2357.431396484375,2329.833540601819
2825,2278.8505859375,2325.256290162364
2826,2278.8505859375,2317.166015200387
2827,2278.8505859375,2313.30415001408
2828,2278.8505859375,2299.123410381908
2829,2278.8505859375,2286.786078906075
2830,2278.8505859375,2271.1530935916094
2831,2278.8505859375,2262.0673132758957
2832,2278.8505859375,2252.0631287261294
2833,2278.8505859375,2245.671697321085
2834,2278.8505859375,2241.580414400938
2835,2278.8505859375,2239.1371679140193
2836,2278.8505859375,2239.6007174447236
2837,2278.8505859375,2237.7071307064166
2838,2282.7861328125,2235.377964544682
2839,2282.7861328125,2233.213476317923
2840,2282.7861328125,2232.6671687919065
2841,2282.7861328125,2233.1593169716234
2842,2282.7861328125,2233.89376799078
2843,2282.7861328125,2234.3803640518245
2844,2282.7861328125,2234.8141626069983
2845,2282.7861328125,2235.1384901430574
2846,2282.7861328125,2235.341509123962
2847,2282.7861328125,2235.452761011331
2848,2282.7861328125,2235.389383052896
2849,2282.7861328125,2235.3994397206807
2850,2282.7861328125,2235.4841880981585
2851,2282.7861328125,2235.6358761705787
2852,2282.7861328125,2235.7791836865117
2853,2282.7861328125,2235.833447789767
2854,2282.7861328125,2235.833447789767
2855,2282.7861328125,2235.833447789767
2856,2282.7861328125,2235.833447789767
2857,2282.7861328125,2235.833447789767
2858,2282.7861328125,2235.833447789767
2859,2282.7861328125,2235.833447789767
2860,2282.7861328125,2235.833447789767
2861,2282.7861328125,2235.833343032811
2862,2282.7861328125,2235.8364857414936
2863,2282.7861328125,2235.835542928889
2864,2282.7861328125,2235.8370095262744
2865,2282.7861328125,2235.8360667136694
2866,2282.7861328125,2235.832190706294
2867,2282.7861328125,2235.833028761943
2868,2282.7861328125,2235.8289432406555
2869,2282.7861328125,2235.8271623724017
2870,2282.7861328125,2235.833971574548
2871,2282.7861328125,2235.832085949338
2872,2282.7861328125,2235.8336573036795
2873,2282.7861328125,2235.833238275855
2874,2282.7861328125,2235.83418108846
2875,2282.7861328125,2235.833447789767
2876,2282.7861328125,2235.833447789767
2877,2282.7861328125,2235.833447789767
2878,2282.7861328125,2235.833447789767
2879,2282.7861328125,2235.833447789767
2880,2282.7861328125,2235.833447789767
2881,2282.7861328125,2235.833447789767
2882,2282.7861328125,2235.833447789767
2883,2282.7861328125,2235.833447789767
2884,2282.7861328125,2235.833447789767
2885,2282.7861328125,2235.833447789767
2886,2282.7861328125,2235.833447789767
2887,2282.7861328125,2235.833447789767
2888,2282.7861328125,2235.833447789767
2889,2282.7861328125,2235.833447789767
2890,2282.7861328125,2235.833447789767
2891,2282.7861328125,2235.833447789767
2892,2282.7861328125,2235.833447789767
2893,2282.7861328125,2235.833447789767
2894,2282.7861328125,2235.833447789767
2895,2282.7861328125,2235.833447789767
2896,2282.7861328125,2235.833447789767
2897,2282.7861328125,2235.833447789767
2898,2282.7861328125,2235.833447789767
2899,2282.7861328125,2235.833447789767
2900,2282.7861328125,2235.833447789767
2901,2282.7861328125,2235.833447789767
2902,2282.7861328125,2235.833447789767
2903,2282.7861328125,2235.833447789767
2904,2282.7861328125,2235.833447789767
2905,2282.7861328125,2235.833447789767
2906,2282.7861328125,2235.833447789767
2907,2282.7861328125,2235.833447789767
2908,2282.7861328125,2235.833447789767
2909,2282.7861328125,2235.833447789767
2910,2282.7861328125,2235.833447789767
2911,2282.7861328125,2235.833447789767
2912,2282.7861328125,2235.833447789767
2913,2282.7861328125,2235.833447789767
2914,2282.7861328125,2235.833447789767
2915,2282.7861328125,2235.833447789767
2916,2282.7861328125,2235.833447789767
2917,2282.7861328125,2235.833447789767
2918,2282.7861328125,2235.833447789767
2919,2282.7861328125,2235.833447789767
2920,2282.7861328125,2235.833447789767
2921,2282.7861328125,2235.833447789767
2922,2282.7861328125,2235.989535654343
2923,2282.7861328125,2236.136300149827
2924,2282.7861328125,2236.262008497137
2925,2282.7861328125,2236.4072016382793
2926,2282.7861328125,2236.2021922752087
2927,2282.7861328125,2235.9356905789123
2928,2282.7861328125,2235.819305600695
2929,2361.502685546875,2235.5782598447286
2930,2361.502685546875,2235.2582273438697
2931,2361.502685546875,2245.1288467746194
2932,2361.502685546875,2254.812789309615
2933,2361.502685546875,2270.9512269372212
2934,2361.502685546875,2280.4709105650654
2935,2361.502685546875,2290.903236794377
2936,2361.502685546875,2296.4288519573265
2937,2361.502685546875,2299.631376861995
2938,2361.502685546875,2299.402168642067
2939,2361.502685546875,2297.779378635256
2940,2361.502685546875,2299.262422862641
2941,2361.502685546875,2300.5277821352684
2942,2361.502685546875,2303.507279480418
2943,2361.502685546875,2306.3853720920715
2944,2361.502685546875,2307.4674066915386
2945,2361.502685546875,2307.4667781498024
2946,2361.502685546875,2307.4667781498024
2947,2361.502685546875,2307.4667781498024
2948,2361.502685546875,2307.4667781498024
2949,2361.502685546875,2307.4667781498024
2950,2361.502685546875,2307.4667781498024
2951,2361.502685546875,2307.4667781498024
2952,2361.502685546875,2307.4667781498024
2953,2361.502685546875,2307.4667781498024
2954,2361.502685546875,2307.4667781498024
2955,2361.502685546875,2307.4667781498024
2956,2361.502685546875,2307.4667781498024
2957,2361.502685546875,2307.4667781498024
2958,2361.502685546875,2307.4667781498024
2959,2361.502685546875,2307.4667781498024
2960,2361.502685546875,2307.4667781498024
2961,2361.502685546875,2307.4667781498024
2962,2361.502685546875,2307.4667781498024
2963,2361.502685546875,2307.4667781498024
2964,2361.502685546875,2307.4667781498024
2965,2361.502685546875,2307.4667781498024
2966,2361.502685546875,2307.4667781498024
2967,2361.502685546875,2307.4667781498024
2968,2361.502685546875,2307.4667781498024
2969,2361.502685546875,2307.4667781498024
2970,2361.502685546875,2307.4667781498024
2971,2361.502685546875,2307.4667781498024
2972,2361.502685546875,2307.4667781498024
2973,2361.502685546875,2307.4667781498024
2974,2361.502685546875,2307.4667781498024
2975,2361.502685546875,2307.4667781498024
2976,2361.502685546875,2307.4667781498024
2977,2361.502685546875,2307.4667781498024
2978,2353.63134765625,2307.4667781498024
2979,2353.63134765625,2307.4667781498024
2980,2353.63134765625,2307.472015997607
2981,2353.63134765625,2306.505109292884
2982,2353.63134765625,2305.5853432184017
2983,2353.63134765625,2304.0124175226906
2984,2353.63134765625,2303.032730469324
2985,2353.63134765625,2301.8988411765918
2986,2353.63134765625,2301.333572641523
2987,2353.63134765625,2301.028310871473
2988,2353.63134765625,2300.9763514212514
2989,2353.63134765625,2301.056071464837
2990,2353.63134765625,2300.909306969353
2991,2353.63134765625,2300.727972678359
2992,2353.63134765625,2300.4360150417324
2993,2353.63134765625,2300.3142874587543
2994,2353.63134765625,2300.31627784092
2995,2353.63134765625,2300.301402353155
2996,2353.63134765625,2300.2952216927456
2997,2353.63134765625,2300.3201538482954
2998,2353.63134765625,2300.312820861369
2999,2353.63134765625,2300.3191062787346
3000,2353.63134765625,2300.3168016257005
3001,2353.63134765625,2300.3216204456803
3002,2353.63134765625,2300.3178491952613
3003,2353.63134765625,2300.3178491952613
3004,2353.63134765625,2300.3178491952613
3005,2353.63134765625,2300.3238203417586
3006,2353.63134765625,2299.8548234493373
3007,2353.63134765625,2300.017091974323
3008,2353.63134765625,2299.8769271670726
3009,2353.63134765625,2300.0692609384564
3010,2353.63134765625,2299.9933121452905
3011,2353.63134765625,2300.0338530872978
3012,2353.63134765625,2300.0482047902824
3013,2353.63134765625,2300.252271340748
3014,2353.63134765625,2300.481165289808
3015,2353.63134765625,2300.3499048238255
3016,2353.63134765625,2300.1125255613224
3017,2353.63134765625,2300.2445193259973
3018,2353.63134765625,2300.3136589170176
3019,2353.63134765625,2300.3178491952613
3020,2353.63134765625,2300.3178491952613
3021,2353.63134765625,2300.3178491952613
3022,2353.63134765625,2300.3178491952613
3023,2353.63134765625,2300.3178491952613
3024,1834.1005859375,2300.3178491952613
3025,1857.7154541015625,2300.3178491952613
3026,1881.33056640625,2300.6155684644727
3027,1826.228759765625,2241.3943660469195
3028,1928.560791015625,2177.019907066843
3029,1928.560791015625,2083.5167288760103
3030,1653.052001953125,2021.7851831411624
3031,1771.1270751953125,1969.8049910425543
3032,2046.6356201171875,1930.8880437470139
3033,2046.6356201171875,1906.3270944711858
3034,2046.6356201171875,1883.1248429158622
3035,2046.6356201171875,1908.640756603419
3036,2007.27734375,1923.279598404578
3037,1983.6622314453125,1954.5504926104463
3038,2030.892333984375,1948.8719846700815
3039,2023.0206298828125,1957.882182841975
3040,1983.6622314453125,1972.517201014237
3041,2007.27734375,1973.9833269932133
3042,1960.04736328125,1974.1913743080108
3043,2030.892333984375,1973.8421669948802
3044,1660.923583984375,1964.704217715033
3045,1637.3087158203125,1964.6368066137884
3046,1653.052001953125,1979.0219270672942
3047,1653.052001953125,1949.621363555481
3048,1668.7952880859375,1904.8113660735003
3049,1676.6671142578125,1840.743111676079
3050,1570.3992919921875,1806.4034671984712
3051,1629.4368896484375,1766.3152585661123
3052,1574.335205078125,1741.578291414812
3053,1574.335205078125,1724.0917888977438
3054,1574.335205078125,1708.2917162383123
3055,1574.335205078125,1692.7380319396075
3056,1574.335205078125,1661.5482196177538
3057,1574.335205078125,1648.032791413718
3058,1645.18017578125,1627.890909573647
3059,1570.3992919921875,1620.85069215029
3060,1570.3992919921875,1614.840995093242
3061,1574.335205078125,1619.1541008679126
3062,1574.335205078125,1621.543659414834
3063,1574.335205078125,1620.3043060565565
3064,1574.335205078125,1610.1948931443962
3065,1574.335205078125,1602.747249729561
3066,1534.9769287109375,1602.4341049985649
3067,1534.9769287109375,1597.495364492878
3068,1534.9769287109375,1595.311522418481
3069,1534.9769287109375,1590.1417928246126
3070,1534.9769287109375,1579.5103236217712
3071,1534.9769287109375,1571.6971569978941
3072,1534.9769287109375,1562.0076230603677
3073,1534.9769287109375,1559.5443810894556
3074,1515.297607421875,1556.158544606247
3075,1515.297607421875,1554.5219921543296
3076,1534.9769287109375,1554.0437635551532
3077,1534.9769287109375,1550.223709488946
3078,1574.335205078125,1548.2600796308725
3079,1574.335205078125,1545.8153272627105
3080,1495.6185302734375,1549.663862126355
3081,1495.6185302734375,1554.9128010736479
3082,1495.6185302734375,1558.249467260591
3083,1495.6185302734375,1558.0090762356006
3084,1495.6185302734375,1552.261808448181
3085,1495.6185302734375,1542.6320383541047
3086,1495.6185302734375,1533.4959485102281
3087,1495.6185302734375,1526.5496587926264
3088,1495.6185302734375,1522.6918267491287
3089,1495.6185302734375,1521.6980106013098
3090,1495.6185302734375,1523.1939923127723
3091,1499.564697265625,1524.0442259576485
3092,1499.564697265625,1522.5001215194816
3093,1499.564697265625,1519.0432205361847
3094,1499.564697265625,1516.4443837802319
3095,1499.564697265625,1515.3402454630293
3096,1499.564697265625,1515.2494997498152
3097,1499.564697265625,1517.0453351534693
3098,1499.564697265625,1517.4086191825745
3099,1499.564697265625,1517.5148034521926
3100,1499.564697265625,1516.969792293508
3101,1499.564697265625,1516.6560713992535
3102,1515.349609375,1516.7718016464953
3103,1515.349609375,1516.8354284027014
3104,1515.349609375,1518.7915943276535
3105,1515.349609375,1520.9338347958626
3106,1515.349609375,1524.0824229627633
3107,1515.349609375,1526.0082355596878
3108,1515.349609375,1528.0294031758945
3109,1515.349609375,1529.1433100792526
3110,1515.349609375,1529.8462554438645
3111,1515.349609375,1529.7873296560633
3112,1515.349609375,1529.5628093099203
3113,1515.349609375,1530.0103572155817
3114,1515.349609375,1530.155642019061
3115,1499.564697265625,1530.7819576702918
3116,1428.5325927734375,1531.2019152126425
3117,1460.1024169921875,1531.396344123148
3118,1460.1024169921875,1524.4501067840242
3119,1420.640380859375,1519.672050354362
3120,1420.640380859375,1506.0298924226947
3121,1420.640380859375,1502.239288155769
3122,1420.640380859375,1488.2504763617758
3123,1341.7158203125,1480.809524297511
3124,1341.7158203125,1469.0506607332145
3125,1341.7158203125,1464.0845786619877
3126,1341.7158203125,1457.1063642620172
3127,1341.7158203125,1447.441048823277
3128,1341.7158203125,1435.366729327641
3129,1341.7158203125,1425.842037007834
3130,1341.7158203125,1418.1441161302769
3131,1341.7158203125,1413.6265771557942
3132,1341.7158203125,1402.223173585445
3133,1341.7158203125,1397.6704068108218
3134,1341.7158203125,1390.9722241227578
3135,1341.7158203125,1382.6606893748956
3136,1341.7158203125,1370.425729997576
3137,1341.7158203125,1365.0832136255995
3138,1341.7158203125,1361.963512189341
3139,1341.7158203125,1368.322125204235
3140,1393.0167236328125,1375.6060891488326
3141,1393.0167236328125,1374.5278192524747
3142,1381.177978515625,1378.036277026443
3143,1381.177978515625,1383.3865961548208
3144,1381.177978515625,1385.146087442021
3145,1381.177978515625,1388.4699078072235
3146,1499.564697265625,1392.9179863725078
3147,1341.7158203125,1397.4530983263749
3148,1341.7158203125,1404.9747787199278
3149,1341.7158203125,1411.9749724387484
3150,1262.7913818359375,1421.6312133061672
3151,1262.7913818359375,1424.4352885810322
3152,1262.7913818359375,1423.7082949476876
3153,1262.7913818359375,1410.4619087961335
3154,1262.7913818359375,1399.472327938894
3155,1381.177978515625,1376.710099793495
3156,1381.177978515625,1365.017832190379
3157,1349.6082763671875,1358.675086171471
3158,1349.6082763671875,1353.8983776692046
3159,1337.7696533203125,1358.063170509634
3160,1337.7696533203125,1358.4366577025796
3161,1337.7696533203125,1360.2804918432598
3162,1337.7696533203125,1354.9640153498026
3163,1337.7696533203125,1350.4520514095768
3164,1511.4033203125,1350.5858375002977
3165,1499.564697265625,1352.7070152730228
3166,1625.8438720703125,1362.2863354809833
3167,1420.640380859375,1379.316734395367
3168,1436.425048828125,1410.5618403849348
3169,1554.811767578125,1450.474836460921
3170,1554.811767578125,1474.178553017744
3171,1558.7581787109375,1483.0032659042586
3172,1535.080810546875,1490.386640926532
3173,1531.1346435546875,1503.9575510334375
3174,1531.1346435546875,1508.6864371668344
3175,1531.1346435546875,1516.3050570286305
3176,1519.2957763671875,1530.3418867923717
3177,1519.2957763671875,1542.995610464839
3178,1523.241943359375,1550.5766094847788
3179,1424.5865478515625,1545.843244991509
3180,1495.6185302734375,1541.858486801087
3181,1467.994873046875,1527.7002044413775
3182,1487.72607421875,1510.3658090245542
3183,1531.1346435546875,1505.4505602662707
3184,1440.371337890625,1503.7475264310938
3185,1475.887451171875,1505.5366835787972
3186,1491.6722412109375,1511.7137167785813
3187,1499.564697265625,1513.1133482796786
3188,1499.564697265625,1516.5253085288125
3189,1483.7799072265625,1518.0747162878813
3190,1491.6722412109375,1516.8523073672516
3191,1491.6722412109375,1513.4220932185187
3192,1491.6722412109375,1503.2708953754977
3193,1420.640380859375,1503.0236034860247
3194,1404.8553466796875,1506.5364054000158
3195,1420.640380859375,1507.691992477279
3196,1420.640380859375,1507.4358355303966
3197,1420.640380859375,1495.8981531842678
3198,1420.640380859375,1487.9118756904497
3199,1420.640380859375,1475.5586080626717
3200,1428.5325927734375,1467.0161758889649
3201,1420.640380859375,1458.4335170441188
3202,1420.640380859375,1452.7297626773359
3203,1436.425048828125,1451.681505648898
3204,1436.425048828125,1457.7393974530576
3205,1436.425048828125,1456.8691224930192
3206,1436.425048828125,1456.0966970772797
3207,1436.425048828125,1456.4829752582468
3208,1491.6722412109375,1454.5814597278259
3209,1460.1024169921875,1455.3558362418726
3210,1420.640380859375,1459.9358889299026
3211,1420.640380859375,1464.091623567285
3212,1767.9078369140625,1468.8966025346629
3213,1767.9078369140625,1471.0028327992156
3214,1767.9078369140625,1488.478898904533
3215,1767.9078369140625,1526.5245171231645
3216,1767.9078369140625,1580.7365561712984
3217,1767.9078369140625,1636.3492219116126
3218,1767.9078369140625,1678.2142132762365
3219,1728.4456787109375,1705.2420055433422
3220,1728.4456787109375,1722.934853074671
3221,1728.4456787109375,1723.8096522257508
3222,1728.4456787109375,1724.0247182566063
3223,1728.4456787109375,1722.9830674637121
3224,1728.4456787109375,1719.016497699792
3225,1728.4456787109375,1719.5426133225214
3226,1728.4456787109375,1728.448054538324
3227,1720.5531005859375,1731.1811635227468
3228,1562.704345703125,1729.6622400379006
3229,1712.6607666015625,1729.216420622015
3230,1688.9833984375,1727.1802072879896
3231,1704.7684326171875,1714.159441430617
3232,1673.19873046875,1697.0817267454565
3233,1673.19873046875,1691.6402576074872
3234,1728.4456787109375,1689.5052322746287
3235,1752.1229248046875,1686.3729207197807
3236,1736.338134765625,1686.874208943917
3237,1720.5531005859375,1691.3249391696522
3238,1728.4456787109375,1707.6576747615695
3239,1617.951416015625,1718.9589861308978
3240,1744.2305908203125,1724.7186021445164
3241,1641.6287841796875,1727.0173625997456
3242,1665.3060302734375,1718.5512458685512
3243,1696.8758544921875,1713.0383586757666
3244,1696.8758544921875,1705.6255731380706
3245,1696.8758544921875,1699.5282206980137
3246,1696.8758544921875,1696.2054348077525
3247,1673.19873046875,1696.4874143443114
3248,1657.41357421875,1697.2155013783852
3249,1657.41357421875,1700.4883705790687
3250,1657.41357421875,1699.3206447895186
3251,1657.41357421875,1694.8298712173173
3252,1657.41357421875,1687.2840181561462
3253,1657.41357421875,1680.5279015977087
3254,1574.5428466796875,1677.182435826454
3255,1574.5428466796875,1674.5142761548077
3256,1574.5428466796875,1670.1669934232123
3257,1499.564697265625,1658.5752172038817
3258,1499.564697265625,1648.6538954063835
3259,1499.564697265625,1629.5999669337991
3260,1499.564697265625,1614.4294312019983
3261,1499.564697265625,1593.0322729463237
3262,1475.887451171875,1575.990070869278
3263,1471.9412841796875,1560.1551534273267
3264,1471.9412841796875,1550.800527478424
3265,1475.887451171875,1541.7857069058427
3266,1539.0269775390625,1529.253723910973
3267,1475.887451171875,1521.5753009218683
3268,1475.887451171875,1516.3810843895137
3269,1475.887451171875,1516.221290747616
3270,1440.371337890625,1517.1050073345828
3271,1460.1024169921875,1516.6189874367972
3272,1460.1024169921875,1517.9213913880221
3273,1515.349609375,1516.775455045339
3274,1515.349609375,1509.9828437823232
3275,1515.349609375,1509.517316964073
3276,1550.8656005859375,1508.4338419564592
3277,1550.8656005859375,1513.458404598424
3278,1578.4891357421875,1517.2791657740847
3279,1578.4891357421875,1526.6459173406547
3280,1578.4891357421875,1543.4128050424729
3281,1578.4891357421875,1556.9950419952559
3282,1578.4891357421875,1566.8362901944417
3283,1578.4891357421875,1570.7996517765816
3284,1578.4891357421875,1576.9838739224776
3285,1617.951416015625,1578.359463702152
3286,1617.951416015625,1579.9408223328287
3287,1617.951416015625,1586.0649663644062
3288,1617.951416015625,1592.147102856591
3289,1736.338134765625,1601.153974995129
3290,1736.338134765625,1608.0964279892137
3291,1736.338134765625,1620.9435330026258
3292,1736.338134765625,1639.164250835699
3293,1736.338134765625,1661.4162520423179
3294,1736.338134765625,1682.4300522171761
3295,1736.338134765625,1697.3480974955578
3296,1736.338134765625,1708.5636914855643
3297,1736.338134765625,1715.0113249975518
3298,1736.338134765625,1717.5677613755267
3299,1736.338134765625,1720.0046962558404
3300,1657.41357421875,1721.7895190844856
3301,1657.41357421875,1723.5582879096096
3302,1657.41357421875,1725.5202547510053
3303,1657.41357421875,1721.4084394674642
3304,1657.41357421875,1713.674128642285
3305,1657.41357421875,1697.7366672349394
3306,1657.41357421875,1688.026090243858
3307,1657.41357421875,1677.7231388553193
3308,1657.41357421875,1671.7030708596185
3309,1657.41357421875,1668.3497221274179
3310,1736.338134765625,1668.3883250657375
3311,1736.338134765625,1668.6247615156358
3312,1736.338134765625,1676.0509821329504
3313,1736.338134765625,1682.7176100616468
3314,1736.338134765625,1696.614065504226
3315,1775.8004150390625,1705.5935960772238
3316,1775.8004150390625,1715.9385026266773
3317,1775.8004150390625,1726.227730853968
3318,1775.8004150390625,1734.583119482574
3319,1775.8004150390625,1742.7167376351345
3320,1775.8004150390625,1746.712220318936
3321,1775.8004150390625,1752.9911689423775
3322,1775.8004150390625,1756.9749712255748
3323,1854.724853515625,1760.9038284853023
3324,1854.724853515625,1763.3450060223377
3325,1854.724853515625,1773.326196420242
3326,1854.724853515625,1784.5110704328747
3327,1886.2945556640625,1801.042372835063
3328,1886.2945556640625,1812.458104989682
3329,1886.2945556640625,1827.387961614863
3330,1886.2945556640625,1837.2776991900996
3331,1886.2945556640625,1847.1391000087133
3332,1886.2945556640625,1851.1212785590913
3333,1886.2945556640625,1855.1491311423251
3334,1807.3701171875,1858.8257860302626
3335,1807.3701171875,1860.7451429797682
3336,1807.3701171875,1864.3793189220105
3337,1815.2626953125,1857.2700404753502
3338,1815.2626953125,1849.2221920805896
3339,1815.2626953125,1837.3134213121266
3340,1886.2945556640625,1831.9452558541823
3341,1886.2945556640625,1825.0168402922136
3342,1886.2945556640625,1824.3289013615617
3343,1886.2945556640625,1829.3805960551542
3344,1894.18701171875,1840.5669104759331
3345,1894.18701171875,1851.8221549738205
3346,1894.18701171875,1857.77685462892
3347,1894.18701171875,1861.402230986851
3348,1894.18701171875,1866.9584875594574
3349,1894.18701171875,1868.8570502531786
3350,1894.18701171875,1876.7654671393818
3351,1894.18701171875,1878.4225126708345
3352,1894.18701171875,1883.2128387589792
3353,1894.18701171875,1882.5507224180037
3354,1941.541748046875,1884.6950973091934
3355,1982.5025634765625,1884.4896165398202
3356,1982.5025634765625,1885.4941833702583
3357,1982.5025634765625,1891.441026253651
3358,1982.5025634765625,1905.7613021513364
3359,1982.5025634765625,1917.265815826243
3360,1982.5025634765625,1933.3426563636679
3361,1982.5025634765625,1943.1713206335032
3362,1982.5025634765625,1948.526234336502
3363,1982.5025634765625,1949.9298727911698
3364,1982.5025634765625,1949.6968409423446
3365,2023.46337890625,1951.173494995408
3366,2031.6556396484373,1952.293084963634
3367,2031.6556396484373,1957.3564076793527
3368,2031.6556396484373,1964.522988180995
3369,2031.6556396484373,1975.252562273216
3370,2031.6556396484373,1985.5332528085855
3371,2031.6556396484373,1991.9576826547986
3372,2031.6556396484373,1996.2612031679869
3373,2023.46337890625,1999.2636422865205
3374,2023.46337890625,2000.0326631011872
3375,2023.46337890625,1999.522444346544
3376,1966.1181640625,1995.7730881310792
3377,1966.1181640625,1996.5832260510115
3378,1925.157470703125,1993.2317367547814
3379,1966.1181640625,1990.2999562031314
3380,2007.0791015625,1982.7614361288865
3381,2031.6556396484373,1965.9754433772014
3382,2031.6556396484373,1964.2546532379672
3383,2031.6556396484373,1964.4257213472642
3384,2031.6556396484373,1974.441795811547
3385,1941.541748046875,1982.5844492515703
3386,1925.157470703125,1989.2278735144926
3387,1925.157470703125,1998.818110952264
3388,1925.157470703125,1994.1712495154866
3389,1925.157470703125,1977.84707780473
3390,1925.157470703125,1957.1592027095107
3391,1966.1181640625,1939.6871042739053
3392,1966.1181640625,1927.3884281148705
3393,1966.1181640625,1925.1441150875698
3394,1966.1181640625,1927.7993896536168
3395,1974.3104248046875,1936.4150731288705
3396,1966.1181640625,1942.1418216475156
3397,1966.1181640625,1947.1470042526034
3398,1966.1181640625,1949.6098926687887
3399,1925.157470703125,1948.6933216814678
3400,1925.157470703125,1948.9410195041455
3401,1925.157470703125,1947.0907497671824
3402,1925.157470703125,1941.7613967614698
3403,1925.157470703125,1935.8625849424448
3404,1925.157470703125,1926.2598814268986
3405,1925.157470703125,1922.095844800746
3406,1925.157470703125,1916.4746389153631
3407,1925.157470703125,1912.7960460237377
3408,1925.157470703125,1912.2680709650376
3409,1925.157470703125,1912.0789846592927
3410,1916.96533203125,1912.1770371701941
3411,1916.96533203125,1910.5154347111516
3412,1916.96533203125,1909.0333856748493
3413,1916.96533203125,1906.9712449941912
3414,1916.96533203125,1905.0441884084132
3415,1916.96533203125,1904.117455996351
3416,1916.96533203125,1902.8826333764246
3417,1916.96533203125,1902.1418445614247
3418,1916.96533203125,1900.6330301228413
3419,1916.96533203125,1900.2483625800737
3420,1884.19677734375,1900.5006697088197
3421,1884.19677734375,1900.7581623068922
3422,1884.19677734375,1900.6624144490247
3423,1884.19677734375,1896.3231194353316
3424,1884.19677734375,1892.0014759687397
3425,1884.19677734375,1885.452804372602
3426,1884.19677734375,1881.318099694155
3427,1884.19677734375,1876.8083651129011
3428,1884.19677734375,1874.2783274878614
3429,1884.19677734375,1872.6359479302614
3430,1802.2750244140625,1871.8494850824056
3431,1761.314208984375,1872.400349536012
3432,1761.314208984375,1871.6704554444455
3433,1843.2359619140625,1860.7327816589493
3434,1843.2359619140625,1855.3286845650657
3435,1843.2359619140625,1834.4400427634973
3436,1843.2359619140625,1834.2329382613048
3437,1761.314208984375,1826.762981614822
