,y_actual,y_predict
0,41.753231048583984,45.53055592692235
1,39.4336051940918,48.03594914245082
2,42.52643966674805,43.09078165520289
3,43.29964828491211,50.40949764966051
4,43.29964828491211,50.601888861728504
5,42.52643966674805,37.813747800033084
6,40.20681381225586,44.31080758515907
7,40.98002243041992,42.83907694740532
8,40.98002243041992,38.72161289599366
9,40.20681381225586,43.01197565834625
10,40.20681381225586,38.047448008528335
11,40.20681381225586,43.6292381940366
12,39.4336051940918,37.22917934348101
13,35.56756591796875,35.17776063693872
14,37.11397933959961,42.03319162075407
15,37.11397933959961,39.339685601874926
16,37.11397933959961,42.094286845349714
17,38.66039276123047,34.13623037055708
18,37.11397933959961,33.321318585982034
19,34.79435348510742,34.14855722298368
20,34.79435348510742,30.945237893454554
21,34.79435348510742,34.762956726963544
22,34.79435348510742,33.960381478124155
23,37.11397933959961,41.494888400980386
24,37.11397933959961,29.200709073012455
25,37.11397933959961,30.401913877936025
26,37.11397933959961,35.57880133697752
27,37.11397933959961,30.466130355816958
28,37.11397933959961,36.53019613490855
29,37.11397933959961,43.14107514854804
30,37.11397933959961,37.40618377746112
31,36.34077072143555,39.62695710383033
32,37.11397933959961,37.450068534096914
33,37.11397933959961,38.55406582719027
34,34.79435348510742,35.6557190885685
35,34.79435348510742,36.947333722365904
36,34.02115249633789,38.209097942117424
37,34.02115249633789,32.98168620419831
38,37.11397933959961,32.11703771654876
39,37.11397933959961,34.1389610637105
40,37.11397933959961,33.38870473369353
41,37.11397933959961,37.28867036654326
42,37.11397933959961,34.72501106654795
43,37.11397933959961,36.0393911599329
44,34.02115249633789,36.85588132388385
45,34.02115249633789,37.505731422312884
46,34.02115249633789,36.412873162402086
47,34.02115249633789,36.28033771137073
48,34.02115249633789,35.08458783721462
49,34.02115249633789,35.84318795186704
50,39.4336051940918,35.78009473783645
51,40.20681381225586,36.14789263789055
52,40.20681381225586,36.83502347618008
53,40.20681381225586,41.71341486418696
54,38.66039276123047,40.15625646006801
55,38.66039276123047,41.23163150548058
56,38.66039276123047,39.65903145118911
57,38.66039276123047,38.765220064436555
58,38.66039276123047,37.346376432969755
59,38.66039276123047,39.294784097788394
60,38.66039276123047,40.03891089317375
61,38.66039276123047,39.9758305902219
62,39.4336051940918,39.45681490820029
63,37.887184143066406,38.34221761946175
64,41.753231048583984,39.313337317937155
65,40.98002243041992,41.67399088525569
66,41.753231048583984,42.08247482218785
67,47.93889617919922,45.26686973805445
68,47.93889617919922,44.940304981840015
69,48.71210861206055,47.70098895728598
70,65.7226791381836,50.627915982582635
71,64.94947814941406,48.94338817281299
72,47.16569137573242,51.99426800954887
73,47.16569137573242,55.929435698582026
74,47.16569137573242,50.68485061205445
75,47.16569137573242,47.26976376903891
76,47.16569137573242,43.168464388209195
77,47.16569137573242,46.060245843291895
78,47.16569137573242,41.00811168257148
79,47.16569137573242,44.131755131313895
80,47.16569137573242,48.64987739205669
81,61.08343124389648,48.91213206506933
82,61.08343124389648,51.94762028206281
83,61.08343124389648,55.11317954793323
84,61.08343124389648,57.67554612616973
85,61.08343124389648,55.61624843382663
86,61.08343124389648,60.30689256339964
87,61.08343124389648,58.97423441723157
88,61.08343124389648,60.18738519775893
89,61.08343124389648,59.80641961127532
90,61.08343124389648,57.249356258631096
91,42.52643966674805,57.24471472582422
92,42.52643966674805,58.84114217592957
93,42.52643966674805,52.48943854302334
94,42.52643966674805,49.06866598370787
95,40.98002243041992,45.69641487218054
96,40.98002243041992,49.28617408557885
97,44.84606170654297,44.799485459912376
98,47.93889617919922,45.13936153830731
99,47.16569137573242,45.86274668569756
100,46.39247894287109,50.346680409937974
101,45.61927032470703,49.39658640318996
102,45.61927032470703,43.285942293660526
103,44.072853088378906,51.86192783858345
104,43.29964828491211,43.625503664511186
105,42.52643966674805,44.570029768552764
106,42.52643966674805,47.328323580547064
107,42.52643966674805,45.19533752018272
108,42.52643966674805,48.236521136785186
109,42.52643966674805,44.51550144138103
110,42.52643966674805,38.2333965923053
111,41.753231048583984,40.04705778385842
112,42.52643966674805,41.51926774541038
113,40.98002243041992,41.59330309867275
114,40.98002243041992,48.413402915517274
115,39.4336051940918,40.10688772273758
116,39.4336051940918,44.058334668176485
117,39.4336051940918,45.188580184347394
118,38.66039276123047,45.12596468023017
119,40.20681381225586,40.72996347163043
120,40.20681381225586,40.07766026824088
121,40.98002243041992,44.51241407967744
122,40.98002243041992,36.95562263491671
123,39.4336051940918,37.796814920266144
124,39.4336051940918,40.33181162545961
125,38.66039276123047,39.24006049055073
126,37.887184143066406,37.064569545090876
127,37.887184143066406,39.264594767925594
128,37.11397933959961,38.038122981908685
129,37.11397933959961,40.28025123251314
130,37.11397933959961,34.153269766723625
131,37.11397933959961,40.562522919226645
132,34.79435348510742,37.203086053348336
133,36.34077072143555,33.193017968777255
134,36.34077072143555,44.65715695565706
135,34.79435348510742,37.32664184911633
136,34.02115249633789,32.3552697136816
137,34.79435348510742,37.152658607561264
138,34.02115249633789,34.60582889870299
139,34.02115249633789,32.45999147333824
140,34.02115249633789,38.20523107403493
141,34.02115249633789,30.63854812907484
142,30.928316116333008,31.093405433069847
143,34.02115249633789,32.89575006410774
144,31.701522827148438,26.30396653592407
145,30.928316116333008,32.01145414238625
146,30.928316116333008,30.86865260214112
147,30.928316116333008,30.267164176900827
148,34.79435348510742,32.71381682581879
149,32.47473907470703,32.10672499240553
150,31.701522827148438,37.09672458669177
151,31.701522827148438,31.704896716563617
152,30.928316116333008,26.895984684908882
153,30.928316116333008,30.1630815156418
154,34.79435348510742,31.715590317529667
155,30.928316116333008,32.27135415741377
156,31.701522827148438,31.48218383607574
157,31.701522827148438,29.02020573669391
158,31.701522827148438,30.100017351538376
159,32.47473907470703,32.42635488545198
160,32.47473907470703,32.0783367580269
161,37.11397933959961,32.96227116954368
162,34.79435348510742,33.94522709945358
163,34.79435348510742,33.37857276465265
164,35.56756591796875,37.418423480106235
165,35.56756591796875,34.73853542152765
166,33.24794006347656,31.786365623410298
167,34.02115249633789,38.48448802386274
168,34.79435348510742,39.12490012373314
169,36.34077072143555,45.76905905670872
170,35.56756591796875,23.005531289320537
171,34.79435348510742,36.11958832552373
172,34.65715026855469,35.047859045970235
173,31.356460571289062,37.448938814707205
174,26.405445098876953,27.24870244499516
175,26.405445098876953,28.733182773004245
176,26.405445098876953,19.67777175512976
177,23.104761123657227,25.921924488250546
178,24.755104064941406,18.748409713067808
179,24.755104064941406,28.05625814245834
180,24.755104064941406,22.559050047657827
181,24.755104064941406,30.07954038065742
182,23.104761123657227,27.15224700350153
183,23.104761123657227,20.56994666265207
184,23.104761123657227,24.065705153402114
185,23.104761123657227,26.005894916603012
186,26.405445098876953,26.167299539696046
187,23.104761123657227,24.675382430332974
188,26.405445098876953,22.308061904730295
189,24.755104064941406,20.75154098512411
190,24.755104064941406,26.175662690949608
191,24.755104064941406,26.167709466446027
192,24.755104064941406,25.356906632679852
193,24.755104064941406,25.492030754998495
194,24.755104064941406,24.414698067272028
195,24.755104064941406,20.81464065469406
196,23.104761123657227,23.181328537438503
197,24.755104064941406,27.531435702773607
198,24.755104064941406,27.35369533730534
199,24.755104064941406,26.30194272433164
200,24.755104064941406,24.905493358938628
201,24.755104064941406,25.484561695947654
202,24.755104064941406,25.34876942530424
203,24.755104064941406,25.47229617114506
204,23.104761123657227,25.27267798275259
205,26.405445098876953,24.81355356723416
206,26.405445098876953,23.667004586384863
207,23.104761123657227,24.479143716800586
208,23.104761123657227,25.138351119546115
209,23.104761123657227,25.50987709358626
210,23.104761123657227,25.42894076873759
211,23.104761123657227,23.147262656184154
212,23.104761123657227,24.997413784024985
213,23.104761123657227,25.41529053074018
214,23.104761123657227,25.979640237986104
215,23.104761123657227,25.139813299213372
216,23.104761123657227,25.230639510376555
217,23.104761123657227,24.59781912480502
218,23.104761123657227,23.899781652750235
219,23.104761123657227,24.72717199492707
220,23.104761123657227,24.941896145444836
221,23.104761123657227,24.45652027907918
222,23.104761123657227,23.165037983838857
223,23.104761123657227,24.234114036711368
224,23.104761123657227,25.143580106435643
225,23.104761123657227,24.252241191261717
226,21.454421997070312,25.01673844112843
227,21.454421997070312,24.48944998540445
228,23.104761123657227,23.6917163910924
229,23.104761123657227,23.837062860003094
230,23.104761123657227,24.009593605199953
231,24.755104064941406,24.34213457698597
232,24.755104064941406,24.077137913626004
233,24.755104064941406,24.621636837309836
234,24.755104064941406,25.154664267533562
235,24.755104064941406,25.14679819281148
236,24.755104064941406,26.18710190671286
237,23.104761123657227,25.73846128713096
238,23.104761123657227,25.922708836283974
239,23.104761123657227,25.41025521003175
240,23.104761123657227,25.155484121033524
241,24.755104064941406,24.524784380144965
242,26.405445098876953,25.609369866353383
243,24.755104064941406,25.670106808514
244,26.405445098876953,25.929893851602543
245,26.405445098876953,25.82663749938284
246,24.755104064941406,26.632153246405167
247,24.755104064941406,26.883312461125996
248,24.755104064941406,26.04864349830973
249,26.405445098876953,27.261584473807567
250,28.0557804107666,26.69958781066193
251,28.0557804107666,26.619932910378168
252,29.706125259399414,28.64456112853584
253,29.706125259399414,29.082136953637935
254,29.706125259399414,28.992153190362515
255,28.0557804107666,30.378109076509944
256,28.0557804107666,30.035261836120064
257,28.0557804107666,29.15578174676844
258,31.356460571289062,29.466212496212947
259,29.706125259399414,29.60722407043683
260,33.00680160522461,31.132241957918467
261,33.00680160522461,30.655481008841782
262,31.356460571289062,30.990278191637543
263,31.356460571289062,33.62926072499949
264,33.00680160522461,30.637031077322938
265,33.00680160522461,30.057530219176137
266,31.356460571289062,31.336224090924915
267,29.706125259399414,32.532806729659725
268,29.706125259399414,33.63545804279448
269,29.706125259399414,32.546447284348076
270,29.706125259399414,30.955899216723758
271,29.706125259399414,31.558811088395082
272,29.706125259399414,31.707979236612687
273,29.706125259399414,30.461801916669515
274,28.0557804107666,32.14477394145104
275,31.356460571289062,31.952679684194052
276,34.65715026855469,31.089780647713717
277,33.00680160522461,29.50238288330185
278,34.65715026855469,32.744790503715016
279,33.00680160522461,34.245425818996985
280,33.00680160522461,35.23423046757591
281,33.00680160522461,34.62982736631017
282,33.00680160522461,33.082867100510626
283,33.00680160522461,34.064422178377285
284,33.00680160522461,33.351311021894055
285,33.00680160522461,32.75986741591315
286,33.00680160522461,34.23868623589493
287,33.00680160522461,33.75791962463929
288,33.00680160522461,33.296800447455595
289,33.00680160522461,34.272710156143376
290,33.00680160522461,34.44897220309597
291,33.00680160522461,34.05221798119871
292,33.00680160522461,33.7541366785686
293,33.00680160522461,33.89004192115098
294,33.00680160522461,34.91502986789755
295,33.00680160522461,34.09237466384845
296,33.00680160522461,34.47920994950404
297,33.00680160522461,34.37069556046765
298,33.00680160522461,33.58790331202697
299,33.00680160522461,33.8503855428024
300,33.00680160522461,34.18383029010018
301,31.356460571289062,34.95572236031499
302,31.356460571289062,34.939060613201576
303,31.356460571289062,34.58657202476292
304,31.356460571289062,33.033524185337676
305,33.00680160522461,32.23375064058478
306,33.00680160522461,32.50936666620804
307,31.356460571289062,32.64573025208568
308,29.706125259399414,33.79029415457876
309,29.706125259399414,32.82782487885887
310,33.00680160522461,31.999404878152546
311,33.00680160522461,30.7605287732366
312,33.00680160522461,31.022049128645932
313,37.95782470703125,33.44301195864184
314,37.95782470703125,33.93313910198366
315,37.95782470703125,35.76315217476046
316,37.95782470703125,37.817666312430546
317,33.00680160522461,37.690882746977664
318,33.00680160522461,37.282915253195085
319,33.00680160522461,34.99003032429571
320,33.00680160522461,34.361832104912935
321,33.00680160522461,33.24325174838323
322,33.00680160522461,33.402987614549176
323,33.00680160522461,33.53724669459227
324,33.00680160522461,36.66344169527058
325,33.00680160522461,34.58750162243217
326,34.65715026855469,34.13677263586414
327,34.65715026855469,33.152348070747614
328,33.00680160522461,33.69047214930379
329,34.65715026855469,36.28202906268561
330,33.00680160522461,34.19193521977895
331,33.00680160522461,34.38265767491986
332,33.00680160522461,34.41126539763706
333,33.00680160522461,34.36629611038714
334,33.00680160522461,34.14961270367064
335,34.65715026855469,33.73685519967569
336,33.00680160522461,33.48279422000814
337,33.00680160522461,34.28967208583749
338,33.00680160522461,34.149189865841926
339,33.00680160522461,34.63777090750468
340,33.00680160522461,34.94217218317781
341,33.00680160522461,33.88969332202502
342,33.00680160522461,34.60686824054152
343,33.00680160522461,33.29777200613075
344,33.00680160522461,33.88643650241296
345,33.00680160522461,34.61647085535408
346,33.00680160522461,33.70037494669703
347,33.00680160522461,33.28315989276724
348,33.00680160522461,34.072084903609216
349,31.356460571289062,33.74488266288201
350,31.356460571289062,34.36771310127881
351,31.356460571289062,33.5955014818652
352,31.356460571289062,33.19222716520446
353,31.356460571289062,33.37029999095027
354,31.356460571289062,31.795529261545703
355,31.356460571289062,32.555433395150814
356,31.356460571289062,33.100813499958626
357,31.356460571289062,32.784314543506525
358,33.00680160522461,32.57401889299643
359,33.00680160522461,31.999485572394676
360,33.00680160522461,32.2222952859731
361,33.00680160522461,33.703964226586635
362,33.00680160522461,32.5992987851685
363,34.65715026855469,34.10181589017676
364,34.65715026855469,33.564834442089044
365,33.00680160522461,34.61598668990135
366,33.00680160522461,34.98578903492976
367,34.65715026855469,34.1932069610348
368,34.65715026855469,34.10349755818259
369,33.00680160522461,34.64093734956556
370,34.65715026855469,34.89597311567795
371,34.65715026855469,33.54499334183601
372,34.65715026855469,34.36114136220037
373,33.00680160522461,34.22820566772808
374,34.65715026855469,34.49668832234773
375,34.65715026855469,35.38456706841945
376,33.00680160522461,35.851789958077276
377,33.00680160522461,35.49487609740064
378,34.65715026855469,35.23375275766254
379,34.65715026855469,34.629339973087745
380,34.65715026855469,34.848450662607284
381,34.65715026855469,35.182095531625535
382,34.65715026855469,34.982060960943706
383,34.65715026855469,36.1058573932842
384,41.25850296020508,35.82786895694254
385,39.60816192626953,35.77975582201954
386,39.60816192626953,36.22363548131622
387,39.60816192626953,37.14204570083734
388,39.60816192626953,38.2815936492401
389,39.60816192626953,40.822238951382126
390,39.60816192626953,39.2149839478688
391,39.60816192626953,39.81659502835711
392,41.25850296020508,40.963978387669954
393,41.25850296020508,41.18496118360673
394,39.60816192626953,40.749652866708274
395,39.60816192626953,41.60521034104032
396,39.60816192626953,40.188372768432686
397,39.60816192626953,39.899290487684056
398,39.60816192626953,40.23818371020994
399,39.60816192626953,39.65546153791762
400,39.60816192626953,39.82191439279782
401,39.60816192626953,39.82098479512857
402,41.25850296020508,38.86378969507379
403,41.25850296020508,38.638785098109636
404,41.25850296020508,38.983456028371485
405,39.60816192626953,40.72462474057161
406,39.60816192626953,40.69376080684468
407,39.60816192626953,40.36921824833782
408,39.60816192626953,39.00652812607909
409,39.60816192626953,38.18452815927603
410,39.60816192626953,40.047606504704845
411,39.60816192626953,40.55186805149681
412,37.95782470703125,41.647936328359236
413,37.95782470703125,41.10941846190151
414,37.95782470703125,39.855667180392736
415,37.95782470703125,38.392793542654324
416,37.95782470703125,38.88024163715768
417,37.95782470703125,40.393691198088675
418,37.95782470703125,39.46057525988319
419,37.95782470703125,38.899427500164684
420,37.95782470703125,38.632536135999686
421,37.95782470703125,40.003134293986406
422,37.95782470703125,38.98576388369618
423,34.65715026855469,38.08607472834744
424,34.65715026855469,38.38907837974701
425,34.65715026855469,36.96671647932368
426,31.356460571289062,37.044996349721686
427,28.0557804107666,35.48450527340308
428,28.0557804107666,35.07379417538834
429,26.405445098876953,32.68031903202898
430,29.706125259399414,31.34331550092262
431,36.30748748779297,29.864561236334545
432,36.30748748779297,29.718914584843155
433,36.30748748779297,31.281180934488447
434,36.30748748779297,33.81670376614055
435,37.95782470703125,34.08370487447483
436,37.95782470703125,34.78160678020285
437,37.95782470703125,34.077394584740865
438,34.65715026855469,35.760857230514496
439,34.918846130371094,36.681652771832745
440,33.25603485107422,34.53150304616898
441,33.25603485107422,33.9453723490894
442,36.58164596557617,35.55805323344303
443,36.58164596557617,34.43539297603163
444,36.58164596557617,34.94506426481547
445,36.58164596557617,35.73122630480719
446,36.58164596557617,38.18924393078565
447,31.593233108520508,36.407218109914155
448,31.593233108520508,35.24918149675633
449,34.918846130371094,34.366538193113506
450,34.918846130371094,36.22618219159761
451,34.918846130371094,32.59937625164094
452,34.918846130371094,33.72797560527255
453,34.918846130371094,34.62807468737127
454,34.918846130371094,37.72943200032434
455,34.918846130371094,36.15938027019908
456,34.918846130371094,33.51593695913261
457,34.918846130371094,35.35799284060373
458,34.918846130371094,36.358288349260874
459,34.918846130371094,35.974574316890575
460,33.25603485107422,36.28466292274848
461,36.58164596557617,37.53972306486448
462,36.58164596557617,34.88510521514892
463,36.58164596557617,36.38070198195277
464,36.58164596557617,37.44828680523086
465,36.58164596557617,35.54117522576073
466,34.918846130371094,36.85375745143119
467,34.918846130371094,36.37181593201026
468,34.918846130371094,36.606239160914924
469,34.918846130371094,35.918391757755344
470,34.918846130371094,35.56050311063387
471,34.918846130371094,35.89120748146918
472,34.918846130371094,36.576527540965486
473,34.918846130371094,36.806134937500296
474,34.918846130371094,36.22106294887737
475,34.918846130371094,36.34406679602924
476,34.918846130371094,36.20844559717912
477,34.918846130371094,36.08938608458219
478,34.918846130371094,36.12182839768504
479,34.918846130371094,36.331662477130195
480,34.918846130371094,36.40657255597718
481,34.918846130371094,35.85093782688047
482,34.918846130371094,36.71124173653415
483,34.918846130371094,36.44853033411109
484,34.918846130371094,35.44667258492646
485,34.918846130371094,36.036750844330655
486,34.918846130371094,36.40349971923716
487,34.918846130371094,36.38706391600169
488,34.918846130371094,36.357219957495175
489,34.918846130371094,36.41947072363801
490,34.918846130371094,36.09070624238331
491,34.918846130371094,36.084153869922986
492,34.918846130371094,36.219432925186496
493,34.918846130371094,36.219432925186496
494,34.918846130371094,36.219432925186496
495,34.918846130371094,36.219432925186496
496,34.918846130371094,36.219432925186496
497,34.918846130371094,36.219432925186496
498,34.918846130371094,36.219432925186496
499,34.918846130371094,36.219432925186496
500,34.918846130371094,36.219432925186496
501,34.918846130371094,36.219432925186496
502,34.918846130371094,36.21943615295618
503,34.918846130371094,36.21943615295618
504,34.918846130371094,36.219432925186496
505,34.918846130371094,36.21943615295618
506,34.918846130371094,36.229858621268704
507,36.58164596557617,36.073905701173445
508,34.918846130371094,35.99583240803528
509,34.918846130371094,36.25554844019076
510,34.918846130371094,35.991662129602396
511,34.918846130371094,35.96164064376321
512,34.918846130371094,36.34059694361798
513,34.918846130371094,36.13923253182598
514,36.58164596557617,35.96957772941836
515,36.58164596557617,36.629553341348895
516,34.918846130371094,35.80881220472294
517,34.918846130371094,36.42062303741551
518,34.918846130371094,36.584454943311584
519,34.918846130371094,35.62540710345768
520,34.918846130371094,35.5447290001838
521,34.918846130371094,36.39024972468067
522,34.918846130371094,35.536762864601485
523,34.918846130371094,35.81099740479961
524,34.918846130371094,35.981707687894186
525,34.918846130371094,36.448782100146516
526,34.918846130371094,36.18625468059549
527,34.918846130371094,35.99041943827371
528,34.918846130371094,36.097042354274755
529,34.918846130371094,36.442833320617254
530,34.918846130371094,36.80418536461062
531,34.918846130371094,36.404587477620964
532,36.58164596557617,36.621080445926054
533,36.58164596557617,36.68865703204896
534,36.58164596557617,36.067882682941445
535,38.24444961547852,36.91685066546178
536,38.24444961547852,36.66554297333545
537,38.24444961547852,36.91085346938725
538,38.24444961547852,37.88813498019111
539,38.24444961547852,37.505883127488076
540,38.24444961547852,37.47411219047968
541,38.24444961547852,38.27164566307127
542,38.24444961547852,38.58721502185412
543,38.24444961547852,39.062897895856054
544,38.24444961547852,39.160092496607525
545,38.24444961547852,38.56805820877429
546,38.24444961547852,38.79103899414601
547,38.24444961547852,39.32451508435593
548,38.24444961547852,38.09170718644758
549,33.25603485107422,38.385805421286534
550,33.25603485107422,38.17895380103022
551,33.25603485107422,36.241081576463074
552,33.25603485107422,35.7810888908994
553,33.25603485107422,34.02294533792642
554,38.24444961547852,34.764977310786286
555,43.232852935791016,34.62572164327098
556,43.232852935791016,35.666787110818
557,43.232852935791016,37.89268290767713
558,43.232852935791016,40.85636616026049
559,43.232852935791016,41.17630753308153
560,44.89565658569336,40.931668413124186
561,44.89565658569336,41.56348173455403
562,43.232852935791016,42.048379891006334
563,38.24444961547852,43.38231704091204
564,34.918846130371094,40.596065901792045
565,34.918846130371094,41.98381804176912
566,34.918846130371094,40.39055057818527
567,34.918846130371094,36.455079478801736
568,34.918846130371094,38.36459897445679
569,34.918846130371094,38.57180887714813
570,34.918846130371094,36.461651217880174
571,34.918846130371094,38.17957030504003
572,34.918846130371094,35.59906204728959
573,34.918846130371094,35.83223935709589
574,34.918846130371094,35.95808041380078
575,34.918846130371094,36.00265591314914
576,34.918846130371094,35.16344547838622
577,34.918846130371094,35.011304554288834
578,34.918846130371094,35.30312398373025
579,34.918846130371094,36.377851861321005
580,34.918846130371094,36.334906385663515
581,34.918846130371094,34.9861214952073
582,34.918846130371094,34.87489900740529
583,34.918846130371094,34.66224708502522
584,34.918846130371094,33.26686288362822
585,34.918846130371094,33.425853134996956
586,34.918846130371094,36.185563937882925
587,34.918846130371094,36.071575251460956
588,34.918846130371094,36.67086556554584
589,34.918846130371094,36.98494692250395
590,34.918846130371094,35.21969582068484
591,34.918846130371094,35.74433427749753
592,34.918846130371094,36.21098262415145
593,34.918846130371094,36.3862279236533
594,34.918846130371094,36.85502919268704
595,34.918846130371094,37.01043016416618
596,34.918846130371094,36.81162860150398
597,34.918846130371094,36.26282060529082
598,34.918846130371094,36.53315277193991
599,34.918846130371094,36.196034822740714
600,34.918846130371094,35.36633662523918
601,34.918846130371094,35.912607594480015
602,34.918846130371094,36.11024070451628
603,34.918846130371094,36.14356419874311
604,34.918846130371094,36.20267434498254
605,34.918846130371094,36.207871054175214
606,34.918846130371094,36.16369579826778
607,34.918846130371094,36.19165151150863
608,34.918846130371094,36.180115462654825
609,34.918846130371094,36.18194560806616
610,34.918846130371094,36.22129857606437
611,33.25603485107422,36.22603694196179
612,33.25603485107422,36.22962622185139
613,33.25603485107422,35.47011587614783
614,33.25603485107422,35.202985657026154
615,33.25603485107422,34.51658106691572
616,33.25603485107422,34.82974250951364
617,33.25603485107422,34.746482190491854
618,33.25603485107422,35.06328455729434
619,36.58164596557617,34.8528694793059
620,36.58164596557617,34.74216666242315
621,36.58164596557617,34.64972011087816
622,36.58164596557617,35.42040176746112
623,36.58164596557617,36.46074421459872
624,36.58164596557617,36.45139982136096
625,36.58164596557617,37.067790859236396
626,36.58164596557617,36.90474652914344
627,39.90724182128906,37.11318943985441
628,36.58164596557617,37.316003120234924
629,36.58164596557617,38.01859497531508
630,38.24444961547852,37.99107178321201
631,38.24444961547852,37.41746483250982
632,38.24444961547852,37.8894196325257
633,36.58164596557617,38.213074554369214
634,38.24444961547852,38.65120878362679
635,36.58164596557617,39.441027886671485
636,36.58164596557617,38.14927445877763
637,38.24444961547852,37.94789390813721
638,38.24444961547852,38.43468030985517
639,38.24444961547852,37.93538952837794
640,38.24444961547852,38.95714970543961
641,39.90724182128906,39.39677516429161
642,39.90724182128906,40.018040134391235
643,39.90724182128906,38.406705229996206
644,38.24444961547852,39.55399982564271
645,38.24444961547852,41.2108188465524
646,38.24444961547852,39.38395123533354
647,38.24444961547852,38.88703609234439
648,38.24444961547852,39.17690272112644
649,38.24444961547852,39.25360421214853
650,38.24444961547852,38.74782561360467
651,38.24444961547852,39.764715086211844
652,38.24444961547852,39.89808007405222
653,38.24444961547852,39.54908716018231
654,38.24444961547852,38.76443571640313
655,41.57004928588867,39.318914903952646
656,41.57004928588867,39.93016733248973
657,41.57004928588867,39.80247999152508
658,39.90724182128906,40.82520849949223
659,41.57004928588867,40.212555218911895
660,41.57004928588867,40.975546714220606
661,41.57004928588867,40.86917072260046
662,41.57004928588867,40.81566721230368
663,41.57004928588867,41.357901855553564
664,41.57004928588867,41.90136789293823
665,41.57004928588867,42.46996050343495
666,41.57004928588867,42.62810830691592
667,41.57004928588867,42.147580550616965
668,41.57004928588867,42.173323627738824
669,41.57004928588867,42.34266372260217
670,41.57004928588867,43.67030187996781
671,41.57004928588867,43.188886487005504
672,36.58164596557617,41.85059184802519
673,36.58164596557617,42.30811367589508
674,36.58164596557617,41.11799787372395
675,36.58164596557617,39.01227032834852
676,36.58164596557617,35.94464643637225
677,36.58164596557617,37.37966764949974
678,36.58164596557617,38.21092808752876
679,34.918846130371094,39.05413772893125
680,34.918846130371094,38.69622971519166
681,36.58164596557617,38.03916877928659
682,34.918846130371094,35.73977989447215
683,34.918846130371094,35.68209319466376
684,44.89565658569336,37.17704440753063
685,44.89565658569336,36.5430458860241
686,44.89565658569336,37.7791783867079
687,44.89565658569336,40.53686537800144
688,44.89565658569336,40.4512649259581
689,44.89565658569336,42.37228980665495
690,43.232852935791016,42.616515772092626
691,43.232852935791016,43.80081513329158
692,43.232852935791016,43.26587202175987
693,43.232852935791016,44.201173160042025
694,43.232852935791016,44.06362821045971
695,43.232852935791016,45.85560201750005
696,43.232852935791016,44.913406363170964
697,43.232852935791016,44.4283193821921
698,43.232852935791016,45.15636220123764
699,44.0324592590332,45.70227166027377
700,44.0324592590332,44.9630720553124
701,44.0324592590332,42.94549974168589
702,44.0324592590332,43.92712098883109
703,33.87112808227539,45.73395060584615
704,35.56467819213867,44.16534491653972
705,35.56467819213867,39.34026014487884
706,35.56467819213867,39.619268556440915
707,35.56467819213867,34.63452699897137
708,35.56467819213867,37.28320575246673
709,35.56467819213867,36.82670551370211
710,35.56467819213867,39.02998110060952
711,35.56467819213867,37.99078773947974
712,35.56467819213867,37.55588773544642
713,35.56467819213867,36.106845090807774
714,35.56467819213867,35.76614431725835
715,35.56467819213867,36.59994823779907
716,35.56467819213867,36.67125935344739
717,35.56467819213867,36.40566555269572
718,35.56467819213867,35.74284950344248
719,35.56467819213867,37.83401173811484
720,35.56467819213867,37.295480960578374
721,37.25823974609375,35.77176386427975
722,37.25823974609375,36.43538685595421
723,37.25823974609375,35.91090978762576
724,37.25823974609375,36.74032394139503
725,37.25823974609375,37.86811312483573
726,37.25823974609375,38.05111475489038
727,37.25823974609375,38.058357870063276
728,37.25823974609375,37.9521900695878
729,37.25823974609375,38.129597974778534
730,37.25823974609375,38.42202099715102
731,37.25823974609375,38.31914552175414
732,37.25823974609375,38.51063618608005
733,37.25823974609375,38.73875235302044
734,37.25823974609375,38.61355362248284
735,37.25823974609375,38.63707438017665
736,37.25823974609375,38.77767279988087
737,37.25823974609375,38.876723368201155
738,37.25823974609375,38.25933494949309
739,37.25823974609375,38.230937031805404
740,37.25823974609375,38.73178037050107
741,37.25823974609375,38.35628746751819
742,37.25823974609375,38.509416089139165
743,35.56467819213867,38.635218412607834
744,35.56467819213867,38.33070739276542
745,35.56467819213867,37.9148028133277
746,35.56467819213867,37.523681049530566
747,35.56467819213867,37.02940622214366
748,35.56467819213867,37.00519472173728
749,35.56467819213867,36.952724097739676
750,35.56467819213867,36.98617347498421
751,35.56467819213867,37.144211534295906
752,35.56467819213867,37.00710878916043
753,35.56467819213867,36.659129394971565
754,35.56467819213867,36.37781312808479
755,35.56467819213867,36.70613217712297
756,35.56467819213867,36.24054576669538
757,35.56467819213867,36.11956895890562
758,35.56467819213867,36.857688874907396
759,35.56467819213867,36.993920122227955
760,33.87112808227539,37.06734542701988
761,33.87112808227539,36.805528116799536
762,33.87112808227539,35.626162401563946
763,33.87112808227539,35.35123389088357
764,33.87112808227539,35.07090854929005
765,33.87112808227539,35.5682303912595
766,33.87112808227539,35.48623858572387
767,33.87112808227539,35.726184528559386
768,30.484010696411133,35.4971484472588
769,30.484010696411133,35.19194668470382
770,30.484010696411133,33.29427310379232
771,37.25823974609375,32.81748310478847
772,37.25823974609375,31.544767062496113
773,37.25823974609375,32.8334153759531
774,37.25823974609375,35.304540974621915
775,37.25823974609375,35.07861969106726
776,37.25823974609375,37.14214253392789
777,37.25823974609375,36.76663671986627
778,37.25823974609375,36.58651748814023
779,37.25823974609375,37.013680528238865
780,37.25823974609375,38.08434141602666
781,37.25823974609375,38.50145640909622
782,37.25823974609375,39.40912783887569
783,37.25823974609375,38.587173060848215
784,37.25823974609375,38.87522891083705
785,37.25823974609375,39.416280576497414
786,37.25823974609375,39.416028810461995
787,37.25823974609375,39.03687238888676
788,37.25823974609375,37.542147119897834
789,37.25823974609375,38.304814224353215
790,37.25823974609375,39.75856295719244
791,37.25823974609375,38.228926131291715
792,37.25823974609375,38.429018801827866
793,37.25823974609375,38.692359619339484
794,37.25823974609375,37.867273904717656
795,37.25823974609375,38.36340469967338
796,37.25823974609375,38.48222212954394
797,37.25823974609375,38.472299965532585
798,37.25823974609375,38.472303193302274
799,37.25823974609375,38.472299965532585
800,37.25823974609375,38.472299965532585
801,37.25823974609375,38.472303193302274
802,37.25823974609375,38.472306421071956
803,37.25823974609375,38.472303193302274
804,37.25823974609375,38.472299965532585
805,37.25823974609375,38.472303193302274
806,37.25823974609375,38.4722967377629
807,37.25823974609375,38.472303193302274
808,37.25823974609375,38.472299965532585
809,37.25823974609375,38.472303193302274
810,37.25823974609375,38.472299965532585
811,37.25823974609375,38.472303193302274
812,37.25823974609375,38.472303193302274
813,37.25823974609375,38.472303193302274
814,37.25823974609375,38.472299965532585
815,37.25823974609375,38.472303193302274
816,37.25823974609375,38.472303193302274
817,37.25823974609375,38.472303193302274
818,37.25823974609375,38.472303193302274
819,37.25823974609375,38.472303193302274
820,30.484010696411133,38.472299965532585
821,30.484010696411133,38.47234515430817
822,32.17756652832031,35.27236333863323
823,32.17756652832031,34.31820556985193
824,32.17756652832031,31.905379947231637
825,32.17756652832031,33.69750868721685
826,33.87112808227539,33.04978891677985
827,33.87112808227539,34.91394533728343
828,33.87112808227539,34.2245486046751
829,33.87112808227539,34.69551247939772
830,33.87112808227539,33.38942775410295
831,33.87112808227539,33.90442809063655
832,33.87112808227539,34.5963618502172
833,33.87112808227539,35.00139530135621
834,33.87112808227539,34.765229076821704
835,33.87112808227539,34.23116553252913
836,33.87112808227539,36.029094574638094
837,33.87112808227539,35.95175075744871
838,33.87112808227539,34.70409834675953
839,33.87112808227539,34.83088836775178
840,33.87112808227539,34.91178595936424
841,37.25823974609375,35.332512826711195
842,35.56467819213867,35.352534682066576
843,39.290504455566406,35.800713730583546
844,42.6776123046875,36.639766004631895
845,42.6776123046875,37.37988068229893
846,40.645355224609375,39.99558131292376
847,40.645355224609375,40.01101650755691
848,40.645355224609375,39.5052056313162
849,40.645355224609375,39.995200436100944
850,41.66147613525391,39.9420745748573
851,45.72602081298828,41.012175444604765
852,47.41957092285156,42.38905161462859
853,47.41957092285156,43.376755593744974
854,47.41957092285156,46.688347229584124
855,40.98406219482422,46.91140063977376
856,40.98406219482422,47.48118429728419
857,40.98406219482422,43.503778014154534
858,42.33890151977539,42.15657150307423
859,44.0324592590332,41.752161011484404
860,44.0324592590332,41.66917505288583
861,42.33890151977539,42.356888503603486
862,42.33890151977539,46.3029289348202
863,42.6776123046875,43.65254107727669
864,42.6776123046875,42.5080836911832
865,40.645355224609375,42.88922680499948
866,43.01633071899414,42.422286345189086
867,42.6776123046875,42.745500676470606
868,42.6776123046875,42.98958784781183
869,44.0324592590332,43.08999730716947
870,44.0324592590332,42.981802467331875
871,42.33890151977539,44.55624235034375
872,42.6776123046875,43.88241153704081
873,42.33890151977539,42.97808246277004
874,42.33890151977539,42.97382503455567
875,42.33890151977539,42.37630999379748
876,42.33890151977539,42.04807970842563
877,44.0324592590332,44.00568490296137
878,44.0324592590332,44.452148391890816
879,44.0324592590332,42.947260490049004
880,43.01633071899414,43.56431644847953
881,45.38731384277344,44.1483862146153
882,45.72602081298828,44.02595368269765
883,44.37116622924805,43.82713436730219
884,44.70988464355469,44.966783990450025
885,45.72602081298828,44.72993025097264
886,44.0324592590332,44.700691499282044
887,46.74215316772461,45.22014938575048
888,46.74215316772461,45.549856375753166
889,46.74215316772461,44.72117169793268
890,46.74215316772461,46.46590548174978
891,46.74215316772461,46.64213202323583
892,47.41957092285156,46.986641565013436
893,47.41957092285156,47.590528223129596
894,49.7905502319336,47.06900779183251
895,51.14540481567383,47.522899992691734
896,55.88735580444336,48.811843647074895
897,74.5164794921875,49.764434333674174
898,91.45204162597656,50.8804453855347
899,101.61337280273438,57.202758561575145
900,99.9198226928711,69.53969464154181
901,101.61337280273438,79.81769514457689
902,96.53270721435548,89.14362796056946
903,86.37136840820312,89.17339606648838
904,88.0649185180664,92.56913404412782
905,91.45204162597656,89.83647679285578
906,89.75847625732422,91.36006639225185
907,86.37136840820312,91.22907058736018
908,88.0649185180664,92.41815995877151
909,84.67780303955078,90.60348686142217
910,84.67780303955078,90.09596526724846
911,86.37136840820312,92.38190726355565
912,86.37136840820312,91.03868059249682
913,84.67780303955078,92.41166407228067
914,88.0649185180664,87.52726096323568
915,84.67780303955078,86.32987622373417
916,113.46827697753906,87.10710218335326
917,152.4200439453125,86.48097780599304
918,150.7265167236328,96.92013046001111
919,154.1136016845703,116.42226325181474
920,137.17807006835938,130.1311691910164
921,121.93604278564452,134.03482739238564
922,111.77471160888672,123.54409820657267
923,111.77471160888672,117.18627310845903
924,105.00049591064452,110.08470209178286
925,98.22626495361328,105.38099921300719
926,98.22626495361328,101.16213639082949
927,98.22626495361328,94.7561239190901
928,86.37136840820312,94.13347423579566
929,115.16183471679688,96.8338392652552
930,123.62960052490234,106.46441301881998
931,115.16183471679688,108.05037442572208
932,105.00049591064452,120.02968643481363
933,113.46827697753906,117.12830559268806
934,115.16183471679688,112.83074974559268
935,111.77471160888672,111.54907018688539
936,106.69403839111328,117.62627298859448
937,115.16183471679688,116.3661872090791
938,130.4038543701172,115.18180231198352
939,125.32316589355467,110.32482878972073
940,120.24248504638672,123.82401039364652
941,120.24248504638672,125.25748227732524
942,118.5489501953125,117.49489307911031
943,120.24248504638672,120.38834651888979
944,123.62960052490234,118.15021747492491
945,123.62960052490234,117.38139824145014
946,120.24248504638672,117.99190505519002
947,118.5489501953125,118.33867403574703
948,118.5489501953125,121.32565855768564
949,116.8553695678711,118.26003588291401
950,118.5489501953125,118.94706666034331
951,118.5489501953125,121.02707695075438
952,116.8553695678711,121.48364174491269
953,118.07931518554688,118.90186497367608
954,118.07931518554688,118.61741777019495
955,116.04347229003906,115.86074752635216
956,109.93592834472656,116.42114321573408
957,109.93592834472656,114.49722141174504
958,105.86422729492188,114.92219279622762
959,103.828369140625,112.95214939121117
960,97.7208251953125,110.2637335651251
961,97.7208251953125,106.99865731821492
962,101.79251861572266,104.14138717660308
963,97.7208251953125,101.75111075300146
964,97.7208251953125,102.01815059457195
965,93.6491241455078,101.6906158935672
966,105.86422729492188,100.57302646233076
967,93.6491241455078,97.15591257995311
968,89.57742309570312,101.06300512826708
969,91.61328125,100.39829437820882
970,87.54158020019531,93.14893992650984
971,87.54158020019531,92.5225492581506
972,87.54158020019531,92.88260696650033
973,79.3981704711914,91.60928894516175
974,71.2547607421875,92.4026505254356
975,81.43401336669922,90.0443096550963
976,65.14720153808594,81.58527750305092
977,73.29061889648438,78.48680743008099
978,77.36231994628906,78.74297130169825
979,72.8834457397461,72.92678249902916
980,73.29061889648438,78.77907309868134
981,73.29061889648438,77.31163458766608
982,78.99099731445312,73.4412595334026
983,81.02684783935547,74.10315324746838
984,81.02684783935547,75.69727768390356
985,71.2547607421875,78.15521865035201
986,72.8834457397461,81.85336475588417
987,71.2547607421875,77.1314265922737
988,71.2547607421875,75.50698936378527
989,71.2547607421875,75.763353357123
990,71.66194152832031,75.81928979881975
991,80.61968231201172,73.43636784844514
992,80.61968231201172,70.40073357487343
993,89.17024993896484,74.38737733137003
994,89.57742309570312,78.49943446508829
995,77.36231994628906,82.37796932111516
996,83.4698715209961,86.66578698707121
997,77.36231994628906,80.3437869046902
998,77.36231994628906,79.12239724204215
999,77.36231994628906,83.65923733918765
1000,91.2061004638672,80.05874579158706
1001,122.15103149414062,81.61863166108975
1002,126.22273254394533,82.29697489641217
1003,122.15103149414062,96.96180419441275
1004,109.93592834472656,106.75775595555268
1005,105.86422729492188,108.84966380502226
1006,109.93592834472656,104.6629011523608
1007,105.86422729492188,102.57061888160779
1008,101.79251861572266,105.10535736522645
1009,109.93592834472656,103.49455827059911
1010,118.07931518554688,101.86396972003371
1011,114.00762176513672,102.46902160300611
1012,111.97176361083984,112.40313158996848
1013,109.93592834472656,110.75933500585249
1014,105.86422729492188,113.55827612148865
1015,107.90007781982422,112.05078825116564
1016,105.86422729492188,108.56429668718093
1017,105.86422729492188,106.64418687918975
1018,101.79251861572266,107.34046198899658
1019,101.79251861572266,105.1683957071724
1020,103.828369140625,109.35910269438878
1021,99.75667572021484,107.09200118973231
1022,105.86422729492188,104.76076067366736
1023,101.79251861572266,104.6104498949813
1024,99.75667572021484,105.3442058663691
1025,99.75667572021484,102.12959902625191
1026,101.79251861572266,99.08299759823335
1027,91.61328125,99.04245358322142
1028,99.75667572021484,100.80748519670196
1029,97.7208251953125,95.82915398982661
1030,95.6849594116211,96.27131647565093
1031,89.57742309570312,98.37987316115517
1032,95.6849594116211,97.23967320327607
1033,93.6491241455078,94.0403143471503
1034,95.6849594116211,93.85501454508001
1035,93.6491241455078,97.28209900801428
1036,91.61328125,94.65923434257385
1037,85.50572204589844,92.37463671234043
1038,85.50572204589844,92.26733273693587
1039,79.3981704711914,88.86244080447007
1040,79.3981704711914,89.32081960519129
1041,79.3981704711914,87.90252146680125
1042,79.3981704711914,85.5630727324276
1043,73.29061889648438,81.91951144003666
1044,75.32646179199219,83.12928274570393
1045,81.43401336669922,76.73229915271561
1046,77.36231994628906,76.84341108940592
1047,83.4698715209961,78.81559531266589
1048,83.4698715209961,79.6640218368216
1049,73.29061889648438,80.11272055625783
1050,77.36231994628906,81.97113638837683
1051,75.32646179199219,80.86705355938682
1052,83.4698715209961,78.20654341611149
1053,83.4698715209961,80.86582297219445
1054,89.57742309570312,81.71808247285097
1055,79.3981704711914,86.77412384877493
1056,75.32646179199219,86.25238231525444
1057,71.2547607421875,85.84935330908975
1058,81.02684783935547,80.15654156444235
1059,73.29061889648438,78.2648054658662
1060,80.61968231201172,79.49276283288059
1061,77.36231994628906,80.6947979815556
1062,91.61328125,78.42196799265088
1063,91.61328125,79.78313944927285
1064,81.43401336669922,80.55105006558135
1065,85.50572204589844,88.42621257321142
1066,81.43401336669922,87.25890096386405
1067,81.43401336669922,83.76681567501542
1068,79.3981704711914,82.96319785656782
1069,79.3981704711914,82.24965902060133
1070,75.32646179199219,82.26139680506044
1071,72.06910705566406,80.98286190096864
1072,77.36231994628906,83.0772220484563
1073,77.36231994628906,80.84786446861014
1074,58.63249206542969,76.9196824801175
1075,61.07551574707031,77.95361215583364
1076,61.07551574707031,66.37587574873837
1077,70.84759521484375,64.33067140664973
1078,56.18946838378906,60.86382082119758
1079,57.81814956665039,64.08219931019157
1080,76.95514678955078,61.21415406642914
1081,69.21891784667969,62.42344887259668
1082,69.21891784667969,65.4438287066376
1083,59.03965759277344,70.47946674517655
1084,60.261173248291016,64.38666836902807
1085,65.14720153808594,62.595045985412185
1086,65.14720153808594,62.26446951495063
1087,61.07551574707031,64.05230128654283
1088,61.07551574707031,68.23219726267088
1089,57.00381088256836,58.32689390973255
1090,62.70419692993164,65.70583726221177
1091,62.70419692993164,64.15255097130105
1092,61.07551574707031,56.529065735426244
1093,61.07551574707031,58.085959462431035
1094,59.03965759277344,60.93292737015111
1095,59.03965759277344,61.79690932336074
1096,61.07551574707031,56.31211523076831
1097,61.88985824584961,56.79564481287422
1098,56.18946838378906,58.04664280684178
1099,51.30343627929688,59.34728793327509
1100,53.33927536010742,57.545563034016695
1101,56.59664535522461,58.589347090580816
1102,56.59664535522461,53.75272627006613
1103,48.86041259765625,51.29267030753165
1104,48.86041259765625,56.465481900403546
1105,42.75286102294922,51.3434657190628
1106,42.75286102294922,52.325593726048524
1107,50.89625930786133,49.303771885900886
1108,54.560791015625,46.26916485003139
1109,52.93211364746094,45.85137848086737
1110,56.59664535522461,49.48225302451184
1111,49.26758575439453,48.53776726759133
1112,52.52493667602539,52.41242395834181
1113,54.96795654296875,50.17360255777953
1114,59.03965759277344,50.52975627869537
1115,59.03965759277344,50.18985437814296
1116,59.03965759277344,53.38401006953668
1117,59.03965759277344,55.310861881457186
1118,41.12417984008789,56.66200707849547
1119,44.78871154785156,57.359791977572414
1120,42.34568786621094,48.52446562871988
1121,44.38153839111328,48.98844945149892
1122,46.41738510131836,45.72444805189382
1123,46.41738510131836,46.895147205525475
1124,46.41738510131836,44.38330329228175
1125,43.1600227355957,48.8136883174498
1126,42.75286102294922,47.578422472926405
1127,42.75286102294922,46.766244609274466
1128,42.75286102294922,45.55668472252155
1129,42.75286102294922,42.557026362915224
1130,43.1600227355957,42.2805372255922
1131,43.1600227355957,42.11420702596003
1132,43.97437286376953,43.61769084798891
1133,43.97437286376953,42.00567811196005
1134,43.97437286376953,44.996689276580554
1135,44.78871154785156,44.77565483632882
1136,43.1600227355957,41.51737950014471
1137,45.19588088989258,43.37907151849388
1138,43.97437286376953,42.152772418155116
1139,46.01021957397461,41.63309181557842
1140,46.01021957397461,44.574874650849786
1141,48.453243255615234,45.30495257868165
1142,48.453243255615234,44.399242018985746
1143,48.453243255615234,45.69223329655376
1144,48.453243255615234,47.7128413275689
1145,49.67475509643555,48.89877555411325
1146,49.67475509643555,48.48635212428068
1147,52.93211364746094,48.13290327436077
1148,52.93211364746094,49.98331907931576
1149,56.59664535522461,49.16357693740728
1150,56.59664535522461,51.25332056730313
1151,56.59664535522461,52.76877134543875
1152,57.00381088256836,54.62992594013538
1153,57.00381088256836,54.15169958362175
1154,51.30343627929688,56.642685649161706
1155,54.96795654296875,56.076325848344524
1156,59.03965759277344,51.85837245027554
1157,55.78230285644531,52.61184848055319
1158,44.78871154785156,52.7262228854525
1159,59.03965759277344,55.162945300934894
1160,59.03965759277344,51.15036278377928
1161,63.111366271972656,50.32496881715255
1162,63.111366271972656,54.513293710341486
1163,63.111366271972656,54.50606834790185
1164,63.111366271972656,57.39662567133156
1165,67.18307495117188,58.536432648251534
1166,71.2547607421875,64.82722181166449
1167,79.3981704711914,65.20722148806989
1168,61.07551574707031,65.1821384898486
1169,53.7464485168457,69.57106109866156
1170,50.48909759521485,71.40582716316716
1171,47.63890075683594,65.57668572422381
1172,47.63890075683594,58.57526917310016
1173,43.56720352172852,57.12634192122775
1174,49.67475509643555,55.72697061732748
1175,49.67475509643555,52.17384658985269
1176,49.67475509643555,48.61173806546
1177,52.93211364746094,50.93577097181859
1178,48.453243255615234,51.84105062426157
1179,48.453243255615234,49.06950681771078
1180,48.453243255615234,50.042293659228434
1181,43.1600227355957,48.60968520394041
1182,43.1600227355957,47.29415763843248
1183,46.41738510131836,40.707572433326334
1184,47.23173141479492,43.43542353553757
1185,45.19588088989258,46.552519453474176
1186,46.41738510131836,45.90221746728926
1187,44.38153839111328,42.199608970167745
1188,44.38153839111328,44.08129218006029
1189,41.93851852416992,44.59935405614001
1190,41.93851852416992,45.30915997646591
1191,43.97437286376953,46.67522473193019
1192,40.71700668334961,43.51558035400734
1193,40.30984115600586,43.37250139330028
1194,43.56720352172852,46.15413198011636
1195,43.56720352172852,45.739311931292754
1196,43.56720352172852,42.40376701662201
1197,43.56720352172852,45.050063676089934
1198,43.56720352172852,44.56063695876973
1199,43.56720352172852,42.36952683580468
1200,43.56720352172852,42.439151441792646
1201,43.56720352172852,44.385680544654676
1202,43.56720352172852,44.996290647024466
1203,43.56720352172852,43.14780182057136
1204,43.56720352172852,44.95848055293564
1205,43.56720352172852,44.94426061358885
1206,42.34568786621094,44.22709053672686
1207,42.34568786621094,43.43316571064299
1208,48.453243255615234,44.263486867693715
1209,48.453243255615234,44.095433039049794
1210,49.26758575439453,43.44544414652432
1211,49.26758575439453,45.89515187944903
1212,49.26758575439453,47.26236733480598
1213,49.26758575439453,48.09455737050425
1214,49.26758575439453,48.39685575422767
1215,48.04607009887695,48.97720228803192
1216,48.04607009887695,48.68972905047121
1217,48.04607009887695,48.80488134786458
1218,48.04607009887695,49.17441901577883
1219,48.04607009887695,49.29472606135897
1220,48.04607009887695,49.474261066772044
1221,43.56720352172852,49.27333885942688
1222,39.49549865722656,49.57551781567196
1223,35.83097076416016,47.74974280449143
1224,32.57360076904297,45.10058311331302
1225,31.35209846496582,40.91919146940723
1226,28.50190544128418,37.581619515374385
1227,25.651718139648438,37.04705889455033
1228,24.837377548217773,34.928502578562295
1229,22.39435577392578,33.060953772119895
1230,22.39435577392578,31.848926255442876
1231,22.39435577392578,27.96867261205879
1232,20.76567268371582,25.892942344249896
1233,20.76567268371582,25.424877006704314
1234,20.76567268371582,24.37989625452952
1235,20.358503341674805,21.978445292278792
1236,20.358503341674805,21.639109865306075
1237,20.358503341674805,21.175679605027995
1238,20.76567268371582,20.51239230140076
1239,21.58001136779785,20.316695853175432
1240,21.987184524536133,20.578580946559157
1241,21.987184524536133,21.099310574283443
1242,21.17284393310547,21.09547275612811
1243,20.358503341674805,21.735332907382393
1244,21.58001136779785,21.362602975249786
1245,22.39435577392578,22.054272057716275
1246,21.987184524536133,22.089754929862295
1247,23.20869255065918,22.225808649850187
1248,23.61586570739746,23.34087719296273
1249,22.39435577392578,24.052409970070045
1250,25.244548797607422,24.212775251324544
1251,27.2803955078125,24.146580150626775
1252,28.09473419189453,24.21375326553907
1253,26.05888557434082,25.069941768844515
1254,27.2803955078125,26.65852735250042
1255,28.50190544128418,27.423763761624976
1256,30.944929122924805,26.954804331876673
1257,28.909074783325195,26.75959850464345
1258,31.759267807006836,28.835351366840136
1259,29.316246032714844,28.80143396299129
1260,30.53775405883789,29.302461284558994
1261,30.53775405883789,30.98273166611426
1262,30.53775405883789,31.501966836474445
1263,30.944929122924805,31.278027403506307
1264,30.944929122924805,30.867684271235653
1265,30.944929122924805,31.78133998601092
1266,32.57360076904297,31.900944991684597
1267,32.57360076904297,31.98915025386365
1268,35.01662826538086,32.37290624723985
1269,35.01662826538086,33.659275755299305
1270,39.08833312988281,33.66994998964724
1271,39.08833312988281,35.291039214030015
1272,35.83097076416016,35.34268998452766
1273,35.83097076416016,37.102250528392304
1274,35.83097076416016,35.51222213168725
1275,32.57360076904297,35.953816530047035
1276,29.316246032714844,35.815551787824994
1277,21.58001136779785,36.499632383762304
1278,21.58001136779785,33.6884612487901
1279,21.58001136779785,30.467027675789353
1280,21.17284393310547,26.780895329024368
1281,21.17284393310547,24.333074227480473
1282,20.358503341674805,24.771360161913243
1283,20.358503341674805,25.18000225955997
1284,21.17284393310547,26.439258502266327
1285,21.17284393310547,24.304253471964074
1286,20.76567268371582,22.417141153461543
1287,20.76567268371582,20.86010379070577
1288,20.76567268371582,21.010459758167414
1289,20.76567268371582,22.299605148155877
1290,20.76567268371582,21.279542777948457
1291,20.76567268371582,20.778308879120914
1292,20.76567268371582,21.600989905327495
1293,20.76567268371582,23.237611157433975
1294,20.76567268371582,22.092453345318866
1295,20.76567268371582,22.19376335241858
1296,27.2803955078125,21.988961365912168
1297,27.2803955078125,21.62811608175933
1298,27.2803955078125,23.153392190815765
1299,27.2803955078125,26.347167005386666
1300,27.2803955078125,24.89285986839196
1301,27.2803955078125,27.182952776513908
1302,27.2803955078125,26.8504957267397
1303,27.2803955078125,27.796739004253638
1304,27.2803955078125,27.95745611240379
1305,27.2803955078125,28.609042750923287
1306,27.2803955078125,29.028704454274234
1307,27.2803955078125,29.839565387894737
1308,27.2803955078125,29.201096405374642
1309,27.2803955078125,28.845570485662506
1310,27.2803955078125,29.91559873059206
1311,27.2803955078125,30.19593375549463
1312,27.2803955078125,29.381706258092784
1313,27.2803955078125,28.062139138824215
1314,27.2803955078125,29.189741111623185
1315,27.2803955078125,29.893188325669854
1316,24.430206298828125,28.409140518798544
1317,24.430206298828125,28.82556799692523
1318,24.430206298828125,27.72226467431412
1319,24.430206298828125,26.562714237174085
1320,24.430206298828125,25.96844956048858
1321,28.50190544128418,26.4706485624519
1322,28.50190544128418,26.36849287969475
1323,28.50190544128418,27.28256820452905
1324,32.57360076904297,28.47041004295717
1325,32.57360076904297,27.496698445424798
1326,32.57360076904297,29.24363195428215
1327,32.57360076904297,30.517852137247665
1328,40.71700668334961,30.40013860460933
1329,40.71700668334961,32.51288816293425
1330,42.75286102294922,33.05639616132483
1331,42.75286102294922,36.56182182228112
1332,40.71700668334961,38.50199867440328
1333,26.87322425842285,40.58970396774312
1334,26.87322425842285,39.54442303298764
1335,26.87322425842285,34.96436955530081
1336,26.87322425842285,32.183284461561485
1337,28.50190544128418,26.823621316343285
1338,28.50190544128418,30.214403053631585
1339,28.50190544128418,31.89660364145842
1340,30.53775405883789,34.70177435258641
1341,30.53775405883789,31.092469379861228
1342,26.466054916381836,31.909869774863324
1343,31.35209846496582,30.787780832686146
1344,31.759267807006836,28.141451895521385
1345,31.35209846496582,28.93129036518419
1346,30.944929122924805,30.56958037421775
1347,30.944929122924805,30.957558290341787
1348,35.01662826538086,30.021227493530155
1349,35.01662826538086,32.22841190952597
1350,35.01662826538086,31.18501922003614
1351,35.01662826538086,30.85267191443122
1352,35.01662826538086,33.622237098165165
1353,44.78871154785156,33.38164560139267
1354,34.609458923339844,33.90306597182953
1355,35.83097076416016,36.18631278044982
1356,35.83097076416016,35.831835885885276
1357,38.68115997314453,34.359675954763425
1358,36.64530944824219,37.67179371706122
1359,42.75286102294922,38.78884411076028
1360,37.05247497558594,35.3530866306827
1361,37.05247497558594,37.6129159702391
1362,37.05247497558594,40.036664365473065
1363,41.93851852416992,37.99485472928271
1364,35.423797607421875,37.30983808013677
1365,35.83097076416016,37.434830233414544
1366,35.83097076416016,38.083415046127094
1367,38.68115997314453,38.65582126650651
1368,38.68115997314453,36.686620309377794
1369,36.64530944824219,36.86955738403874
1370,40.71700668334961,37.497203654805396
1371,40.71700668334961,36.80333000564413
1372,40.71700668334961,38.44738158356522
1373,40.71700668334961,39.55699842367997
1374,40.71700668334961,40.067696143223614
1375,30.944929122924805,38.1559042977104
1376,30.944929122924805,40.16945158253984
1377,30.944929122924805,36.87276255933584
1378,41.12417984008789,35.43428763264553
1379,41.12417984008789,30.009868972009016
1380,41.12417984008789,33.74258449086637
1381,41.12417984008789,38.2918063125231
1382,41.12417984008789,38.57295796315595
1383,41.12417984008789,40.49650211809186
1384,41.12417984008789,39.23142297887395
1385,36.64530944824219,40.08988705980725
1386,35.423797607421875,41.13338465181184
1387,38.68115997314453,40.63677130528822
1388,38.68115997314453,39.25227759880805
1389,44.78871154785156,39.94082220021956
1390,44.78871154785156,38.62750727083063
1391,38.273990631103516,40.50838353830195
1392,39.08833312988281,44.42722194049924
1393,39.08833312988281,40.44086182426369
1394,39.08833312988281,41.582929046905505
1395,39.08833312988281,35.910125439592335
1396,39.08833312988281,38.51617826662901
1397,39.08833312988281,40.575369442572516
1398,39.08833312988281,40.35368622061412
1399,39.08833312988281,41.08011031316269
1400,39.08833312988281,41.442337082740664
1401,39.08833312988281,39.44724457108459
1402,39.08833312988281,39.943029994684025
1403,39.08833312988281,41.145601760069155
1404,39.08833312988281,40.91603471065541
1405,39.08833312988281,39.988425347532356
1406,39.08833312988281,38.522317484569676
1407,39.49549865722656,41.18392506953788
1408,39.08833312988281,41.92205951050323
1409,39.08833312988281,39.834741549525575
1410,40.30984115600586,40.20293323748123
1411,40.71700668334961,39.821788509780106
1412,40.71700668334961,39.5284068398112
1413,40.71700668334961,40.53610039658612
1414,45.6030502319336,41.70744026250023
1415,39.90267181396485,40.75496900337929
1416,32.57360076904297,41.093896117486864
1417,32.57360076904297,41.675294904208386
1418,36.64530944824219,37.27488456221908
1419,36.64530944824219,36.41351871633907
1420,33.79512405395508,34.41236283932992
1421,36.23814010620117,35.93699016667969
1422,36.23814010620117,36.535651065676014
1423,38.273990631103516,38.1661169609934
1424,36.64530944824219,38.039181690365325
1425,36.64530944824219,37.853549428017494
1426,36.64530944824219,35.661984189526876
1427,36.64530944824219,35.8231983742085
1428,36.64530944824219,38.61109406198295
1429,36.64530944824219,38.8585962136508
1430,36.64530944824219,36.22081118284194
1431,36.64530944824219,36.28870731816365
1432,38.68115997314453,38.18581281161061
1433,36.64530944824219,37.69799675136317
1434,36.64530944824219,36.38018553880318
1435,36.64530944824219,37.36434542680555
1436,36.64530944824219,36.42283405964966
1437,36.64530944824219,37.69616015041247
1438,36.64530944824219,37.47443496744817
1439,36.64530944824219,36.863666704363816
1440,34.609458923339844,36.93324450769135
1441,32.16643524169922,37.144334189543926
1442,32.16643524169922,37.909780403698
1443,35.01662826538086,36.16938635622225
1444,34.609458923339844,34.8268891611122
1445,34.609458923339844,34.24121035178852
1446,34.609458923339844,34.75267628051716
1447,35.01662826538086,34.2324953736393
1448,35.01662826538086,36.00041261321814
1449,35.83097076416016,35.400325040021094
1450,38.68115997314453,34.647489722025895
1451,46.41738510131836,35.93004077854812
1452,46.41738510131836,36.05778299159741
1453,46.41738510131836,38.91498535004587
1454,46.41738510131836,41.71980584816305
1455,37.05247497558594,41.87683684333305
1456,36.64530944824219,44.05697254936946
1457,46.41738510131836,41.532788872620394
1458,46.41738510131836,40.38673535441773
1459,46.41738510131836,37.61516249793978
1460,37.05247497558594,43.06111522402905
1461,37.05247497558594,42.02421680714523
1462,36.64530944824219,44.26301722720456
1463,36.64530944824219,40.525706978200766
1464,36.64530944824219,38.473520062473476
1465,36.64530944824219,38.4108948750472
1466,35.83097076416016,37.01047212517208
1467,35.83097076416016,40.09273395266933
1468,35.83097076416016,40.61630401771632
1469,35.83097076416016,39.205584682546395
1470,35.83097076416016,36.70798491692209
1471,43.97437286376953,37.82383780806806
1472,40.71700668334961,37.73066500834396
1473,40.30984115600586,37.14135495812477
1474,44.78871154785156,36.43811432133794
1475,44.78871154785156,35.74974401948941
1476,39.08833312988281,41.27166230511261
1477,36.64530944824219,40.713811712127224
1478,36.64530944824219,39.5627180315616
1479,36.64530944824219,39.82120751123682
1480,37.459651947021484,36.25704935309423
1481,36.64530944824219,37.81735321877112
1482,39.49549865722656,38.8489387267536
1483,39.49549865722656,38.34050367375907
1484,40.30984115600586,40.454518517800466
1485,38.273990631103516,41.95102551565546
1486,38.273990631103516,40.5813763219561
1487,35.83097076416016,37.99460296324729
1488,36.64530944824219,38.53980876849211
1489,36.64530944824219,38.76080770327731
1490,36.64530944824219,37.67899164345853
1491,36.64530944824219,34.54504999553647
1492,36.64530944824219,37.89769563399777
1493,36.64530944824219,39.58847240587736
1494,36.64530944824219,36.975615440344924
1495,40.30984115600586,37.43603096373732
1496,41.93851852416992,37.96420382835497
1497,45.6030502319336,37.70168609211301
1498,45.6030502319336,38.895325004895184
1499,45.6030502319336,41.015742130106574
1500,46.01021957397461,43.01345559074677
1501,48.04607009887695,42.80158801640013
1502,45.6030502319336,43.40264876215718
1503,45.6030502319336,45.38111341828153
1504,45.6030502319336,45.43312892675357
1505,45.6030502319336,45.1155744896145
1506,45.6030502319336,46.27422922066698
1507,45.6030502319336,46.73751584519408
1508,44.78871154785156,46.37189023413792
1509,46.82456207275391,46.61918903631562
1510,46.82456207275391,47.00990732890214
1511,46.82456207275391,47.6939023889428
1512,46.82456207275391,47.85520210952107
1513,46.82456207275391,46.233391478613726
1514,42.75286102294922,47.7158334700668
1515,44.78871154785156,47.706198577557394
1516,44.78871154785156,45.76639937448837
1517,44.78871154785156,45.10694504736195
1518,48.86041259765625,44.86859685052045
1519,48.86041259765625,45.44340614543026
1520,48.86041259765625,46.40539771123679
1521,48.86041259765625,48.597243765689996
1522,48.86041259765625,47.830006139360805
1523,48.86041259765625,49.11568490470769
1524,50.89625930786133,48.214317309122805
1525,50.89625930786133,48.687480908885675
1526,50.89625930786133,49.091855895008976
1527,60.6683464050293,50.6527811063502
1528,60.6683464050293,50.39872658222202
1529,59.03965759277344,53.14042643026629
1530,59.03965759277344,56.931402384993525
1531,59.03965759277344,54.836574210901546
1532,59.03965759277344,57.27696417968839
1533,59.03965759277344,57.62617980966657
1534,59.03965759277344,58.598352568001665
1535,67.18307495117188,58.308931371436124
1536,70.84759521484375,59.84380041199606
1537,76.95514678955078,62.546198129414655
1538,76.95514678955078,67.17579797263238
1539,61.07551574707031,70.95646231276221
1540,72.47628021240234,74.81962773996327
1541,72.47628021240234,71.97177542334953
1542,72.47628021240234,72.66932550218189
1543,72.47628021240234,72.08094383921832
1544,72.47628021240234,71.49821601832905
1545,89.57742309570312,75.22612337076953
1546,89.57742309570312,76.06604875651765
1547,89.57742309570312,81.91049627930676
1548,85.50572204589844,88.03748420063565
1549,85.50572204589844,86.06176637651313
1550,85.50572204589844,85.6894463711305
1551,85.50572204589844,88.43420614483605
1552,85.50572204589844,87.75673763509825
1553,85.50572204589844,90.3883253481121
1554,85.50572204589844,88.52877495494887
1555,85.50572204589844,89.02087910722268
1556,64.33287048339844,88.87467727934549
1557,64.33287048339844,84.92241693594599
1558,63.51853561401367,80.88108548114947
1559,68.40457153320312,74.31764257774157
1560,69.21891784667969,69.73246985733451
1561,69.21891784667969,66.8255633761118
1562,69.21891784667969,68.45856075067238
1563,47.63890075683594,66.9814648536277
1564,45.6030502319336,72.57417286922733
1565,39.08833312988281,60.47765287692434
1566,39.90267181396485,56.31437628343259
1567,44.78871154785156,45.358280175530595
1568,45.00663375854492,42.42673098404518
1569,50.57888412475586,45.25700244612774
1570,50.57888412475586,50.78654310986181
1571,48.86434173583984,49.68258616388952
1572,45.00663375854492,52.69958571612793
1573,45.00663375854492,49.8290994715413
1574,45.00663375854492,44.67161574996054
1575,45.00663375854492,38.23725054930905
1576,45.00663375854492,40.08725642751406
1577,45.00663375854492,42.71260647561187
1578,45.00663375854492,43.82211034378766
1579,45.00663375854492,46.64986575940084
1580,45.00663375854492,46.72931408242478
1581,45.00663375854492,45.168558328992006
1582,45.00663375854492,43.726122928898334
1583,45.00663375854492,44.1311854299645
1584,45.00663375854492,44.256836048257995
1585,45.00663375854492,44.324401337187
1586,45.00663375854492,45.01782148470754
1587,45.00663375854492,45.29233684086825
1588,45.00663375854492,46.252338486664044
1589,45.00663375854492,45.452437445008584
1590,45.00663375854492,44.516198639632975
1591,45.00663375854492,45.59054241263123
1592,48.00707626342773,44.83233769976521
1593,51.43614959716797,46.41019094921886
1594,45.43526458740234,46.9822146788906
1595,45.00663375854492,48.300621414957455
1596,45.00663375854492,46.835343088803796
1597,45.43526458740234,45.60331469727434
1598,51.86478805541992,44.78723284618853
1599,48.00707626342773,45.134277801053614
1600,48.00707626342773,45.900698801652524
1601,48.00707626342773,48.94071880728358
1602,51.86478805541992,46.67346721133677
1603,43.7207260131836,48.76518785016462
1604,43.29209899902344,48.39981400514388
1605,43.29209899902344,46.14693082594936
1606,43.29209899902344,46.91919731744761
1607,43.29209899902344,45.77396849439944
1608,45.00663375854492,46.367056649034794
1609,45.8639030456543,43.775575588240564
1610,45.8639030456543,45.29623275887792
1611,45.00663375854492,46.83864993884597
1612,47.149810791015625,46.81377997342388
1613,47.149810791015625,45.953826276781
1614,45.8639030456543,44.676894767280174
1615,45.8639030456543,45.43063386078714
1616,45.00663375854492,47.57169257313341
1617,45.00663375854492,46.61673593135511
1618,45.00663375854492,43.71062156498664
1619,45.00663375854492,46.474204077609635
1620,50.15024948120117,47.086177912671296
1621,49.2929801940918,45.106314018388545
1622,49.2929801940918,46.15218886276605
1623,47.149810791015625,47.7640950823953
1624,51.43614959716797,46.81810841257132
1625,51.43614959716797,48.19183750715237
1626,54.00796127319336,49.12251325147608
1627,54.00796127319336,49.97545461847852
1628,54.00796127319336,50.76862898811066
1629,51.43614959716797,51.56526836849953
1630,51.43614959716797,52.0162039323274
1631,52.29342269897461,52.19954447819896
1632,49.2929801940918,51.73693568530568
1633,48.43571090698242,53.26648213365523
1634,53.579322814941406,52.56298650306329
1635,53.579322814941406,53.548048552692585
1636,54.865230560302734,52.99701985093621
1637,53.15069580078125,52.015222690343194
1638,53.579322814941406,52.22286672805715
1639,49.72161483764648,53.59264180477422
1640,50.57888412475586,53.56394370450584
1641,52.7220573425293,50.828573512813634
1642,51.86478805541992,48.899075736693945
1643,52.29342269897461,49.70335040627243
1644,50.57888412475586,50.700955568897214
1645,50.57888412475586,50.58713149872918
1646,50.57888412475586,53.38436996585654
1647,47.149810791015625,50.265290583448575
1648,45.43526458740234,50.459871837247775
1649,49.2929801940918,50.203473952328366
1650,51.00751876831055,47.56604881783937
1651,51.00751876831055,45.80018928143466
1652,51.00751876831055,47.32203104354637
1653,49.2929801940918,48.61931041314075
1654,49.2929801940918,49.13765633295275
1655,49.2929801940918,49.610030743027664
1656,48.86434173583984,50.580075594198
1657,48.00707626342773,48.62052566842712
1658,48.00707626342773,47.129068516244146
1659,48.00707626342773,48.92996549257836
1660,48.00707626342773,50.18700748528089
1661,48.00707626342773,48.90926096393462
1662,48.00707626342773,49.13548404395482
1663,48.00707626342773,50.22668000247789
1664,45.43526458740234,49.59383218086404
1665,45.43526458740234,49.09412178932777
1666,45.43526458740234,47.68087833826426
1667,45.00663375854492,46.44472485707752
1668,45.00663375854492,45.712976558433716
1669,45.00663375854492,46.832528473638575
1670,42.86345672607422,46.319285657698394
1671,44.57799911499024,46.37646236989657
1672,45.43526458740234,45.51043885236126
1673,45.00663375854492,45.24343128848761
1674,44.14936447143555,45.64377317638963
1675,44.14936447143555,45.184753663385955
1676,45.00663375854492,46.04126655754473
1677,45.00663375854492,44.67658974304496
1678,45.00663375854492,44.42226731403292
1679,45.00663375854492,45.60874380588434
1680,45.00663375854492,46.09396151153544
1681,46.29254150390625,46.49649989670803
1682,45.8639030456543,46.39891796359437
1683,45.8639030456543,45.80717094726309
1684,44.14936447143555,45.617854185819944
1685,44.14936447143555,45.577607125619025
1686,46.29254150390625,46.18429871559136
1687,45.8639030456543,45.91242851668741
1688,54.43659973144531,44.120119021599855
1689,47.149810791015625,45.43275611935496
1690,47.149810791015625,46.74552232789746
1691,59.5802116394043,47.096595539329286
1692,53.579322814941406,45.82452182320422
1693,53.579322814941406,48.87110549848951
1694,51.43614959716797,51.3291505605103
1695,53.579322814941406,50.71825157275371
1696,53.579322814941406,55.0415262886983
1697,50.15024948120117,54.59485945027871
1698,50.15024948120117,52.8206997041293
1699,50.15024948120117,52.99982316890755
1700,50.15024948120117,52.62998693229744
1701,50.15024948120117,51.561470897465256
1702,50.15024948120117,51.40228375214575
1703,50.15024948120117,50.14157824085087
1704,50.15024948120117,50.85953750740081
1705,55.29386138916016,50.58270138483666
1706,55.29386138916016,50.73497626137598
1707,51.43614959716797,50.45867272080984
1708,53.579322814941406,48.87350211748054
1709,53.579322814941406,49.38658031716679
1710,44.57799911499024,52.364578728302654
1711,39.43438720703125,50.014796289282835
1712,43.29209899902344,47.019159730703876
1713,43.29209899902344,46.56092779350332
1714,43.29209899902344,42.126956716215346
1715,43.29209899902344,42.153840809920816
1716,43.29209899902344,42.84835839913423
1717,47.57844161987305,45.48516541572855
1718,47.57844161987305,44.67635895751248
1719,47.149810791015625,46.256778283865614
1720,46.721168518066406,46.26301110712714
1721,45.43526458740234,45.089513477178684
1722,45.43526458740234,45.20823568784354
1723,45.43526458740234,45.757861923671825
1724,51.43614959716797,46.07959470866798
1725,49.2929801940918,43.262645865959826
1726,49.2929801940918,47.82708178002629
1727,48.86434173583984,49.69819081643113
1728,48.86434173583984,47.44443452553685
1729,47.149810791015625,47.911873675763566
1730,48.00707626342773,47.12946875968507
1731,48.00707626342773,46.70995230596995
1732,48.00707626342773,48.780561717173754
1733,50.57888412475586,49.54683585425201
1734,50.57888412475586,48.859553310787284
1735,47.149810791015625,48.844164918814556
1736,47.149810791015625,49.47827964002974
1737,51.43614959716797,48.458301191834124
1738,51.86478805541992,48.33326707755045
1739,51.43614959716797,48.58988767857812
1740,53.15069580078125,48.66333880552753
1741,53.15069580078125,49.10606453716187
1742,56.57976531982422,51.70568280533172
1743,54.865230560302734,50.949440576434114
1744,54.865230560302734,51.816409830487096
1745,55.29386138916016,53.54874090929
1746,55.29386138916016,53.598668050775906
1747,55.29386138916016,54.65880479550611
1748,54.865230560302734,56.035402570394616
1749,54.43659973144531,55.36640695607965
1750,54.43659973144531,54.32046352159634
1751,54.43659973144531,56.4012799474862
1752,54.43659973144531,56.34020812422078
1753,54.43659973144531,55.21667798287929
1754,54.43659973144531,54.81932985136001
1755,54.43659973144531,56.11069836771894
1756,54.43659973144531,56.08417255644849
1757,54.43659973144531,55.02393171614595
1758,51.43614959716797,55.77068510911239
1759,51.43614959716797,55.12428468953409
1760,51.43614959716797,53.35362868737763
1761,51.43614959716797,53.55756078995396
1762,48.86434173583984,51.64070618768999
1763,48.86434173583984,52.12536226141592
1764,59.15157318115234,51.366281209080455
1765,54.43659973144531,50.85147938038247
1766,51.43614959716797,51.713368124951444
1767,52.7220573425293,55.450016681169835
1768,52.7220573425293,52.295099371950506
1769,53.15069580078125,54.230326439260885
1770,53.15069580078125,53.44739055506922
1771,53.15069580078125,52.32907810342337
1772,54.865230560302734,53.14738550170692
1773,54.865230560302734,53.557860972534655
1774,55.29386138916016,53.95630331797712
1775,55.722503662109375,54.4089964023984
1776,55.722503662109375,53.11368435842696
1777,57.4370346069336,54.37353773852502
1778,57.4370346069336,55.07546790081979
1779,57.865665435791016,55.409617915793724
1780,57.4370346069336,55.30531011759917
1781,57.4370346069336,54.848594425208084
1782,60.00884246826172,57.59485833958679
1783,59.5802116394043,57.948090928937816
1784,57.00840377807617,56.60673394346896
1785,59.15157318115234,58.56178919995363
1786,57.865665435791016,58.59301060917317
1787,59.15157318115234,57.89563563684621
1788,62.15201187133789,57.47412038675372
1789,57.865665435791016,58.02185272871939
1790,59.15157318115234,59.70437851434198
1791,57.865665435791016,60.12530631035182
1792,57.865665435791016,58.88672151164993
1793,57.865665435791016,60.2696521706602
1794,58.29430770874024,58.18706934781028
1795,59.15157318115234,57.68395204537161
1796,59.5802116394043,59.1551097540063
1797,60.86611175537109,57.96868006481532
1798,63.0093002319336,58.12288191985652
1799,62.15201187133789,59.4888401589212
1800,58.29430770874024,60.978555929359175
1801,68.58153533935547,60.80078086536679
1802,92.1564483642578,58.71135194301522
1803,96.44279479980467,59.93727258735843
1804,94.29962158203124,72.31051895805628
1805,85.72691345214844,80.27278404104679
1806,84.44100952148438,87.39935090616277
1807,83.58374786376953,84.65306278351142
1808,82.72648620605469,81.27913081092069
1809,85.29828643798828,80.00398103028591
1810,84.44100952148438,80.04324765544506
1811,83.15511322021484,82.73596771240592
1812,84.8696517944336,83.77022419980267
1813,85.29828643798828,84.51562435032872
1814,84.8696517944336,85.1455833180746
1815,85.27837371826172,89.28214931048144
1816,85.27837371826172,90.36036963487126
1817,84.84105682373047,87.66762214186807
1818,84.84105682373047,86.70714762781343
1819,84.84105682373047,86.69368137268806
1820,84.84105682373047,86.5494920592094
1821,85.27837371826172,85.61475578062209
1822,83.52906799316406,86.70816276137933
1823,82.6544189453125,88.21107042651946
1824,82.6544189453125,86.32230226216858
1825,86.59034729003906,83.87985216938034
1826,81.77976989746094,82.71446431076518
1827,81.34244537353516,83.61137435641523
1828,83.52906799316406,84.80830720816084
1829,82.6544189453125,83.6909308097236
1830,81.77976989746094,83.23989195726583
1831,85.7156982421875,85.01638376701257
1832,83.09173583984375,84.1421794672109
1833,82.6544189453125,85.08728979756545
1834,82.6544189453125,86.37329618153535
1835,82.21709442138672,85.21257245011485
1836,82.21709442138672,84.75681459837776
1837,81.77976989746094,83.22572689000367
1838,81.77976989746094,83.67977725157746
1839,84.84105682373047,83.92742142511145
1840,87.02766418457031,83.5177593522443
1841,85.7156982421875,83.30585627243113
1842,83.96639251708984,86.63249092888671
1843,80.90512084960938,87.62330486409448
1844,80.90512084960938,86.54702604317013
1845,83.09173583984375,84.06031677246267
1846,87.4649887084961,83.00187460681703
1847,85.27837371826172,82.80786789602175
1848,86.59034729003906,86.06920154398227
1849,86.59034729003906,85.93137416455255
1850,86.59034729003906,85.41947410080128
1851,86.59034729003906,85.73548082237645
1852,86.59034729003906,87.61802423289001
1853,86.59034729003906,87.32110815511614
1854,86.59034729003906,87.92491734675987
1855,86.59034729003906,87.57547254513406
1856,86.59034729003906,87.3570832621391
1857,86.59034729003906,87.8133849930681
1858,87.02766418457031,87.05913429806608
1859,87.02766418457031,87.52674129231642
1860,87.02766418457031,88.58216226553698
1861,87.02766418457031,89.00801967279807
1862,85.7156982421875,87.09323568478696
1863,85.7156982421875,86.4849689432084
1864,85.7156982421875,87.67502341775551
1865,85.7156982421875,86.60571980712022
1866,85.7156982421875,85.83036434003353
1867,85.7156982421875,86.44449109747501
1868,86.15302276611328,87.46873665719406
1869,85.27837371826172,86.92989601376783
1870,85.27837371826172,87.5855496420903
1871,85.27837371826172,86.73675111747842
1872,85.27837371826172,86.07779225299862
1873,85.27837371826172,86.27453934025638
1874,84.4037094116211,86.24678697650569
1875,81.77976989746094,86.22666667417491
1876,83.09173583984375,86.0023592754627
1877,76.96919250488281,84.71205027450283
1878,76.96919250488281,83.95631641933059
1879,65.59874725341797,83.25480909486456
1880,65.59874725341797,80.17494388635834
1881,65.59874725341797,76.88331277825056
1882,66.03607177734375,71.67411332730724
1883,61.22549057006836,69.14739423747069
1884,61.66281509399414,69.39633375532634
1885,64.2867660522461,66.53926625713002
1886,64.2867660522461,64.02826085792975
1887,72.15861511230469,64.72266507173298
1888,72.15861511230469,64.26727881698086
1889,72.15861511230469,65.37976030269095
1890,72.15861511230469,68.90798753390816
1891,72.15861511230469,71.156822484711
1892,74.3452377319336,72.59526190593478
1893,74.3452377319336,71.51741116117388
1894,76.09454345703125,73.33546897850904
1895,78.28116607666016,74.66252573386019
1896,82.21709442138672,75.35338787390546
1897,83.09173583984375,76.56423806158992
1898,83.52906799316406,79.89555782574313
1899,83.52906799316406,80.94576514398018
1900,83.52906799316406,83.66003621218465
1901,83.52906799316406,83.3200068147297
1902,83.52906799316406,84.0097150271126
1903,83.52906799316406,84.35049165324963
1904,80.90512084960938,84.73953311948485
1905,80.90512084960938,83.91036427621162
1906,78.71849060058594,83.98782106533999
1907,74.3452377319336,82.50124914257509
1908,72.59593963623047,81.50300003989818
1909,73.03326416015625,79.30485660678974
1910,73.03326416015625,77.31009655541122
1911,73.03326416015625,74.119549107054
1912,73.03326416015625,76.1595620859435
1913,73.03326416015625,75.44379205418234
1914,72.15861511230469,75.10353267813733
1915,72.15861511230469,74.77589549544508
1916,72.15861511230469,75.71107962707616
1917,72.15861511230469,75.7199705186732
1918,72.15861511230469,74.57211146680305
1919,71.7212905883789,74.46436205918198
1920,71.7212905883789,74.89322008183639
1921,71.7212905883789,75.36198423151875
1922,71.7212905883789,73.72197180388709
1923,71.7212905883789,73.53617250445807
1924,74.3452377319336,73.34787813906262
1925,74.3452377319336,73.15943569973287
1926,74.3452377319336,73.29206394914267
1927,75.21989440917969,73.9460359094593
1928,75.21989440917969,74.60190741223549
1929,87.02766418457031,75.63525205469625
1930,89.651611328125,76.7405114057364
1931,87.4649887084961,79.97001682377665
1932,86.59034729003906,85.25640556243569
1933,81.34244537353516,86.60535668303066
1934,81.34244537353516,84.15890254194832
1935,81.34244537353516,84.70850134173429
1936,87.4649887084961,82.83902394290517
1937,87.4649887084961,82.04626595556238
1938,89.651611328125,83.7037289165242
1939,84.4037094116211,84.91247701920136
1940,87.4649887084961,87.29789887719693
1941,80.90512084960938,86.58266223437619
1942,87.4649887084961,85.72778904721734
1943,83.09173583984375,83.90267572882222
1944,82.6544189453125,84.38815165604811
1945,83.09173583984375,84.92481355493703
1946,83.09173583984375,84.07373945269728
1947,87.02766418457031,83.17430367726881
1948,87.02766418457031,84.18836723751687
1949,87.02766418457031,84.7612075929189
1950,82.6544189453125,86.82812766337287
1951,87.4649887084961,88.66769816218662
1952,85.27837371826172,86.81831362964596
1953,85.27837371826172,86.25221769900051
1954,83.09173583984375,88.85108389683379
1955,83.09173583984375,88.6714197806333
1956,83.09173583984375,87.48111192616594
1957,83.09173583984375,85.18577227842118
1958,83.09173583984375,86.39166219104239
1959,83.09173583984375,85.21352786994157
1960,83.09173583984375,85.45243931259309
1961,83.09173583984375,84.62754242249783
1962,83.09173583984375,85.58669839263618
1963,85.27837371826172,85.44387926738875
1964,83.09173583984375,85.52698626735051
1965,83.09173583984375,84.92967941773699
1966,83.09173583984375,85.2293536247066
1967,83.09173583984375,85.15878005443128
1968,83.09173583984375,83.92313171920023
1969,83.09173583984375,83.86451864949227
1970,83.09173583984375,83.62872361847153
1971,83.09173583984375,83.24058108609356
1972,83.09173583984375,83.54570054052157
1973,83.09173583984375,83.06685283834359
1974,83.09173583984375,83.9498415133427
1975,83.09173583984375,83.53314128867765
1976,83.09173583984375,83.72820670792959
1977,85.27837371826172,84.05321083750138
1978,83.09173583984375,84.35076924144253
1979,83.09173583984375,84.8016822108826
1980,83.09173583984375,84.8000925343128
1981,83.09173583984375,84.17774948913842
1982,83.09173583984375,83.67546495127844
1983,83.09173583984375,84.22153579879881
1984,83.09173583984375,84.10174358248341
1985,80.90512084960938,84.72045054510775
1986,80.90512084960938,84.3921702293058
1987,80.90512084960938,83.28686891725974
1988,80.90512084960938,82.67983356981597
1989,80.90512084960938,82.10143015336203
1990,80.90512084960938,82.36275200093574
1991,80.90512084960938,82.66499712645935
1992,80.90512084960938,82.73147788477425
1993,80.90512084960938,82.62736617358804
1994,80.90512084960938,82.09056548060268
1995,80.90512084960938,82.3065500751824
1996,80.90512084960938,82.15997059825207
1997,83.09173583984375,82.03418441363183
1998,89.651611328125,82.1823551810168
1999,89.651611328125,83.2541909769699
2000,91.83824157714844,86.51706265718528
2001,89.651611328125,89.56049441537328
2002,89.651611328125,90.14161400001706
2003,91.83824157714844,89.42768299003386
2004,91.83824157714844,89.66180603635783
2005,94.02487182617188,89.19842096485534
2006,94.02487182617188,90.05884752975705
2007,94.02487182617188,90.86129044003935
2008,91.83824157714844,92.01774544605158
2009,94.02487182617188,91.89599235965261
2010,94.02487182617188,91.97928818414094
2011,91.83824157714844,92.5531904757693
2012,89.651611328125,93.07273228424954
2013,89.651611328125,93.28124781977841
2014,89.651611328125,91.24880032955909
2015,89.651611328125,90.78588812631543
2016,89.651611328125,90.61336867831247
2017,89.651611328125,91.87486983483467
2018,89.651611328125,90.84433335199978
2019,89.651611328125,91.6904108667673
2020,89.651611328125,91.37271763553179
2021,89.651611328125,91.04331405587948
2022,89.651611328125,90.0289341742023
2023,89.651611328125,90.45794834021522
2024,89.651611328125,91.0023875501599
2025,89.651611328125,90.73844152583236
2026,91.83824157714844,91.05624934289169
2027,91.83824157714844,90.4541524830658
2028,91.83824157714844,91.10629752574079
2029,91.83824157714844,91.37580499723538
2030,91.83824157714844,91.40130437774603
2031,91.83824157714844,91.47589167962452
2032,91.83824157714844,92.04121778720013
2033,91.83824157714844,91.52454707985459
2034,87.4649887084961,91.67747396587025
2035,89.651611328125,91.72562422014462
2036,89.651611328125,89.99498449265661
2037,89.651611328125,89.08484866072273
2038,89.651611328125,89.65745016116807
2039,89.651611328125,89.6538011675393
2040,89.651611328125,90.62166081863296
2041,89.651611328125,89.86809925245866
2042,89.651611328125,91.02602289367752
2043,89.651611328125,90.51166649719605
2044,89.651611328125,90.3924278433816
2045,89.651611328125,89.83004223398893
2046,89.651611328125,90.76161207051535
2047,89.651611328125,91.27430455172427
2048,89.651611328125,90.85548852403076
2049,87.4649887084961,90.14355388959768
2050,87.4649887084961,90.76364233764716
2051,87.4649887084961,89.96586032678984
2052,87.4649887084961,88.02324650855559
2053,86.15302276611328,87.51971766548209
2054,86.15302276611328,88.10273356481574
2055,85.27837371826172,87.99907212750058
2056,83.09173583984375,86.49636942573544
2057,83.09173583984375,86.5278272690844
2058,83.09173583984375,85.22927131657964
2059,83.09173583984375,85.15837174156614
2060,86.59034729003906,84.29827763694198
2061,87.4649887084961,84.52797379714312
2062,87.4649887084961,86.08527422312821
2063,87.4649887084961,87.17448671717992
2064,87.4649887084961,86.39763517884427
2065,89.68816375732422,87.97853221511076
2066,89.68816375732422,89.96134467700067
2067,89.68816375732422,90.07233799315506
2068,89.68816375732422,90.91401121618755
2069,89.68816375732422,90.16960199095476
2070,89.68816375732422,90.3876749525206
2071,89.68816375732422,89.52375109916531
2072,85.20375061035156,89.334640914982
2073,85.20375061035156,90.78262646504885
2074,85.20375061035156,89.16610776253988
2075,85.20375061035156,87.99101400048225
2076,85.20375061035156,85.91947983326372
2077,85.20375061035156,85.2475889095414
2078,85.20375061035156,85.850518533946
2079,85.20375061035156,86.14383887629089
2080,85.20375061035156,87.33554435503183
2081,85.20375061035156,86.65318738810625
2082,85.20375061035156,86.60713679801188
2083,85.20375061035156,86.15253448782198
2084,85.20375061035156,86.41132899173243
2085,85.20375061035156,86.21206908577498
2086,85.20375061035156,86.68305394100055
2087,85.20375061035156,86.0928901456997
2088,85.20375061035156,86.29984828235563
2089,85.20375061035156,86.34948976622442
2090,85.20375061035156,85.80262488736156
2091,82.96155548095703,85.77721911217178
2092,82.96155548095703,85.23615453543268
2093,82.96155548095703,84.8130165241311
2094,82.96155548095703,83.80403508725192
2095,82.96155548095703,83.74824631601824
2096,82.96155548095703,84.21319201416337
2097,82.96155548095703,84.43158613881286
2098,82.96155548095703,84.25494805669197
2099,82.96155548095703,84.58332681946933
2100,82.96155548095703,84.20274049592369
2101,82.96155548095703,84.31290911692359
2102,82.96155548095703,84.18089656458119
2103,82.96155548095703,84.13839329337053
2104,82.96155548095703,84.1704030853356
2105,82.96155548095703,84.30320321348111
2106,82.96155548095703,83.98093300483242
2107,82.96155548095703,84.04772362903705
2108,82.96155548095703,84.1069596582942
2109,82.96155548095703,83.85743208114908
2110,82.96155548095703,83.84248427973834
2111,82.96155548095703,83.57612065591684
2112,82.96155548095703,83.77478665225226
2113,82.96155548095703,83.6497493101989
2114,82.96155548095703,83.81324391416291
2115,82.96155548095703,83.9185950889081
2116,82.96155548095703,83.9610467158038
2117,82.96155548095703,83.9610467158038
2118,82.96155548095703,83.9610467158038
2119,82.96155548095703,83.9610467158038
2120,82.96155548095703,83.9610467158038
2121,82.96155548095703,83.9610467158038
2122,82.96155548095703,83.9610467158038
2123,82.96155548095703,83.9610467158038
2124,82.96155548095703,83.9610467158038
2125,82.96155548095703,83.9610467158038
2126,82.96155548095703,83.96229586267185
2127,82.96155548095703,83.9712174180809
2128,85.20375061035156,83.98867803819132
2129,85.20375061035156,83.98157048934519
2130,85.20375061035156,84.7865036239394
2131,85.20375061035156,85.7183736430465
2132,85.20375061035156,85.44698276794077
2133,85.20375061035156,85.69044697973283
2134,85.20375061035156,85.88750070511065
2135,85.20375061035156,85.77451585506068
2136,85.20375061035156,86.25737083330245
2137,85.20375061035156,85.87338566827862
2138,85.20375061035156,85.92344030666708
2139,85.20375061035156,86.0847497105544
2140,85.20375061035156,85.9463913630115
2141,85.20375061035156,85.84108214927221
2142,85.20375061035156,86.12826327367644
2143,85.20375061035156,86.101706798594
2144,85.20375061035156,85.94929635572791
2145,85.20375061035156,85.7757407936561
2146,85.20375061035156,85.82817591218716
2147,85.20375061035156,86.11534412551265
2148,85.20375061035156,85.8953199771723
2149,85.20375061035156,86.0493394632263
2150,85.20375061035156,86.05328702555093
2151,85.20375061035156,86.05301912066707
2152,85.20375061035156,86.03665755613436
2153,85.20375061035156,86.01300930153799
2154,85.20375061035156,86.01394696863146
2155,85.20375061035156,86.01693265558998
2156,85.20375061035156,86.01746362370315
2157,85.20375061035156,86.01961493219812
2158,85.20375061035156,86.0203782997286
2159,85.20375061035156,86.02274264102279
2160,85.20375061035156,86.02177915177185
2161,85.20375061035156,86.02180658781417
2162,85.20375061035156,86.02211322593423
2163,85.20375061035156,86.02276523541059
2164,85.20375061035156,86.02219392017636
2165,85.20375061035156,86.02179690450511
2166,85.20375061035156,86.02123850034963
2167,85.20375061035156,86.02097866489
2168,89.68816375732422,86.02486328570576
2169,89.68816375732422,86.03218709512078
2170,89.68816375732422,87.26242568835995
2171,89.68816375732422,88.88152015107747
2172,89.68816375732422,89.58515618965069
2173,89.68816375732422,89.39901878134718
2174,89.68816375732422,89.96491136250248
2175,89.68816375732422,89.66941227562029
2176,89.68816375732422,90.10498204186321
2177,89.68816375732422,90.14125894535172
2178,89.68816375732422,89.72374048107154
2179,89.68816375732422,90.08133055949716
2180,89.68816375732422,90.03783313522356
2181,89.68816375732422,90.30674185544162
2182,89.68816375732422,90.05538090511547
2183,89.68816375732422,90.33582890195702
2184,85.20375061035156,89.98715392340107
2185,85.20375061035156,90.085491154621
2186,85.20375061035156,88.1010131635737
2187,85.20375061035156,87.01104375753087
2188,85.20375061035156,86.17598584846758
2189,85.20375061035156,86.91725122602728
2190,85.20375061035156,87.20680798891958
2191,85.20375061035156,86.58584804305518
2192,89.68816375732422,87.07779887626897
2193,89.68816375732422,86.48556123894558
2194,78.47714233398438,88.2954620788158
2195,78.47714233398438,89.91128519695768
2196,78.47714233398438,84.60432668903924
2197,78.47714233398438,81.52861884788716
2198,78.47714233398438,80.32726798638535
2199,78.47714233398438,81.22230511867573
2200,78.47714233398438,82.24584863848831
2201,78.47714233398438,80.8433342938574
2202,78.47714233398438,81.85044846597387
2203,78.47714233398438,80.65136027102116
2204,78.92559051513672,80.1807635551002
2205,78.92559051513672,79.89068550740379
2206,78.92559051513672,80.10315909550876
2207,78.92559051513672,81.09683686936945
2208,78.92559051513672,81.9157527022386
2209,78.92559051513672,79.98886457790914
2210,78.92559051513672,80.59696105463684
2211,78.92559051513672,81.12503305145182
2212,78.92559051513672,79.20685506361706
2213,78.92559051513672,79.50500899106507
2214,78.92559051513672,78.04627012629301
2215,78.92559051513672,79.36269823954302
2216,78.92559051513672,78.85294222180494
2217,78.92559051513672,79.93515126258285
2218,78.92559051513672,80.50490667710855
2219,78.92559051513672,80.28236567535639
2220,78.92559051513672,80.25419692931634
2221,83.40999603271484,80.21543302928563
2222,83.40999603271484,80.22080726581098
2223,83.40999603271484,81.8828633430344
2224,82.96155548095703,83.7262571350399
2225,82.96155548095703,83.27350595076429
2226,82.96155548095703,83.6616275026393
2227,82.96155548095703,83.94643783020999
2228,82.96155548095703,83.61394204719956
2229,82.96155548095703,84.61806569070298
2230,82.96155548095703,83.86674419669
2231,82.96155548095703,83.93526490544573
2232,82.96155548095703,84.2743856857344
2233,82.96155548095703,83.91075967799803
2234,85.20375061035156,83.7106605519225
2235,85.20375061035156,84.2485538449462
2236,85.20375061035156,84.96859825071259
2237,85.20375061035156,85.59173855499913
2238,85.20375061035156,85.06283298666301
2239,78.92559051513672,85.38551473594653
2240,78.92559051513672,86.21120565738427
2241,76.23493957519531,83.04008333046194
2242,78.47714233398438,81.59527713353472
2243,78.47714233398438,79.66530648915618
2244,78.47714233398438,79.66963492830362
2245,78.47714233398438,81.0542085220835
2246,78.47714233398438,79.86948793694067
2247,78.47714233398438,80.72720721001917
2248,78.47714233398438,80.22094283213774
2249,78.92559051513672,80.82640383491771
2250,78.92559051513672,80.58418150751193
2251,78.92559051513672,80.29498302705464
2252,83.40999603271484,80.55492016143353
2253,85.20375061035156,81.10920891057164
2254,85.20375061035156,81.9445089023613
2255,85.20375061035156,84.80326543191305
2256,85.20375061035156,85.60460444496312
2257,88.34284973144531,84.53763612569483
2258,85.20375061035156,85.30160886298776
2259,85.20375061035156,85.08357947631265
2260,85.20375061035156,86.47698505489282
2261,82.96155548095703,84.97259907123701
2262,82.96155548095703,84.5327492823919
2263,82.96155548095703,85.28664815049828
2264,82.96155548095703,84.35830124200223
2265,82.96155548095703,84.06833455235994
2266,83.40999603271484,84.28783418812651
2267,86.549072265625,84.81286481895592
2268,86.549072265625,85.57710546113267
2269,86.549072265625,86.16701587651326
2270,81.6162338256836,86.48404741496337
2271,81.6162338256836,87.85364496434777
2272,81.6162338256836,85.64149462469175
2273,81.6162338256836,83.87737324226235
2274,86.10063934326172,83.16907307649444
2275,81.6162338256836,84.07993515660743
2276,81.6162338256836,84.7144791711907
2277,86.10063934326172,84.6742740719957
2278,82.0646743774414,84.52481542450644
2279,86.10063934326172,84.40097397112135
2280,86.10063934326172,86.54785719386399
2281,94.17257690429688,86.09508180131574
2282,94.17257690429688,87.60841354865323
2283,94.17257690429688,89.16643053950837
2284,87.44596862792969,92.15119112813409
2285,87.44596862792969,94.04771239526808
2286,87.44596862792969,89.9233005696097
2287,87.44596862792969,89.08867840945385
2288,94.17257690429688,88.38855741206747
2289,94.17257690429688,89.44816157479966
2290,91.93036651611328,92.20129418306782
2291,91.93036651611328,93.97642387400754
2292,91.93036651611328,93.19981441839828
2293,91.93036651611328,91.56346591283017
2294,89.68816375732422,93.56523022442491
2295,89.68816375732422,91.8548366822854
2296,89.68816375732422,92.56076282345005
2297,89.68816375732422,89.44320694833335
2298,89.68816375732422,91.64903408717666
2299,89.68816375732422,90.00389152310208
2300,89.68816375732422,92.30280915354253
2301,89.68816375732422,91.9308813221766
2302,94.17257690429688,91.56280583392962
2303,82.96155548095703,91.63680245395577
2304,82.96155548095703,91.56507979767262
2305,82.96155548095703,87.37467460692177
2306,80.71935272216797,83.13681313237879
2307,82.96155548095703,82.16199118207481
2308,82.96155548095703,82.80793406530029
2309,82.96155548095703,83.03572906915703
2310,82.96155548095703,84.2696747558793
2311,85.20375061035156,86.53466691304669
2312,87.44596862792969,84.38403140804535
2313,87.44596862792969,85.44077253906704
2314,87.44596862792969,86.45941146284343
2315,87.44596862792969,87.90458562551473
2316,87.44596862792969,88.75202041743475
2317,87.44596862792969,89.74122046780008
2318,87.44596862792969,87.56626694599277
2319,87.44596862792969,88.65170617728283
2320,87.44596862792969,88.91555536851982
2321,87.44596862792969,86.737533851627
2322,87.44596862792969,86.68720646670016
2323,87.8944091796875,86.05754929541982
2324,81.16779327392578,87.24907563294325
2325,83.25300598144531,86.3805183162053
2326,85.56558990478516,85.31915501899483
2327,85.56558990478516,84.48384857166579
2328,87.87816619873047,83.9930726466173
2329,92.50333404541016,85.66433432298204
2330,92.50333404541016,87.77819423407857
2331,92.50333404541016,89.82781023125185
2332,92.50333404541016,92.92777476158588
2333,92.50333404541016,92.3099796438975
2334,99.44109344482422,92.82879197642897
2335,99.44109344482422,92.16760917863628
2336,99.44109344482422,94.8536993966644
2337,99.44109344482422,98.5317720025262
2338,99.44109344482422,98.28070639312624
2339,99.44109344482422,97.56654621149542
2340,99.44109344482422,98.65086379281999
2341,99.44109344482422,98.67807066349394
2342,99.44109344482422,99.58470597920457
2343,99.44109344482422,98.47729693355427
2344,78.62783813476562,97.69913653461141
2345,78.62783813476562,98.24812851369661
2346,78.62783813476562,89.66155427032241
2347,78.62783813476562,83.01891884463811
2348,78.62783813476562,79.8683670939176
2349,78.62783813476562,83.4671140320035
2350,78.62783813476562,83.6956643339665
2351,74.00267028808594,81.49509684582472
2352,74.00267028808594,83.58083642742646
2353,74.00267028808594,79.47867442514845
2354,74.00267028808594,78.06284714445219
2355,74.00267028808594,76.80308252802045
2356,74.00267028808594,77.94719454275766
2357,74.00267028808594,78.78096053700457
2358,74.00267028808594,79.56541508683299
2359,74.00267028808594,76.9262219414991
2360,74.00267028808594,76.67357149718384
2361,74.00267028808594,76.95919522271511
2362,74.00267028808594,74.22846010829042
2363,74.00267028808594,74.14932528239713
2364,74.00267028808594,71.49612079233233
2365,74.00267028808594,74.51664466559544
2366,74.00267028808594,73.28026806482923
2367,74.00267028808594,75.22504045404025
2368,74.00267028808594,75.93119011825559
2369,74.00267028808594,74.93764629683682
2370,74.00267028808594,74.8599207958822
2371,74.00267028808594,74.26268697455781
2372,74.00267028808594,74.75598338425898
2373,74.00267028808594,74.72849932886334
2374,74.00267028808594,75.19239317756241
2375,74.00267028808594,75.29958902268253
2376,74.00267028808594,75.18886926000893
2377,74.00267028808594,75.23304370897394
2378,74.00267028808594,75.23111995824175
2379,74.00267028808594,75.287128217814
2380,74.00267028808594,75.28783267854773
2381,74.00267028808594,75.24466610066682
2382,85.56558990478516,75.24466610066682
2383,85.56558990478516,75.24466610066682
2384,85.56558990478516,78.55025973348901
2385,85.56558990478516,83.32328138707501
2386,85.56558990478516,83.70189877111287
2387,85.56558990478516,83.94337467677902
2388,85.56558990478516,85.4617288337462
2389,85.56558990478516,85.14087884375887
2390,85.56558990478516,87.15730207137754
2391,85.56558990478516,85.96997828998386
2392,85.56558990478516,85.70729432360312
2393,85.56558990478516,86.19072707261847
2394,85.56558990478516,86.27944555017743
2395,85.56558990478516,86.22639554152137
2396,85.56558990478516,86.96428628587552
2397,85.56558990478516,86.88477340745789
2398,85.56558990478516,85.59488401655706
2399,85.56558990478516,85.48221548793622
2400,85.56558990478516,85.28009093638343
2401,85.56558990478516,86.76371429154116
2402,85.56558990478516,86.29312322421715
2403,85.56558990478516,86.98323329392584
2404,85.56558990478516,86.43238373338698
2405,85.56558990478516,86.50475355749195
2406,85.56558990478516,86.24278454209642
2407,85.56558990478516,86.31754452965305
2408,85.56558990478516,86.32076422991372
2409,85.56558990478516,86.31695223391587
2410,85.56558990478516,86.31512208850454
2411,85.56558990478516,86.3199459902986
2412,85.56558990478516,86.32249915611935
2413,69.37751007080078,86.32030427273362
2414,71.6900863647461,86.31667141795327
2415,76.31525421142578,79.43558692762483
2416,76.31525421142578,74.5955349879351
2417,72.61512756347656,74.06410126899328
2418,74.00267028808594,78.73757527772753
2419,74.00267028808594,77.46524898862461
2420,74.00267028808594,75.5296668666489
2421,74.00267028808594,76.97441334983696
2422,74.00267028808594,75.61275772776224
2423,74.00267028808594,76.78298482007747
2424,74.00267028808594,74.62235452624687
2425,74.00267028808594,76.50492940751487
2426,74.4651870727539,78.1044167832815
2427,74.4651870727539,78.29732847321118
2428,74.4651870727539,76.14613456405435
2429,74.4651870727539,78.0475362189519
2430,74.4651870727539,77.09393443349883
2431,74.4651870727539,74.5172514862962
2432,77.70279693603516,73.05972989416655
2433,77.70279693603516,73.18546039975973
2434,82.79048919677734,77.45565282935144
2435,74.92770385742188,77.1431450101147
2436,74.00267028808594,79.04358156187647
2437,74.4651870727539,77.83268457153159
2438,77.24028778076172,76.4253511667611
2439,77.24028778076172,75.26899622160911
2440,76.31525421142578,77.85811939664853
2441,76.31525421142578,79.29796854628219
2442,76.31525421142578,78.01369224686339
2443,78.62783813476562,78.63665260299
2444,78.62783813476562,77.25993620756557
2445,77.24028778076172,78.1156905758484
2446,77.24028778076172,79.00283903902891
2447,76.31525421142578,79.9215752632882
2448,74.00267028808594,79.41992014051678
2449,74.00267028808594,77.65812759391503
2450,74.00267028808594,73.36651931593528
2451,76.31525421142578,73.46852289004603
2452,78.62783813476562,76.23001784262533
2453,78.62783813476562,76.25913232518306
2454,78.62783813476562,76.73114764588053
2455,78.62783813476562,78.27012240947965
2456,78.62783813476562,79.05006292340373
2457,78.62783813476562,78.0534672457479
2458,78.62783813476562,77.34361290887672
2459,79.0903549194336,81.35461462582916
2460,79.55287170410156,83.16788364336557
2461,87.87816619873047,82.19728361580943
2462,87.87816619873047,83.02276957387218
2463,87.87816619873047,85.39916658782877
2464,87.87816619873047,87.11213427629201
2465,80.01539611816406,87.36403910581005
2466,80.01539611816406,86.08600531296183
2467,80.01539611816406,84.28688845160883
2468,80.01539611816406,82.01607178404505
2469,80.01539611816406,83.50856020864235
2470,80.01539611816406,84.20775160835949
2471,80.01539611816406,82.26620456800609
2472,90.19075775146484,82.28838095962614
2473,90.19075775146484,83.01334287250745
2474,90.19075775146484,85.33898804982366
2475,90.19075775146484,89.3534620400146
2476,81.40293884277344,89.03043491937481
2477,81.40293884277344,88.72398723772146
2478,81.40293884277344,86.98111749089739
2479,80.94041442871094,83.48663558305772
2480,83.25300598144531,84.03287588848656
2481,83.25300598144531,84.06229862304919
2482,83.25300598144531,85.24054107443445
2483,83.25300598144531,84.44568503679648
2484,83.25300598144531,85.05487007885039
2485,83.25300598144531,82.69246221870812
2486,83.25300598144531,84.93665946968058
2487,83.25300598144531,84.23945798997418
2488,83.25300598144531,84.2846209434052
2489,83.25300598144531,84.24711587355159
2490,83.25300598144531,84.56568383037171
2491,83.25300598144531,84.7653294548065
2492,83.25300598144531,84.32505198647814
2493,87.87816619873047,85.05267842323434
2494,88.34068298339844,83.94930086192048
2495,88.34068298339844,85.62727952699947
2496,88.34068298339844,86.19620459777374
2497,88.8031997680664,86.81513104873665
2498,91.57830810546876,87.14411179056023
2499,91.57830810546876,88.95438382394423
2500,83.25300598144531,89.70638476347588
2501,83.25300598144531,91.55191856678248
2502,87.87816619873047,89.08079135422881
2503,87.87816619873047,86.15678546049699
2504,83.25300598144531,84.62014114661037
2505,83.25300598144531,88.04184168971025
2506,83.25300598144531,85.71553159183895
2507,83.25300598144531,85.27832857413547
2508,83.25300598144531,84.72846993888987
2509,87.87816619873047,85.23096266789452
2510,87.87816619873047,85.53898388726925
2511,87.87816619873047,86.40125835031557
2512,88.8031997680664,90.204857305338
2513,92.50333404541016,88.45468957125638
2514,92.50333404541016,90.00073960600477
2515,92.96585845947266,91.49553588592677
2516,92.96585845947266,93.77407499246165
2517,92.96585845947266,94.29803561764052
2518,92.96585845947266,93.52925350351711
2519,92.50333404541016,92.27037652374872
2520,92.50333404541016,91.97781470727978
2521,99.44109344482422,92.48234254507075
2522,100.8286361694336,91.46124244690964
2523,92.50333404541016,94.42934290230677
2524,92.50333404541016,97.19737005378587
2525,92.50333404541016,95.00121976845786
2526,92.50333404541016,91.76717529929824
2527,92.50333404541016,91.98325511308367
2528,92.50333404541016,93.423594076767
2529,92.50333404541016,94.00900820897652
2530,92.50333404541016,93.094064614097
2531,92.50333404541016,94.1717410592949
2532,92.50333404541016,93.60646336826457
2533,92.50333404541016,93.75501501247237
2534,92.50333404541016,93.17084357159152
2535,99.44109344482422,93.38093425872663
2536,92.50333404541016,93.70659362554446
2537,92.50333404541016,95.96621477395618
2538,94.35340118408205,93.9347727339937
2539,101.75366973876952,92.05896245104282
2540,94.81591796875,94.09301091502584
2541,94.81591796875,96.20672557648655
2542,94.81591796875,96.09325656098386
2543,94.81591796875,93.9914749640482
2544,94.81591796875,95.30244007710652
2545,94.81591796875,93.82412963085012
2546,94.81591796875,95.16185779625073
2547,94.81591796875,95.08326805996298
2548,94.81591796875,96.01930835750298
2549,94.81591796875,95.41211646322948
2550,94.81591796875,96.21677362351562
2551,94.81591796875,94.31813009781382
2552,94.81591796875,95.06317196590484
2553,94.81591796875,95.7454901995942
2554,94.81591796875,95.2016465131564
2555,94.81591796875,93.90725761131483
2556,94.81591796875,93.88911109014637
2557,94.81591796875,95.26956201509621
2558,94.81591796875,93.82696038486377
2559,94.81591796875,94.10761657284999
2560,94.81591796875,94.23493110641604
2561,94.81591796875,95.12611993029961
2562,94.81591796875,94.37121077028186
2563,87.87816619873047,94.51198671731875
2564,92.50333404541016,94.60247562654986
2565,89.26570892333984,92.2201443580276
2566,89.7282485961914,91.11163948456928
2567,92.50333404541016,91.55371643449695
2568,92.50333404541016,90.20895173118328
2569,97.12850952148438,92.13619329629323
2570,97.12850952148438,92.87135011972427
2571,97.12850952148438,95.39449606851966
2572,96.6659927368164,97.31894077119765
2573,96.6659927368164,97.19023991055194
2574,96.6659927368164,96.3522947615055
2575,96.6659927368164,96.89792986011842
2576,96.6659927368164,96.6134794288676
2577,92.50333404541016,97.50883046175986
2578,92.50333404541016,96.75237358617821
2579,92.50333404541016,95.1552440961664
2580,92.50333404541016,93.68578419438596
2581,92.50333404541016,91.74054619939788
2582,92.50333404541016,92.32724337005716
2583,92.50333404541016,92.54024066379351
2584,92.50333404541016,92.28531302796557
2585,92.50333404541016,92.39290427487208
2586,92.50333404541016,92.15069243771777
2587,98.05354309082033,92.95871616178525
2588,92.50333404541016,93.4021988054107
2589,92.50333404541016,94.44830443532067
2590,92.50333404541016,94.76765835405907
2591,92.50333404541016,93.63501460501229
2592,92.50333404541016,92.90713962999035
2593,92.50333404541016,93.27807814994785
2594,92.50333404541016,93.08244141546169
2595,92.50333404541016,92.87722950220531
2596,92.50333404541016,93.09980843025126
2597,92.50333404541016,91.97594260086254
2598,92.50333404541016,92.59178491789154
2599,92.50333404541016,92.03936666128584
2600,106.37883758544922,92.79127560938147
2601,106.37883758544922,93.09582697634494
2602,106.37883758544922,97.54830285723641
2603,114.70413970947266,100.88958997417656
2604,114.70413970947266,102.202285171786
2605,114.70413970947266,104.7247323084446
2606,106.84136199951172,109.40808732712671
2607,101.75366973876952,108.29005891921312
2608,101.75366973876952,107.59407430867793
2609,101.75366973876952,103.83853200260901
2610,101.75366973876952,100.78236992078382
2611,101.75366973876952,103.41315391914614
2612,115.16665649414062,103.0301951848821
2613,106.37883758544922,103.58401267964621
2614,108.69142150878906,108.71515941448311
2615,104.06625366210938,108.2921795638961
2616,104.06625366210938,106.68678375572128
2617,104.06625366210938,106.28096272877914
2618,106.37883758544922,105.13367781644169
2619,101.75366973876952,104.88730861193324
2620,101.75366973876952,106.51108656846353
2621,101.75366973876952,104.71957110471845
2622,101.75366973876952,104.05926626028005
2623,101.75366973876952,103.74557223568414
2624,101.75366973876952,101.3796073733491
2625,101.75366973876952,102.74983756559173
2626,101.75366973876952,102.97946755651434
2627,104.06625366210938,102.7603149059889
2628,111.0040054321289,100.65886254156109
2629,111.0040054321289,101.73258335501018
2630,111.0040054321289,104.60399112784182
2631,111.0040054321289,106.29920285526848
2632,104.06625366210938,106.89816716461517
2633,104.06625366210938,108.24017051096342
2634,103.14122009277344,105.79873716562594
2635,102.6787109375,102.5231416173127
2636,102.6787109375,105.10641930145277
2637,102.6787109375,102.89361533843558
2638,106.37883758544922,102.61414858357824
2639,102.21619415283205,102.20404430626425
2640,102.21619415283205,104.26900996217404
2641,102.21619415283205,103.57529124595763
2642,101.75366973876952,102.62751800561307
2643,101.75366973876952,101.93871841039643
2644,101.75366973876952,102.56054501242124
2645,100.8286361694336,102.2298438693556
2646,100.8286361694336,102.39089021001362
2647,100.8286361694336,102.6160142344561
2648,99.44109344482422,101.49121396574361
2649,99.44109344482422,101.52043496470094
2650,99.44109344482422,99.99476183997328
2651,104.06625366210938,99.97234820728139
2652,120.2543487548828,99.26154813389253
2653,120.2543487548828,101.67596827473716
2654,111.0040054321289,106.41643222245406
2655,101.75366973876952,110.44455967841212
2656,101.75366973876952,110.49271154657134
2657,101.75366973876952,102.01929968057976
2658,101.75366973876952,99.5417766423955
2659,94.81591796875,102.62198883614283
2660,106.37883758544922,103.04868384963717
2661,99.44109344482422,100.72514156427067
2662,99.44109344482422,99.41378266331078
2663,99.44109344482422,102.78554638161569
2664,97.12850952148438,100.61557815008669
2665,97.12850952148438,102.45755656508538
2666,97.12850952148438,100.71959948372171
2667,97.12850952148438,100.74839764485031
2668,92.96585845947266,100.98256910771957
2669,97.12850952148438,99.60354969862496
2670,97.5910186767578,98.24319325384842
2671,97.5910186767578,97.29718560352147
2672,93.4283676147461,97.93298844828186
2673,104.06625366210938,96.9413465901499
2674,97.12850952148438,97.993760895909
2675,104.06625366210938,97.28037215123287
2676,111.0040054321289,99.7668135170565
2677,111.0040054321289,99.81951976824111
2678,111.0040054321289,101.47030770149456
2679,111.0040054321289,104.45024922998073
2680,111.0040054321289,104.93072211419505
2681,111.0040054321289,108.24368555215028
2682,111.0040054321289,106.55317991292421
2683,111.0040054321289,108.1420495403124
2684,111.0040054321289,109.7335175222969
2685,113.31659698486328,109.68810280283047
2686,104.06625366210938,110.06300825173071
2687,104.06625366210938,111.19452873692714
2688,104.06625366210938,107.42966785977794
2689,101.75366973876952,103.80946593659657
2690,97.12850952148438,103.58001670077633
2691,97.12850952148438,103.33294061470687
2692,97.12850952148438,101.72974614545714
2693,101.75366973876952,98.31455924158138
2694,101.75366973876952,100.32316803879294
2695,101.75366973876952,101.73066928758703
2696,101.75366973876952,104.10358031028395
2697,101.75366973876952,101.02145727688315
2698,101.75366973876952,102.55916675476578
2699,99.44109344482422,104.0139871071404
2700,99.44109344482422,103.46500158359456
2701,99.44109344482422,101.79333643601922
2702,99.44109344482422,100.9209025678897
2703,99.44109344482422,100.7479134793976
2704,99.44109344482422,99.52048950132364
2705,99.44109344482422,98.51268297260975
2706,99.44109344482422,98.39043119579446
2707,99.44109344482422,100.3265087804168
2708,99.44109344482422,98.40153795128018
2709,76.77777099609375,97.85531217081493
2710,90.19075775146484,97.46824125797234
2711,92.50333404541016,88.79007259424995
2712,92.50333404541016,85.15833946386928
2713,97.12850952148438,90.38730860066136
2714,97.12850952148438,91.40832316292583
2715,97.12850952148438,96.38778731696058
2716,97.12850952148438,96.16559733516166
2717,97.12850952148438,100.59140215514685
2718,97.12850952148438,98.8561983613244
2719,97.12850952148438,97.6839272838562
2720,97.12850952148438,96.2172061446534
2721,97.12850952148438,97.85564785886216
2722,99.44109344482422,98.90545089894617
2723,99.44109344482422,99.13959976742763
2724,99.44109344482422,99.02839019070434
2725,92.50333404541016,98.93974595184815
2726,92.50333404541016,98.6729933817796
2727,99.44109344482422,93.16916351747054
2728,99.44109344482422,90.37153126244161
2729,99.44109344482422,91.1783348895682
2730,99.44109344482422,96.74550812005845
2731,99.44109344482422,97.1728131820232
2732,92.50333404541016,98.38005391625754
2733,92.50333404541016,101.06510963410163
2734,92.50333404541016,96.89168412577816
2735,92.50333404541016,96.15331889928032
2736,92.50333404541016,93.60708471392891
2737,92.50333404541016,94.35867895448027
2738,92.50333404541016,94.82622139333691
2739,92.50333404541016,94.0195388075735
2740,93.8908920288086,94.0851270875705
2741,87.87816619873047,94.28412070252895
2742,85.56558990478516,95.32168081219817
2743,85.56558990478516,92.33583569295834
2744,85.56558990478516,88.44103610548929
2745,85.56558990478516,86.32136136730543
2746,92.0408172607422,88.00358777728974
2747,92.0408172607422,86.48411197035706
2748,92.0408172607422,89.50467013867306
2749,92.0408172607422,92.51199445128101
2750,92.0408172607422,92.13480535532872
2751,92.0408172607422,92.12115995898584
2752,92.0408172607422,91.5759686787046
2753,92.0408172607422,91.60691330667366
2754,92.0408172607422,92.64537719185466
2755,92.0408172607422,93.38167664575415
2756,108.69142150878906,91.97553267411257
2757,108.69142150878906,92.57162588232455
2758,108.69142150878906,99.0300008477771
2759,108.69142150878906,102.49803279693393
2760,104.99128723144533,102.9673827868141
2761,101.75366973876952,102.60011101321865
2762,101.75366973876952,104.93201644983868
2763,87.87816619873047,101.8329476255922
2764,92.50333404541016,103.08994442951914
2765,92.50333404541016,98.38923046547168
2766,92.50333404541016,94.33072808289396
2767,92.50333404541016,94.93674506900214
2768,83.25300598144531,95.81200807726046
2769,83.25300598144531,95.13240439787609
2770,76.77777099609375,91.3588818007775
2771,76.77777099609375,89.27547912442762
2772,91.57830810546876,84.12218827566753
2773,91.57830810546876,81.53508568445085
2774,92.50333404541016,85.65488986888406
2775,92.50333404541016,90.43537493292393
2776,96.20347595214844,92.40821197260267
2777,96.20347595214844,93.23527953781102
2778,96.20347595214844,94.65172816417163
2779,96.20347595214844,95.54543626229426
2780,96.20347595214844,98.69722747657377
2781,96.20347595214844,95.18213787318092
2782,83.25300598144531,94.67237136519137
2783,97.12850952148438,94.04756391786256
2784,83.25300598144531,91.56011226012757
2785,83.25300598144531,90.68887105289663
2786,83.25300598144531,91.30386123872881
2787,83.25300598144531,85.26771243964185
2788,78.62783813476562,82.81167020871055
2789,78.62783813476562,83.31889323418841
2790,85.10306549072266,82.72787730769075
2791,85.10306549072266,82.51524797969847
2792,92.0408172607422,83.79197129805462
2793,91.57830810546876,87.13404437691305
2794,104.77399444580078,89.06076142944922
2795,100.54070281982422,91.60911464559877
2796,89.95746612548828,97.85957928233836
2797,100.01154327392578,100.42418431885133
2798,84.66585540771484,97.91245337754657
2799,79.90339660644531,94.80734055456513
2800,79.37422943115234,92.15294219318814
2801,79.90339660644531,84.16133950806042
2802,79.90339660644531,83.00167125732688
2803,80.96173095703125,81.75594421125476
2804,83.60753631591797,81.11394727646906
2805,83.078369140625,82.14607182198893
2806,82.02005004882812,82.14267620828042
2807,80.96173095703125,85.46648333849205
2808,80.96173095703125,84.87320797321496
2809,80.96173095703125,84.55957689012789
2810,89.42830657958984,82.64252216614346
2811,82.54920959472656,83.18058007542109
2812,84.66585540771484,88.61583274500494
2813,84.66585540771484,88.96152042271751
2814,84.66585540771484,85.11572806237419
2815,84.66585540771484,85.24497602998147
2816,84.66585540771484,86.72947895237836
2817,84.66585540771484,83.97988397968484
2818,84.66585540771484,86.95699798192703
2819,80.96173095703125,86.85752134800835
2820,84.66585540771484,84.1161991490172
2821,85.19501495361328,85.63711131345966
2822,85.19501495361328,86.06141616350232
2823,85.19501495361328,87.33169039802806
2824,85.19501495361328,85.7164418228901
2825,85.19501495361328,86.93628861162877
2826,85.19501495361328,85.70377766853143
2827,85.19501495361328,85.82424610259582
2828,84.66585540771484,85.73324397798481
2829,84.66585540771484,86.60569075719306
2830,78.8450698852539,85.32778284736254
2831,85.19501495361328,85.8311164103701
2832,75.14093780517578,83.743424028109
2833,68.79100799560547,81.95793481036561
2834,79.37422943115234,79.98916395354742
2835,84.66585540771484,78.11716970130651
2836,87.31166076660156,77.71888148186649
2837,87.31166076660156,81.47998765592973
2838,84.66585540771484,85.52564351516159
2839,84.66585540771484,85.28240524724748
2840,84.66585540771484,84.91887768648651
2841,84.66585540771484,85.13927625611032
2842,84.66585540771484,85.9115556586873
2843,84.66585540771484,85.66470067484127
2844,84.66585540771484,87.06596587260415
2845,84.66585540771484,87.05400053038225
2846,76.19927215576172,87.1235137783161
2847,76.19927215576172,86.49519613145497
2848,83.60753631591797,81.87722927104942
2849,83.60753631591797,79.8223415190383
2850,83.60753631591797,79.60381263500446
2851,76.19927215576172,83.82234138301978
2852,76.19927215576172,82.48119823729255
2853,76.19927215576172,80.38418002146938
2854,76.19927215576172,80.14384190461715
2855,76.19927215576172,79.64742867981398
2856,76.19927215576172,81.58031642104524
2857,76.19927215576172,79.38900698330215
2858,76.19927215576172,78.6865450459518
2859,76.19927215576172,79.63807056855507
2860,84.66585540771484,79.27599066249776
2861,84.66585540771484,78.18239001555943
2862,84.66585540771484,82.0476700353753
2863,84.66585540771484,85.33594910466533
2864,84.66585540771484,83.40450498342564
2865,84.66585540771484,83.89189175030499
2866,84.1366958618164,83.14342360469345
2867,84.1366958618164,84.75184221917817
2868,82.02005004882812,85.58846882430834
2869,78.31591033935547,84.36203254375796
2870,84.1366958618164,83.89432710253224
2871,78.31591033935547,80.98049191107751
2872,78.31591033935547,81.53586922554186
2873,78.31591033935547,81.7040045553703
2874,78.31591033935547,80.81723858289746
2875,78.31591033935547,80.64019945039323
2876,78.31591033935547,80.28492287588925
2877,78.31591033935547,79.3836553411646
2878,78.31591033935547,80.58933706264112
2879,78.8450698852539,81.29902759020078
2880,78.8450698852539,79.80457668163507
2881,89.95746612548828,81.08182128479534
2882,89.95746612548828,80.81501787735425
2883,91.54495239257812,83.18161941725963
2884,91.54495239257812,90.69165500424985
2885,91.54495239257812,92.12415532925343
2886,91.54495239257812,88.17304407186174
2887,95.24908447265624,89.93219953063094
2888,95.24908447265624,89.31588918699762
2889,89.95746612548828,89.75569701483681
2890,89.95746612548828,88.81178741480505
2891,88.8991470336914,92.60107443904467
2892,88.8991470336914,89.40486911390104
2893,87.31166076660156,88.60545707935285
2894,84.66585540771484,90.35706439871393
2895,84.66585540771484,92.0230535132984
2896,84.66585540771484,89.55758942265687
2897,84.66585540771484,86.83150552434812
2898,84.66585540771484,85.01031878777466
2899,86.78250122070312,86.30034213111742
2900,86.78250122070312,87.0037635230066
2901,86.78250122070312,87.16231641158302
2902,86.78250122070312,88.69768252867443
2903,86.78250122070312,88.52476445111539
2904,86.78250122070312,90.62084257901785
2905,86.25334167480469,87.74525968609876
2906,86.25334167480469,86.42251966922996
2907,86.25334167480469,87.59486821317059
2908,86.25334167480469,87.82472092020144
2909,86.25334167480469,86.50368677961109
2910,86.25334167480469,86.52306146714466
2911,86.25334167480469,86.99835539489956
2912,87.31166076660156,86.32862384909643
2913,87.31166076660156,86.41873349538957
2914,87.31166076660156,86.7035341396512
2915,89.95746612548828,87.53070176571977
2916,84.66585540771484,86.92968298096864
2917,91.01579284667967,88.2370749529858
2918,95.24908447265624,87.64267148220384
2919,100.54070281982422,86.7208914711317
2920,105.83231353759766,90.98253192494327
2921,116.4155502319336,93.68025502491574
2922,104.77399444580078,96.29878802343904
2923,100.54070281982422,100.1870820411082
2924,100.54070281982422,102.18632707846389
2925,95.24908447265624,99.71476573088762
2926,92.60327911376952,98.72622898719253
2927,92.60327911376952,97.58106794730774
2928,100.54070281982422,96.8717849256708
2929,100.54070281982422,97.01562725390833
2930,92.60327911376952,95.42944958643736
2931,92.60327911376952,98.39521475046747
2932,92.60327911376952,97.3238663477368
2933,92.60327911376952,95.24325891993404
2934,92.60327911376952,94.48528015094595
2935,90.48662567138672,94.99854233350425
2936,90.48662567138672,94.41497609943931
2937,100.54070281982422,93.48397757814712
2938,104.77399444580078,92.9890668801323
2939,104.77399444580078,95.80482951748127
2940,104.77399444580078,101.75880575593024
2941,103.18650817871094,103.40389990345955
2942,103.18650817871094,103.27051554900106
2943,103.18650817871094,102.3526508225567
2944,103.18650817871094,101.46731878676636
2945,103.18650817871094,101.52953081967297
2946,103.18650817871094,99.47737940941222
2947,102.6573486328125,101.12340961015016
2948,102.6573486328125,102.91836587637933
2949,100.54070281982422,103.44141949827673
2950,100.54070281982422,100.12803967803215
2951,100.54070281982422,102.0192964528101
2952,103.18650817871094,99.96485332607307
2953,104.77399444580078,99.79020839173259
2954,102.12818908691406,101.11755120817207
2955,102.12818908691406,101.28536940962898
2956,96.83657836914062,101.15971233579614
2957,95.24908447265624,101.41197867551888
2958,94.19075775146484,99.94226539381819
2959,94.19075775146484,97.54436820599052
2960,100.54070281982422,96.00394740157257
2961,100.54070281982422,95.58118058378477
2962,94.19075775146484,98.18480935578809
2963,88.8991470336914,100.13648675129753
2964,93.6615982055664,97.63087566131532
2965,93.6615982055664,93.67573614735689
2966,91.01579284667967,93.0155684831301
2967,91.01579284667967,94.33312308800014
2968,91.54495239257812,95.82551306562205
2969,91.54495239257812,92.81013385376545
2970,91.54495239257812,93.64396036869397
2971,87.31166076660156,93.18902075657199
2972,87.31166076660156,93.18352063702893
2973,93.13243865966795,91.48998089429907
2974,92.0741195678711,89.96292305637658
2975,92.0741195678711,90.86209899634542
2976,92.0741195678711,93.19643171576851
2977,92.0741195678711,91.32832450517063
2978,92.0741195678711,91.08217156123106
2979,92.0741195678711,93.98560203710653
2980,92.0741195678711,91.82089022850938
2981,92.0741195678711,93.6268402782853
2982,92.0741195678711,91.27940442782639
2983,92.0741195678711,91.66139805895465
2984,94.19075775146484,90.52817331136458
2985,94.19075775146484,92.67084268078361
2986,86.25334167480469,91.63845829980411
2987,86.25334167480469,94.23048808144478
2988,86.25334167480469,92.52201829003745
2989,86.25334167480469,88.567227375205
2990,86.25334167480469,86.8473264374586
2991,86.25334167480469,87.22628273731338
2992,86.25334167480469,87.42829108915751
2993,86.25334167480469,87.36761708850575
2994,86.25334167480469,88.7149317298705
2995,86.25334167480469,87.33534100554166
2996,86.25334167480469,87.47527934634533
2997,94.19075775146484,87.83737377736622
2998,94.19075775146484,87.36245427089477
2999,94.19075775146484,88.71959585706517
3000,85.19501495361328,92.148784825834
3001,84.66585540771484,93.20698329486842
3002,89.95746612548828,90.09866852435957
3003,89.95746612548828,88.66837599382046
3004,87.84082794189453,86.35417487392205
3005,87.84082794189453,90.30486813513953
3006,87.84082794189453,88.61412525484162
3007,82.54920959472656,88.33769744514262
3008,82.54920959472656,87.2012078085163
3009,87.84082794189453,86.09488329348012
3010,92.60327911376952,85.90855221899551
3011,92.60327911376952,85.53571092880878
3012,92.60327911376952,91.29588864760714
3013,89.95746612548828,92.97537790889866
3014,92.60327911376952,93.148231431064
3015,92.60327911376952,93.09477472342766
3016,93.6615982055664,94.50302320090381
3017,93.6615982055664,94.99550338834592
3018,93.6615982055664,95.61698623289928
3019,93.6615982055664,93.5715711779709
3020,93.6615982055664,92.54972062335804
3021,93.6615982055664,93.54134311487186
3022,93.6615982055664,94.35507514962708
3023,93.6615982055664,93.93449030414627
3024,93.6615982055664,93.22160993319551
3025,93.6615982055664,93.50670914615299
3026,94.71991729736328,93.69929241051723
3027,94.71991729736328,92.0105749556966
3028,94.71991729736328,93.3780050577376
3029,94.71991729736328,94.34821936681638
3030,94.71991729736328,95.25370721040403
3031,94.71991729736328,94.8837483185459
3032,89.42830657958984,94.55656060278227
3033,89.42830657958984,94.44423905940255
3034,89.42830657958984,93.30305785953924
3035,89.42830657958984,91.58517105007623
3036,92.60327911376952,90.03751842767929
3037,92.60327911376952,90.82197297750768
3038,92.60327911376952,92.65727797868286
3039,100.01154327392578,92.98928475458602
3040,100.01154327392578,93.4042904001665
3041,101.06986236572266,93.27415318201102
3042,100.54070281982422,97.37552680154349
3043,100.54070281982422,99.25799758723915
3044,100.54070281982422,99.23500941154334
3045,104.24483489990234,99.14432199447661
3046,105.0843505859375,100.43008790960499
3047,105.0843505859375,102.23466292949516
3048,105.0843505859375,103.64857130111375
3049,105.0843505859375,103.04329992980277
3050,100.81697082519533,102.39942766083016
3051,104.01750183105467,103.83044643954837
3052,100.81697082519533,102.5356169471448
3053,100.81697082519533,101.31622366004687
3054,100.81697082519533,99.80860667893648
3055,100.81697082519533,100.11749132670192
3056,100.81697082519533,101.16231714593184
3057,100.81697082519533,99.42221359772773
3058,106.68462371826172,100.44622030249008
3059,106.15119934082033,101.24487703893202
3060,105.6177749633789,102.44540078445208
3061,105.6177749633789,103.08327262958048
3062,106.15119934082033,103.64323579782462
3063,104.01750183105467,104.21026778167868
3064,108.81830596923828,105.04132164244788
3065,108.81830596923828,103.90128952859237
3066,108.81830596923828,106.2409997123105
3067,108.81830596923828,106.32996672813518
3068,108.81830596923828,106.0925965455082
3069,108.81830596923828,105.91529838448676
3070,108.81830596923828,106.44144743751198
3071,108.81830596923828,107.8848350296627
3072,108.81830596923828,108.66831156527658
3073,108.81830596923828,107.94038171817002
3074,100.81697082519533,107.1613788713394
3075,99.75011444091795,107.65247434558668
3076,99.75011444091795,104.36982289274228
3077,98.68327331542967,101.81966858110856
3078,98.14984893798828,100.59403601520972
3079,101.35039520263672,101.84877338035723
3080,101.35039520263672,100.22661253643908
3081,101.35039520263672,100.56783943644714
3082,101.35039520263672,102.28637179984713
3083,101.35039520263672,100.20504780717431
3084,99.75011444091795,101.309810081683
3085,99.75011444091795,102.07238035304783
3086,99.2166976928711,100.96781820025961
3087,99.2166976928711,101.10393324787151
3088,99.75011444091795,100.05807454234244
3089,96.0161590576172,98.50138255094294
3090,91.74877166748048,100.0552179661713
3091,91.74877166748048,98.88910547326188
3092,91.74877166748048,95.83089375768677
3093,91.74877166748048,93.14308313841661
3094,91.74877166748048,92.55577914705657
3095,96.0161590576172,92.90050979105759
3096,96.0161590576172,92.37279204196551
3097,96.0161590576172,93.5312644040308
3098,96.0161590576172,96.93357734851837
3099,90.68192291259766,96.24409023835887
3100,98.68327331542967,96.70339863674934
3101,98.68327331542967,94.5386610059947
3102,93.34904479980467,95.07705944497408
3103,98.68327331542967,99.4842190533745
3104,98.68327331542967,95.10548802647378
3105,98.68327331542967,95.92404719079275
3106,98.68327331542967,98.67739283186012
3107,98.68327331542967,98.43097843857608
3108,98.68327331542967,99.29156961973172
3109,98.68327331542967,98.00716259564068
3110,106.68462371826172,98.2914580939466
3111,106.68462371826172,98.57651534589817
3112,114.1525421142578,99.0204950660551
3113,114.1525421142578,103.69939576257207
3114,115.21939086914062,107.23566276286749
3115,104.01750183105467,109.71993506746287
3116,98.68327331542967,110.1988650777678
3117,98.68327331542967,106.02885132200127
3118,98.68327331542967,102.5634370940589
3119,98.68327331542967,98.02204584165771
3120,93.34904479980467,97.87302294307592
3121,93.34904479980467,99.16486352075127
3122,96.0161590576172,98.06287067263223
3123,96.0161590576172,99.41231725587384
3124,105.6177749633789,94.76881389560626
3125,117.35308837890624,97.1408098455975
3126,117.35308837890624,103.60634884586568
3127,112.01885223388672,107.68173730554992
3128,112.01885223388672,110.15730754307484
3129,112.01885223388672,108.5984238960593
3130,112.01885223388672,109.16329650199417
3131,112.01885223388672,110.26274263983183
3132,112.01885223388672,113.17474607199038
3133,112.01885223388672,110.7680080229958
3134,112.01885223388672,110.7144012240691
3135,100.81697082519533,109.920847591499
3136,92.28219604492188,109.6395345523819
3137,92.28219604492188,103.53302360193398
3138,92.28219604492188,103.51645223237173
3139,92.28219604492188,99.89100841122209
3140,96.0161590576172,95.448690321529
3141,112.01885223388672,95.83060003064544
3142,100.81697082519533,94.71425006296799
3143,93.34904479980467,100.29338863568012
3144,84.28085327148438,99.94473140985744
3145,96.0161590576172,96.98522166347665
3146,94.94931030273438,92.41275344454932
3147,101.35039520263672,90.7881604761736
3148,104.01750183105467,104.37149487743905
3149,98.68327331542967,106.42845566453029
3150,98.14984893798828,102.44436467038322
3151,101.35039520263672,100.97855053446187
3152,101.35039520263672,103.82408127772976
3153,96.0161590576172,102.05562500061355
3154,96.0161590576172,101.51345007110284
3155,92.81562042236328,97.96783867756963
3156,104.01750183105467,97.14932470202625
3157,104.01750183105467,93.48891445188016
3158,104.01750183105467,96.58067560556006
3159,104.01750183105467,103.5121011988365
3160,103.48407745361328,104.82569048864866
3161,103.48407745361328,106.46155321487917
3162,93.34904479980467,106.18984601834433
3163,106.68462371826172,101.98045670019178
3164,104.01750183105467,103.50644937411826
3165,103.48407745361328,99.70996603736617
3166,106.68462371826172,102.01632690469998
3167,104.01750183105467,102.33445265707329
3168,104.01750183105467,107.37807518913462
3169,103.48407745361328,106.09587273173838
3170,106.68462371826172,102.28146881769577
3171,112.01885223388672,104.73746263208182
3172,109.88516235351562,102.7461514526116
3173,104.55093383789062,104.11603627349794
3174,104.55093383789062,105.6144508832367
3175,104.55093383789062,108.32421840578834
3176,104.55093383789062,105.93319959515918
3177,104.55093383789062,103.69947968458386
3178,104.55093383789062,103.29254184933077
3179,104.55093383789062,105.23300274518519
3180,104.55093383789062,103.90309707961592
3181,104.55093383789062,103.19117697014642
3182,92.81562042236328,103.39778973544605
3183,98.68327331542967,105.05079837424272
3184,96.0161590576172,101.88570552109178
3185,106.68462371826172,97.55690809121633
3186,106.68462371826172,97.3934925676096
3187,106.68462371826172,100.92144483319677
3188,94.94931030273438,104.89681116588557
3189,94.94931030273438,104.59883315188537
3190,94.94931030273438,102.73706528094863
3191,98.68327331542967,99.6712489399959
3192,93.8824691772461,96.73900416414338
3193,93.8824691772461,100.23461094971825
3194,93.8824691772461,98.47924973421364
3195,93.8824691772461,96.82810674629484
3196,96.0161590576172,98.10741066651406
3197,96.0161590576172,95.24834265718773
3198,96.0161590576172,96.23777026531585
3199,106.68462371826172,99.05117178914031
3200,106.68462371826172,96.88903412686686
3201,106.68462371826172,97.81926766674373
3202,106.68462371826172,102.26113386868096
3203,106.68462371826172,102.66975659970956
3204,106.68462371826172,104.75609009093333
3205,106.68462371826172,104.51222886347003
3206,106.68462371826172,105.44393426632323
3207,106.68462371826172,105.30233846578636
3208,106.68462371826172,104.26187336340074
3209,106.68462371826172,103.78727179224325
3210,106.68462371826172,103.39950690891841
3211,104.01750183105467,104.2515832336453
3212,104.01750183105467,105.478016286426
3213,101.35039520263672,104.74004162006004
3214,101.35039520263672,103.46308106063205
3215,101.35039520263672,101.46220277181581
3216,101.35039520263672,100.44978053245252
3217,101.35039520263672,100.6225178549092
3218,101.35039520263672,102.19165935398334
3219,101.35039520263672,103.26103236166685
3220,101.35039520263672,101.98734153292966
3221,101.35039520263672,101.23061352469448
3222,106.68462371826172,101.36275841559396
3223,106.68462371826172,100.54898926148738
3224,106.68462371826172,102.61495875376914
3225,104.01750183105467,104.39762690080794
3226,106.68462371826172,105.39097947687287
3227,126.95469665527344,104.38362483591487
3228,122.68731689453125,105.107697498248
3229,122.68731689453125,108.6340165123746
3230,122.68731689453125,115.72506177210835
3231,122.68731689453125,116.5974439959229
3232,104.01750183105467,115.56972212825322
3233,104.01750183105467,117.03665630025523
3234,104.01750183105467,111.25897761422539
3235,104.01750183105467,108.0553290521884
3236,104.01750183105467,104.50919475996623
3237,104.01750183105467,104.87027889907576
3238,104.01750183105467,105.78243047317787
3239,104.01750183105467,106.43171893968172
3240,104.01750183105467,109.4237710600256
3241,104.01750183105467,106.82313765828985
3242,104.01750183105467,105.92013035570506
3243,104.01750183105467,104.25529516878294
3244,101.35039520263672,105.36757491888773
3245,101.35039520263672,103.73571462706647
3246,121.62046813964844,104.83513494274665
3247,121.62046813964844,101.93748540237681
3248,121.62046813964844,105.64607979837896
3249,121.62046813964844,112.96656461062389
3250,121.62046813964844,114.07486774847689
3251,122.68731689453125,112.93515195605052
3252,121.62046813964844,113.25789987461258
3253,122.68731689453125,116.34833764272165
3254,112.01885223388672,118.1343884923902
3255,120.55361938476562,118.42969068532163
3256,101.35039520263672,116.85167604738373
3257,102.417236328125,115.81206630396461
3258,117.35308837890624,113.02473224811533
3259,121.62046813964844,109.8034051915142
3260,121.62046813964844,109.89954108380903
3261,121.62046813964844,116.50376120858859
3262,121.62046813964844,115.50644170358092
3263,101.35039520263672,116.1304083169068
3264,101.8838119506836,115.18427155579245
3265,101.35039520263672,115.13051305169057
3266,101.35039520263672,112.62704842854882
3267,101.35039520263672,109.7152741680379
3268,96.0161590576172,109.015742238619
3269,96.0161590576172,108.49977034341026
3270,96.0161590576172,101.30295429887228
3271,96.0161590576172,100.8037345283281
3272,102.9506607055664,100.14193522652562
3273,96.0161590576172,98.6345377337538
3274,96.0161590576172,99.4902646659943
3275,96.0161590576172,100.44899941218878
3276,96.0161590576172,99.39677231707141
3277,96.0161590576172,99.51052537630638
3278,101.35039520263672,100.22547636151
3279,101.35039520263672,100.53792446700756
3280,101.35039520263672,101.18689983985198
3281,102.417236328125,102.76722556088424
3282,98.68327331542967,100.02915049819612
3283,98.14984893798828,99.394102951542
3284,98.5714111328125,99.29124038722385
3285,96.42855072021484,98.88700096742733
3286,96.42855072021484,99.25705507849116
3287,96.42855072021484,97.48241439465869
3288,96.42855072021484,96.25566824821857
3289,96.42855072021484,95.63579767462282
3290,96.42855072021484,96.26570661193858
3291,96.42855072021484,95.91607782744074
3292,91.0714111328125,96.17900871820238
3293,91.0714111328125,95.91212380957676
3294,85.71427154541016,95.56682023645668
3295,85.71427154541016,92.04226842623255
3296,85.71427154541016,91.30759254048456
3297,85.71427154541016,89.2539660394778
3298,85.71427154541016,88.58138275915809
3299,92.14283752441406,88.709087852856
3300,92.14283752441406,88.21868473520612
3301,93.74998474121094,89.46603373554491
3302,94.28569793701172,93.07549686898466
3303,94.28569793701172,90.26930295486655
3304,94.28569793701172,89.19514800639486
3305,94.28569793701172,92.69291901154344
3306,97.49998474121094,94.7523974589889
3307,97.49998474121094,95.55697231114807
3308,97.49998474121094,95.26196384525798
3309,96.96427154541016,97.87536953163684
3310,96.96427154541016,99.18502739797279
3311,96.42855072021484,95.2096804319021
3312,97.49998474121094,93.47484621770857
3313,87.3214111328125,97.41383719993348
3314,94.28569793701172,99.83462250259672
3315,94.28569793701172,94.84419200105754
3316,94.28569793701172,91.63463984826689
3317,94.28569793701172,95.12951554400811
3318,94.28569793701172,95.42192888307156
3319,94.28569793701172,93.62703071669671
3320,94.28569793701172,93.74900329143425
3321,94.28569793701172,98.31376843800858
3322,94.28569793701172,97.44475600574506
3323,94.28569793701172,97.96988831131954
3324,85.71427154541016,92.89807766660002
3325,85.71427154541016,93.18783939286732
3326,85.71427154541016,92.13782009221441
3327,85.71427154541016,89.73920149786218
3328,85.71427154541016,86.41806857483448
3329,85.71427154541016,87.94493274657589
3330,94.28569793701172,88.39566980256812
3331,94.28569793701172,86.79051446323483
3332,94.28569793701172,90.48259074787454
3333,106.60712432861328,92.05528763525656
3334,107.14283752441406,92.07667483718866
3335,104.46426391601562,98.97500610788592
3336,104.46426391601562,107.13121859140375
3337,104.46426391601562,107.56937541504914
3338,104.46426391601562,103.79350461550477
3339,104.46426391601562,101.3822993332663
3340,104.46426391601562,99.48433848085284
3341,104.46426391601562,104.16574715441496
3342,101.78569793701172,100.83002794018125
3343,101.78569793701172,100.55924711354595
3344,101.78569793701172,101.10056991185985
3345,101.78569793701172,106.08397517267986
3346,101.78569793701172,105.03504685818044
3347,104.46426391601562,102.32915265925068
3348,85.71427154541016,104.0338766239387
3349,100.17855072021484,104.85075412025185
3350,100.17855072021484,102.9184982149364
3351,100.17855072021484,99.16528635857999
3352,99.10712432861328,99.24194588859618
3353,98.03569793701172,96.98539919080932
3354,98.03569793701172,98.62587439991955
3355,102.85712432861328,98.19578377271672
3356,86.24998474121094,100.88427706527523
3357,86.24998474121094,99.10521433697446
3358,86.78569793701172,94.87461857199219
3359,88.39283752441406,90.43923211769739
3360,88.39283752441406,89.11470875807765
3361,88.39283752441406,92.36957072781999
3362,88.39283752441406,91.31818930836006
3363,88.39283752441406,90.63544016741777
3364,88.39283752441406,95.06177918328581
3365,88.39283752441406,92.1175384013994
3366,90.53569793701172,88.43836028442051
3367,90.53569793701172,88.15258969536858
3368,90.53569793701172,89.01125067025265
3369,86.24998474121094,90.44825696173635
3370,86.24998474121094,92.46555491493963
3371,86.24998474121094,89.77259438913723
3372,86.24998474121094,87.53372295814484
3373,86.24998474121094,87.29648672795979
3374,86.24998474121094,86.21573583213701
3375,88.92855834960938,86.46828944336173
3376,88.92855834960938,84.62333825248325
3377,88.92855834960938,88.02150996846511
3378,99.10712432861328,87.42445165711733
3379,99.10712432861328,88.83759020566609
3380,102.85712432861328,91.10212240565338
3381,102.85712432861328,96.23881283492406
3382,86.24998474121094,98.36477042679957
3383,86.24998474121094,100.279848141852
3384,93.74998474121094,92.84221949831812
3385,93.21427154541016,88.88212051623886
3386,91.0714111328125,90.15274819154509
3387,88.92855834960938,94.62552028821516
3388,88.92855834960938,92.72900547662053
3389,99.10712432861328,90.00808600980758
3390,99.10712432861328,93.48084018601341
3391,99.10712432861328,91.78421792323448
3392,99.10712432861328,98.4873127028865
3393,99.10712432861328,97.03852182428327
3394,87.3214111328125,97.8747788497845
3395,87.3214111328125,99.72055957747199
3396,87.3214111328125,94.79734415185102
3397,88.92855834960938,91.14291173116136
3398,95.89283752441406,90.2119487153357
3399,94.8214111328125,93.24471753636965
3400,86.78569793701172,92.04839150532479
3401,86.78569793701172,94.07089423714497
3402,86.78569793701172,90.19195590990748
3403,86.78569793701172,88.81076259793011
3404,86.78569793701172,86.80183586540458
3405,86.78569793701172,88.54253655100041
3406,85.71427154541016,88.20633206062203
3407,85.71427154541016,88.38326709755393
3408,85.71427154541016,91.30053018041401
3409,85.71427154541016,86.78708334405978
3410,85.71427154541016,88.46358691839279
3411,85.71427154541016,88.62413295474964
3412,85.71427154541016,87.12143348075418
3413,88.39283752441406,86.19986004694188
3414,88.39283752441406,84.68282766166065
3415,88.39283752441406,86.60334578251698
3416,88.39283752441406,86.56183505048443
3417,88.39283752441406,88.38605911833136
3418,88.39283752441406,88.16441301572434
3419,96.42855072021484,89.16649025324755
3420,95.35712432861328,87.5080492780712
3421,104.46426391601562,91.92512782271329
3422,104.46426391601562,93.34333558355216
3423,104.46426391601562,95.75771699116058
3424,101.78569793701172,100.07200236853274
3425,101.78569793701172,102.58881059155183
3426,101.78569793701172,100.06894567064114
3427,101.78569793701172,101.09695158204309
3428,101.78569793701172,100.93090542614318
3429,101.78569793701172,101.56263482556122
3430,101.78569793701172,101.23465469233996
3431,80.8928451538086,99.96908170436026
3432,85.71427154541016,101.08700682364395
3433,85.71427154541016,92.53635604297774
3434,85.71427154541016,88.17028432878115
3435,85.71427154541016,86.15060266766558
3436,85.71427154541016,87.47506469966129
3437,85.71427154541016,88.07113692737033
3438,103.92855072021484,87.95991443956831
3439,101.78569793701172,89.85272538544952
3440,101.78569793701172,95.2014948079812
3441,101.78569793701172,101.40720803192461
3442,101.78569793701172,99.84917974387558
3443,101.78569793701172,98.07904502652323
3444,96.42855072021484,102.6558190902102
3445,88.39283752441406,102.93205161984326
3446,88.39283752441406,101.72820972708715
3447,90.53569793701172,95.94813280818141
3448,90.53569793701172,92.32604102584953
3449,90.53569793701172,88.78390594026696
3450,88.92855834960938,91.13301861707717
3451,94.28569793701172,90.52053963605982
3452,99.10712432861328,91.73048685517492
3453,101.78569793701172,92.30417934177376
3454,101.78569793701172,95.36499425359975
3455,101.78569793701172,98.09549051306774
3456,101.78569793701172,98.9724884475317
3457,93.74998474121094,101.12882257991171
3458,95.35712432861328,100.5318917654665
3459,95.35712432861328,98.96136878096725
3460,88.39283752441406,95.94424657348081
3461,92.67855072021484,98.3362401705548
3462,91.0714111328125,94.05216026189386
3463,111.42855072021484,92.79991796271277
3464,93.21427154541016,93.28913648888829
3465,99.10712432861328,97.37505877493919
3466,99.10712432861328,101.4125951795287
3467,91.60712432861328,98.37694880182066
3468,92.14283752441406,97.75978309922085
3469,92.67855072021484,95.56206250394115
3470,92.14283752441406,95.60025993039216
3471,89.99998474121094,96.50671771877012
3472,87.85712432861328,93.30683273618571
3473,93.74998474121094,91.07054029317155
3474,91.0714111328125,93.4586040806542
3475,88.39283752441406,92.03656011554482
3476,88.39283752441406,96.1903059120995
3477,88.39283752441406,92.788565896731
3478,88.39283752441406,89.40391046630464
3479,88.39283752441406,87.96333264766461
3480,88.39283752441406,89.30507454466839
3481,85.71427154541016,91.62560209314918
3482,85.71427154541016,89.7467157456886
3483,85.71427154541016,88.49721866462451
3484,85.71427154541016,88.4112389496432
3485,85.71427154541016,86.73858933231396
3486,85.71427154541016,87.58154559379619
3487,85.71427154541016,88.41455871076411
3488,85.71427154541016,85.83778659642394
3489,101.78569793701172,87.0553820158074
3490,99.10712432861328,86.65521119969867
3491,93.74998474121094,93.61154549163344
3492,93.74998474121094,96.602566339563
3493,86.24998474121094,92.91297059592611
3494,91.0714111328125,91.92871871648774
3495,91.0714111328125,94.25071812794484
3496,95.89283752441406,91.45547926413727
3497,95.89283752441406,95.33111235521743
3498,95.89283752441406,93.2553804735237
3499,101.78569793701172,93.07962680029647
3500,101.78569793701172,94.70085643266054
3501,101.78569793701172,94.95054055663537
3502,93.74998474121094,98.05480447618969
3503,102.85712432861328,99.70925270026582
3504,102.85712432861328,100.34000085769966
3505,102.85712432861328,100.69910960176202
3506,102.85712432861328,100.86100484584716
3507,105.53569793701172,102.07117962272505
3508,105.53569793701172,103.17834658564897
3509,56.6678466796875,101.71221935606818
3510,101.78569793701172,102.94501111512811
3511,57.53248977661133,81.55350011050315
3512,107.14283752441406,79.2575439587486
3513,107.14283752441406,83.21268024493735
3514,108.21426391601562,82.19487085796997
3515,108.21426391601562,108.52893969805262
3516,108.21426391601562,105.4509901708544
3517,107.14283752441406,107.05793853624766
3518,108.21426391601562,109.52092692754086
3519,107.14283752441406,111.27898010296266
3520,107.14283752441406,109.35290537659378
3521,107.14283752441406,110.28877783011018
3522,108.21426391601562,109.26357039502503
3523,113.5714111328125,111.21104846217442
3524,113.5714111328125,112.34440232055186
3525,113.5714111328125,113.85777441501043
3526,117.85712432861328,111.24289363788556
3527,117.85712432861328,103.40193741949113
3528,117.85712432861328,103.14516188551859
3529,118.92855072021484,103.24926068562604
3530,112.4999771118164,108.04426425770859
3531,112.4999771118164,114.38714800995085
3532,110.35712432861328,113.10538775700142
3533,116.7856903076172,114.98661585136838
3534,116.7856903076172,115.14085159799129
3535,116.7856903076172,112.86856952299055
3536,107.14283752441406,114.69224648387592
3537,107.14283752441406,115.10773468102428
3538,107.14283752441406,112.03369398291446
3539,107.14283752441406,108.72242189627411
3540,107.14283752441406,106.54579477588518
3541,107.14283752441406,108.0422953182008
3542,107.14283752441406,107.53973480603277
3543,107.14283752441406,107.00918630292705
3544,107.14283752441406,108.481898182665
3545,106.0714111328125,107.54708443760526
3546,107.14283752441406,108.20750225398263
3547,107.14283752441406,107.17914128791536
3548,107.14283752441406,104.55206922469065
3549,107.14283752441406,105.91560502260683
3550,107.14283752441406,106.26662174806917
3551,107.14283752441406,104.96040145644763
3552,107.14283752441406,104.94524385000737
3553,107.14283752441406,105.88806891942501
3554,106.60712432861328,105.51146889144022
3555,107.14283752441406,105.57349694147479
3556,105.0,103.92171485515837
3557,115.0,104.40051898244559
3558,120.0,110.51551251162542
3559,106.0,114.1219996414157
3560,92.0,114.03999492480132
3561,86.0,110.10933320224828
3562,86.0,102.33434614067367
3563,88.0,93.39681811334599
3564,86.0,90.30177109012688
3565,85.0,90.56673870355968
3566,84.0,92.95935364629801
3567,80.0,91.25086771604226
3568,80.0,88.34107530611786
3569,82.0,85.39665215524425
3570,82.0,84.24550844424851
3571,80.0,86.14688911864312
3572,80.0,83.99834359451273
3573,78.0,87.12887994541722
3574,80.0,86.93863681407453
3575,82.0,82.66354140233148
3576,83.0,80.95724389992208
3577,80.0,85.4474895277813
3578,79.0,86.69895716223802
3579,80.0,85.12822760047894
3580,79.0,79.82157411679572
3581,79.0,79.34302417637117
3582,77.0,81.24026281531764
3583,75.0,79.74378325350497
3584,71.0,80.48326125360167
3585,76.0,78.32555773993283
3586,76.0,77.64925364810884
3587,74.0,76.32453662230803
3588,74.0,77.06003881709536
3589,74.0,77.57044038877041
3590,74.0,76.68494615755341
3591,74.0,75.74331697680402
3592,75.0,75.27275818717686
3593,74.0,75.40918067985125
3594,74.0,76.14432781997323
3595,73.0,76.93834544443556
3596,70.0,77.13006770123636
3597,70.0,77.46404099582004
3598,68.0,74.31267221589805
3599,65.0,72.44544174824082
3600,67.0,71.87981182684364
3601,68.0,70.2294665015082
3602,71.0,69.42056633710347
3603,71.0,67.61617661136678
3604,72.0,70.92055498890262
3605,69.0,70.2501197893082
3606,72.0,71.30205840250999
3607,72.0,69.41259707461927
3608,72.0,70.90051336345792
3609,72.0,71.93872104442018
3610,72.0,74.48853603676577
3611,73.0,74.27027909232788
3612,72.0,74.61543781928336
3613,72.0,73.99850734039933
3614,71.0,73.77479748255003
3615,70.0,73.21291298440094
3616,68.0,74.09491355840527
3617,69.0,73.55969285868066
3618,68.0,72.62514580809113
3619,69.0,71.69826309661839
3620,68.0,71.53792121669412
3621,73.0,71.39205104215205
3622,68.0,70.484646710314
3623,68.0,71.07718453021808
3624,69.0,70.7108584931403
3625,68.0,69.16886536141459
3626,69.0,70.46596337069981
3627,67.0,71.09179946788005
3628,66.0,69.52421113123118
3629,69.0,68.9228976107607
3630,68.0,69.1479653509693
3631,68.0,68.07392251706027
3632,68.0,69.1032591269487
3633,69.0,68.87104197775587
3634,68.0,68.66744556322676
3635,68.0,68.80352893834863
3636,67.0,69.58178223653773
3637,68.0,69.25436252482801
3638,65.0,68.34022536803069
3639,68.0,69.045172385435
3640,65.0,68.89019435265239
3641,65.0,68.14390550635106
3642,65.0,67.0091367248719
3643,63.0,66.53428540503504
3644,67.0,66.05092538170538
3645,67.0,65.34533815635764
3646,66.0,64.83238382233304
3647,64.0,66.13931099551557
3648,65.0,66.30677252842231
3649,65.0,65.26921120833946
3650,66.0,64.82016752101815
3651,65.0,65.22621933349275
3652,64.0,64.9403071260459
3653,64.0,64.31326727250878
3654,64.0,65.1513867211182
3655,63.0,65.8107183929966
3656,64.0,65.44653720887443
3657,65.0,63.88122908977233
3658,64.0,62.77220817663565
3659,63.0,63.518795339463324
3660,64.0,64.52035734425057
3661,62.0,63.08431333160419
3662,63.0,63.98392179271081
3663,65.0,63.489142222839426
3664,63.0,62.74769770406221
3665,63.0,62.67571965050275
3666,64.0,63.116358225564596
3667,63.0,62.4911134154435
3668,62.0,63.21435371666913
3669,59.0,63.445058554896804
3670,61.0,63.22736727709619
3671,60.0,62.7539708744448
3672,68.0,62.14924983786509
3673,61.0,62.09348124019195
3674,61.0,63.60089769611066
3675,60.0,63.920362569431965
3676,59.0,62.486425483447405
3677,59.0,61.621817342918916
3678,59.0,59.306296065219385
3679,65.0,58.387498513336084
3680,71.0,58.13928705927998
3681,85.0,58.88612276037338
3682,85.0,63.160677520694215
3683,85.0,68.53478962560513
3684,70.0,76.44875975945837
3685,67.0,80.1201299015695
3686,69.0,78.10102359040025
3687,70.0,70.4162345353139
3688,70.0,66.8036702212816
3689,68.0,69.86750178648153
3690,70.0,71.69032560749203
3691,68.0,72.54774308410501
3692,63.0,72.9768629595751
3693,66.0,71.40947777068078
3694,64.0,70.05737432951729
3695,65.0,67.55127998189256
3696,65.0,66.33732205720838
3697,68.0,66.27073367294807
3698,65.0,67.0103580322264
3699,67.0,66.27282930241599
3700,69.0,68.04848839801794
3701,69.0,67.861114804359
3702,70.0,68.2968088901687
3703,68.0,66.62084813591568
3704,69.0,66.58952404327304
3705,69.0,66.69736019720439
3706,69.0,68.48881564460689
3707,68.0,71.13179920022887
3708,68.0,71.32748515820272
3709,69.0,70.19715612349123
3710,69.0,69.30267537800027
3711,67.0,69.36038174703017
3712,73.0,69.69557523942255
3713,73.0,69.2772630464033
3714,68.0,70.98522295106824
3715,69.0,74.81169710984749
3716,69.0,72.9610610096115
3717,67.0,69.8556911754689
3718,68.0,68.71089961434522
3719,71.0,70.39627178849088
3720,68.0,70.3027499861696
3721,67.0,70.03691248880672
3722,69.0,71.76402365882234
3723,69.0,69.28885225258911
3724,69.0,67.96206481427105
3725,69.0,69.55814447219285
3726,66.0,69.91469884002083
3727,66.0,71.1203442490884
3728,67.0,69.8526794646173
3729,67.0,68.95817340130787
3730,67.0,68.96641440165241
3731,62.0,67.89498419513379
3732,67.0,66.98878140056094
3733,65.0,67.18632372957481
3734,65.0,66.23038090328997
3735,65.0,66.0787431077922
3736,66.0,65.5527199377847
3737,67.0,64.40096819567457
3738,69.0,65.01896787326672
3739,67.0,64.62752938456926
3740,66.0,66.22644019997593
3741,69.0,66.69463636306155
3742,66.0,67.47369236722417
3743,69.0,68.40564918307547
3744,65.0,67.36658135192609
3745,65.0,66.54648012064015
3746,65.0,66.45675861365163
3747,64.0,66.95629995075066
3748,64.0,65.75829779942912
3749,64.0,65.84119701171741
3750,62.0,64.67325154909818
3751,61.0,63.60948638777094
3752,62.0,63.76610342147886
3753,62.0,62.98984135458193
3754,62.0,63.09905657311115
3755,61.0,61.657889283032425
3756,61.0,60.07871587577767
3757,61.0,60.91525452418391
3758,66.0,59.29586472054024
3759,66.0,59.26833910760989
3760,69.0,62.54910513948711
3761,69.0,64.14041375034344
3762,61.0,64.78372358044845
3763,65.0,68.34124912579371
3764,64.0,65.3754996467069
3765,61.0,65.4328329057348
3766,61.0,63.6047964384188
3767,68.0,64.35930938970772
3768,64.0,62.80521575290457
3769,64.0,61.811067935083514
3770,61.0,62.51720630210495
3771,61.0,64.19870969167985
3772,61.0,62.91533394000314
3773,57.0,62.33279978529496
3774,57.0,61.717448089258056
3775,57.0,58.62647935303582
3776,59.0,57.49186020894189
3777,58.0,56.34663380672097
3778,55.0,57.842008664358985
3779,54.0,58.17017439433714
3780,57.0,58.80841904686413
3781,58.0,56.01938395639092
3782,58.0,55.40076737131775
