,y_actual,y_predict
0,-3.4781599044799805,41.98249031231546
1,-3.4781599044799805,41.98249031231546
2,-3.4781599044799805,41.98249031231546
3,-3.4781599044799805,41.98249031231546
4,-3.4781599044799805,41.98249031231546
5,-3.4781599044799805,41.98249031231546
6,-3.4781599044799805,41.98249031231546
7,-3.4781599044799805,41.98249031231546
8,-3.4781599044799805,41.98249031231546
9,-3.4781599044799805,41.98249031231546
10,-3.4781599044799805,41.98249031231546
11,-3.4781599044799805,41.98249031231546
12,-3.4781599044799805,41.98249031231546
13,-3.4781599044799805,41.98249031231546
14,-3.4781599044799805,41.98249031231546
15,-3.4781599044799805,41.98249031231546
16,-3.4781599044799805,41.98249031231546
17,-3.4781599044799805,41.98249031231546
18,-3.4781599044799805,41.98249031231546
19,-3.4781599044799805,41.98249031231546
20,-3.4781599044799805,41.98249031231546
21,-3.4781599044799805,41.98249031231546
22,-3.4781599044799805,41.98249031231546
23,-3.4781599044799805,41.98249031231546
24,-3.4781599044799805,41.98249031231546
25,-3.4781599044799805,41.98249031231546
26,-3.4781599044799805,41.98249031231546
27,-3.4781599044799805,41.98249031231546
28,-3.4781599044799805,41.98249031231546
29,-3.4781599044799805,41.98249031231546
30,-3.4781599044799805,41.98249031231546
31,-3.4781599044799805,41.98249031231546
32,-3.4781599044799805,41.98249031231546
33,-3.4781599044799805,41.98249031231546
34,-3.4781599044799805,41.98249031231546
35,-3.4781599044799805,41.98249031231546
36,-3.4781599044799805,41.98249031231546
37,-3.4781599044799805,41.98249031231546
38,-3.4781599044799805,41.98249031231546
39,-3.4781599044799805,41.98249031231546
40,-3.4781599044799805,41.98249031231546
41,-3.4781599044799805,41.98249031231546
42,-3.4781599044799805,41.98249031231546
43,-3.4781599044799805,41.98249031231546
44,-3.4781599044799805,41.98249031231546
45,-3.4781599044799805,41.98249031231546
46,-3.4781599044799805,41.98249031231546
47,-3.4781599044799805,41.98249031231546
48,-3.4781599044799805,41.98249031231546
49,-3.4781599044799805,41.98249031231546
50,-3.4781599044799805,41.98249031231546
51,-3.4781599044799805,41.98249031231546
52,-3.4781599044799805,41.98249031231546
53,-3.4781599044799805,41.98249031231546
54,-3.4781599044799805,41.98249031231546
55,-3.4781599044799805,41.98249031231546
56,-3.4781599044799805,41.98249031231546
57,-3.4781599044799805,41.98249031231546
58,-3.4781599044799805,41.98249031231546
59,-3.4781599044799805,41.98249031231546
60,-3.4781599044799805,41.98249031231546
61,-3.4781599044799805,41.98249031231546
62,-3.4781599044799805,41.98249031231546
63,-3.4781599044799805,41.98249031231546
64,-3.4781599044799805,41.98249031231546
65,-3.4781599044799805,41.98249031231546
66,-3.4781599044799805,41.98249031231546
67,-3.4781599044799805,41.98249031231546
68,-3.4781599044799805,41.98249031231546
69,-3.4781599044799805,41.98249031231546
70,-3.4781599044799805,41.98249031231546
71,-3.4781599044799805,41.98249031231546
72,-3.4781599044799805,41.98249031231546
73,-3.4781599044799805,41.98249031231546
74,-3.4781599044799805,41.98249031231546
75,-3.4781599044799805,41.98249031231546
76,-3.4781599044799805,41.98249031231546
77,-3.4781599044799805,41.98249031231546
78,-3.4781599044799805,41.98249031231546
79,-3.4781599044799805,41.98249031231546
80,-3.4781599044799805,41.98249031231546
81,-3.4781599044799805,41.98249031231546
82,-3.4781599044799805,41.98249031231546
83,-3.4781599044799805,41.98249031231546
84,-3.4781599044799805,41.98249031231546
85,-3.4781599044799805,41.98249031231546
86,-3.4781599044799805,41.98249031231546
87,-3.4781599044799805,41.98249031231546
88,-3.4781599044799805,41.98249031231546
89,-3.4781599044799805,41.98249031231546
90,-3.4781599044799805,41.98249031231546
91,-3.4781599044799805,41.98249031231546
92,-3.4781599044799805,41.98249031231546
93,-3.4781599044799805,41.98249031231546
94,-3.4781599044799805,41.98249031231546
95,-3.4781599044799805,41.98249031231546
96,-3.4781599044799805,41.98249031231546
97,-3.4781599044799805,41.98249031231546
98,-3.4781599044799805,41.98249031231546
99,-3.4781599044799805,41.98249031231546
100,-3.4781599044799805,41.98249031231546
101,-3.4781599044799805,41.98249031231546
102,-3.4781599044799805,41.98249031231546
103,-3.4781599044799805,41.98249031231546
104,-3.4781599044799805,41.98249031231546
105,-3.4781599044799805,41.98249031231546
106,-3.4781599044799805,41.98249031231546
107,-3.4781599044799805,41.98249031231546
108,-3.4781599044799805,41.98249031231546
109,-3.4781599044799805,41.98249031231546
110,-3.4781599044799805,41.98249031231546
111,-3.4781599044799805,41.98249031231546
112,-3.4781599044799805,41.98249031231546
113,-3.4781599044799805,41.98249031231546
114,-3.4781599044799805,41.98249031231546
115,-3.4781599044799805,41.98249031231546
116,-3.4781599044799805,41.98249031231546
117,-3.4781599044799805,41.98249031231546
118,-3.4781599044799805,41.98249031231546
119,-3.4781599044799805,41.98249031231546
120,-3.4781599044799805,41.98249031231546
121,-3.4781599044799805,41.98249031231546
122,-2.782527446746826,41.98249031231546
123,-2.782527446746826,41.98249031231546
124,-2.782527446746826,41.9839713019021
125,-2.782527446746826,42.088685977383534
126,-2.782527446746826,42.207600729490196
127,-2.782527446746826,42.31806512924936
128,-2.782527446746826,42.38331578809755
129,-2.782527446746826,42.483761728888
130,-2.782527446746826,42.519828181175285
131,-2.782527446746826,42.596926756716925
132,-2.782527446746826,42.69632729309319
133,-2.782527446746826,42.65538228687342
134,-2.782527446746826,42.62210357969036
135,-2.782527446746826,42.62750483583011
136,-2.782527446746826,42.62384592038063
137,-2.782527446746826,42.617050791688825
138,-2.782527446746826,42.617050791688825
139,-2.782527446746826,42.617050791688825
140,-2.782527446746826,42.617050791688825
141,-2.782527446746826,42.617050791688825
142,-2.782527446746826,42.617050791688825
143,-2.782527446746826,42.617050791688825
144,-2.782527446746826,42.617050791688825
145,-2.782527446746826,42.617050791688825
146,-2.782527446746826,42.617050791688825
147,-2.782527446746826,42.617050791688825
148,-2.782527446746826,42.617050791688825
149,-2.782527446746826,42.617050791688825
150,-2.782527446746826,42.617050791688825
151,-2.782527446746826,42.617050791688825
152,-2.782527446746826,42.617050791688825
153,-2.782527446746826,42.617050791688825
154,-2.782527446746826,42.617050791688825
155,-2.782527446746826,42.617050791688825
156,-2.782527446746826,42.617050791688825
157,-2.782527446746826,42.617050791688825
158,-2.782527446746826,42.617050791688825
159,-2.782527446746826,42.617050791688825
160,-2.782527446746826,42.617050791688825
161,-2.782527446746826,42.617050791688825
162,-2.782527446746826,42.617050791688825
163,-2.782527446746826,42.617050791688825
164,-2.782527446746826,42.617050791688825
165,-2.782527446746826,42.617050791688825
166,-2.782527446746826,42.617050791688825
167,-2.782527446746826,42.617050791688825
168,-2.782527446746826,42.617050791688825
169,-2.782527446746826,42.617050791688825
170,-2.782527446746826,42.617050791688825
171,-2.782527446746826,42.617050791688825
172,-2.782527446746826,42.617050791688825
173,-2.782527446746826,42.617050791688825
174,-2.782527446746826,42.617050791688825
175,-2.782527446746826,42.617050791688825
176,-2.782527446746826,42.617050791688825
177,-2.782527446746826,42.617050791688825
178,-2.782527446746826,42.617050791688825
179,-2.782527446746826,42.617050791688825
180,-2.782527446746826,42.617050791688825
181,-2.782527446746826,42.617050791688825
182,-2.782527446746826,42.617050791688825
183,-2.782527446746826,42.617050791688825
184,-2.782527446746826,42.617050791688825
185,-2.782527446746826,42.617050791688825
186,-2.782527446746826,42.617050791688825
187,-2.782527446746826,42.617050791688825
188,-2.782527446746826,42.617050791688825
189,-2.782527446746826,42.617050791688825
190,-2.782527446746826,42.617050791688825
191,-2.782527446746826,42.617050791688825
192,-2.782527446746826,42.617050791688825
193,-2.782527446746826,42.617050791688825
194,-2.782527446746826,42.617050791688825
195,-2.782527446746826,42.617050791688825
196,-2.782527446746826,42.617050791688825
197,-2.782527446746826,42.617050791688825
198,-2.782527446746826,42.617050791688825
199,-2.782527446746826,42.617050791688825
200,-2.782527446746826,42.617050791688825
201,-2.782527446746826,42.617050791688825
202,-2.782527446746826,42.617050791688825
203,-2.782527446746826,42.617050791688825
204,-2.782527446746826,42.617050791688825
205,-2.782527446746826,42.617050791688825
206,-2.782527446746826,42.617050791688825
207,-2.782527446746826,42.617050791688825
208,-2.782527446746826,42.617050791688825
209,-2.782527446746826,42.617050791688825
210,-2.782527446746826,42.617050791688825
211,-2.782527446746826,42.617050791688825
212,-2.782527446746826,42.617050791688825
213,-3.7199566364287193,42.617050791688825
214,-3.7199566364287193,42.617050791688825
215,-3.7199566364287193,42.48045128157662
216,-3.7199566364287193,42.21256640045726
217,-3.7199566364287193,42.05558150426964
218,-3.7199566364287193,42.0599373559952
219,-3.7199566364287193,41.92595135691829
220,-3.7199566364287193,41.85660619744806
221,-3.7199566364287193,41.748929542793235
222,-3.7199566364287193,41.58959248667384
223,-3.7199566364287193,41.656324135108775
224,-3.7199566364287193,41.86984798669357
225,-3.7199566364287193,41.858609889241734
226,-3.7199566364287193,41.712079037195394
227,-3.7199566364287193,41.719832453266804
228,-3.7199566364287193,41.76199709796981
229,-3.7199566364287193,41.76199709796981
230,-3.7199566364287193,41.76199709796981
231,-3.7199566364287193,41.76199709796981
232,-3.7199566364287193,41.76199709796981
233,-3.7199566364287193,41.76199709796981
234,-3.7199566364287193,41.76199709796981
235,-3.7199566364287193,41.76199709796981
236,-3.7199566364287193,41.76199709796981
237,-3.7199566364287193,41.76199709796981
238,-3.7199566364287193,41.76199709796981
239,-3.7199566364287193,41.76199709796981
240,-3.7199566364287193,41.76199709796981
241,-3.7199566364287193,41.76199709796981
242,-3.7199566364287193,41.76199709796981
243,-3.7199566364287193,41.76199709796981
244,-3.7199566364287193,41.76199709796981
245,-3.7199566364287193,41.76199709796981
246,-3.7199566364287193,41.76199709796981
247,-3.7199566364287193,41.76199709796981
248,-3.7199566364287193,41.76199709796981
249,-3.7199566364287193,41.76199709796981
250,-3.7199566364287193,41.76199709796981
251,-3.347960710525399,41.76199709796981
252,-3.347960710525399,41.76199709796981
253,-3.347960710525399,41.762781151280365
254,-3.347960710525399,41.81862317040145
255,-3.347960710525399,41.88230572262853
256,-3.347960710525399,41.94145818906111
257,-3.347960710525399,41.97621788583069
258,-3.347960710525399,42.029881979089055
259,-4.315149784088135,42.04930907778487
260,-4.315149784088135,42.09051543510827
261,-4.315149784088135,42.00278858135641
262,-4.315149784088135,41.70441273815845
263,-4.315149784088135,41.52486453003257
264,-4.315149784088135,41.53209524389695
265,-4.315149784088135,41.391749701300796
266,-4.315149784088135,41.316654817552944
267,-4.315149784088135,41.20558059855216
268,-4.315149784088135,41.04119075443123
269,-4.315149784088135,41.11018744576336
270,-4.315149784088135,41.330506426040074
271,-4.315149784088135,41.31865850934662
272,-4.315149784088135,41.1675104544712
273,-4.315149784088135,41.17543810461166
274,-4.315149784088135,41.218996621866836
275,-4.315149784088135,41.218996621866836
276,-4.315149784088135,41.218996621866836
277,-4.315149784088135,41.218996621866836
278,-4.315149784088135,41.218996621866836
279,-4.315149784088135,41.218996621866836
280,-4.315149784088135,41.218996621866836
281,-4.315149784088135,41.218996621866836
282,-4.315149784088135,41.218996621866836
283,0.0,41.218996621866836
284,-4.315149784088135,41.218996621866836
285,-4.315149784088135,41.228056793455835
286,-4.315149784088135,42.07535707110344
287,-4.315149784088135,41.03727048787823
288,-4.315149784088135,40.96339524261339
289,-4.315149784088135,41.41257067254878
290,-4.315149784088135,41.14390173811887
291,-4.315149784088135,41.18719890427053
292,-4.315149784088135,41.52695533886083
293,-4.315149784088135,41.0516447985724
294,-4.315149784088135,40.594977303669225
295,-4.315149784088135,41.59995941378054
296,-4.315149784088135,41.95626808492784
297,-4.315149784088135,41.12708815045835
298,-4.315149784088135,41.02481275194327
299,-4.315149784088135,41.218996621866836
300,-4.315149784088135,41.218996621866836
301,-4.315149784088135,41.218996621866836
302,-4.315149784088135,41.218996621866836
303,-4.315149784088135,41.218996621866836
304,-4.315149784088135,41.218996621866836
305,-4.315149784088135,41.218996621866836
306,-4.315149784088135,41.218996621866836
307,-4.315149784088135,41.218996621866836
308,-4.315149784088135,41.218996621866836
309,-4.315149784088135,41.218996621866836
310,-4.315149784088135,41.218996621866836
311,-4.315149784088135,41.218996621866836
312,-4.315149784088135,41.218996621866836
313,-4.315149784088135,41.218996621866836
314,-4.315149784088135,41.218996621866836
315,-4.315149784088135,41.218996621866836
316,-4.315149784088135,41.218996621866836
317,-4.315149784088135,41.218996621866836
318,-4.315149784088135,41.218996621866836
319,-4.315149784088135,41.218996621866836
320,-4.315149784088135,41.218996621866836
321,-4.315149784088135,41.218996621866836
322,-4.315149784088135,41.218996621866836
323,-4.315149784088135,41.218996621866836
324,-4.315149784088135,41.218996621866836
325,-4.315149784088135,41.218996621866836
326,-4.315149784088135,41.218996621866836
327,-4.315149784088135,41.218996621866836
328,-4.315149784088135,41.218996621866836
329,-4.315149784088135,41.218996621866836
330,-4.315149784088135,41.218996621866836
331,-4.315149784088135,41.218996621866836
332,-4.315149784088135,41.218996621866836
333,-4.315149784088135,41.218996621866836
334,-4.315149784088135,41.218996621866836
335,-4.315149784088135,41.218996621866836
336,-4.315149784088135,41.218996621866836
337,-4.315149784088135,41.218996621866836
338,-4.315149784088135,41.218996621866836
339,-4.315149784088135,41.218996621866836
340,-4.315149784088135,41.218996621866836
341,-4.315149784088135,41.218996621866836
342,-4.315149784088135,41.218996621866836
343,-4.315149784088135,41.218996621866836
344,-4.315149784088135,41.218996621866836
345,-4.315149784088135,41.218996621866836
346,-4.315149784088135,41.218996621866836
347,-4.315149784088135,41.218996621866836
348,-4.315149784088135,41.218996621866836
349,-4.315149784088135,41.218996621866836
350,-4.315149784088135,41.218996621866836
351,-4.315149784088135,41.218996621866836
352,-4.315149784088135,41.218996621866836
353,-4.315149784088135,41.218996621866836
354,-4.315149784088135,41.218996621866836
355,-4.315149784088135,41.218996621866836
356,-4.315149784088135,41.218996621866836
357,-4.315149784088135,41.218996621866836
358,-4.463947296142578,41.218996621866836
359,-4.315149784088135,41.218996621866836
360,-4.315149784088135,41.19739159730818
361,-4.315149784088135,41.1837142228901
362,-4.315149784088135,41.16245766646955
363,-4.315149784088135,41.187286021305
364,-4.315149784088135,41.19059646861638
365,-4.315149784088135,41.18397557399362
366,-4.315149784088135,41.19320997965178
367,-4.315149784088135,41.187982957581085
368,-4.315149784088135,41.20270573641335
369,-4.315149784088135,41.240253178287276
370,-4.315149784088135,41.23746543318293
371,-4.315149784088135,41.22004202628091
372,-4.315149784088135,41.21786410041818
373,-4.315149784088135,41.220477611453475
374,-4.315149784088135,41.218996621866836
375,-4.315149784088135,41.218996621866836
376,-4.315149784088135,41.218996621866836
377,-4.315149784088135,41.218996621866836
378,-4.315149784088135,41.218996621866836
379,-4.315149784088135,41.218996621866836
380,-4.315149784088135,41.218996621866836
381,-4.315149784088135,41.218996621866836
382,-4.315149784088135,41.218996621866836
383,-4.315149784088135,41.218996621866836
384,-4.315149784088135,41.218996621866836
385,-5.440840721130371,41.218996621866836
386,-5.628455638885498,41.218996621866836
387,-5.628455638885498,41.05504236291836
388,-5.628455638885498,40.69908215990904
389,-5.628455638885498,40.51169341867728
390,-5.628455638885498,40.43956051410271
391,-5.440840721130371,40.29599164122965
392,-5.440840721130371,40.177686708364604
393,-5.440840721130371,40.032549728870436
394,-5.440840721130371,39.845596572811246
395,-5.440840721130371,39.94055414042748
396,-5.440840721130371,40.214275862858926
397,-5.440840721130371,40.23596800445205
398,-5.440840721130371,40.115746496827796
399,-5.440840721130371,40.106599208204216
400,-5.440840721130371,40.17847076167527
401,-5.440840721130371,40.21375316065189
402,-5.440840721130371,40.202602180234635
403,-5.440840721130371,40.19371624271457
404,-5.440840721130371,40.19511011526674
405,-5.440840721130371,40.19415182788714
406,-5.440840721130371,40.1923223701624
407,-5.440840721130371,40.1923223701624
408,-5.440840721130371,40.1923223701624
409,-5.440840721130371,40.1923223701624
410,-5.440840721130371,40.1923223701624
411,-5.440840721130371,40.1923223701624
412,-5.440840721130371,40.1923223701624
413,-5.440840721130371,40.1923223701624
414,-5.440840721130371,40.1923223701624
415,-5.440840721130371,40.1923223701624
416,-5.440840721130371,40.1923223701624
417,-5.440840721130371,40.1923223701624
418,-5.440840721130371,40.1923223701624
419,-5.440840721130371,40.1923223701624
420,-5.440840721130371,40.1923223701624
421,-5.440840721130371,40.1923223701624
422,-5.440840721130371,40.1923223701624
423,-5.440840721130371,40.1923223701624
424,-5.440840721130371,40.1923223701624
425,-5.440840721130371,40.1923223701624
426,-5.440840721130371,40.1923223701624
427,-5.440840721130371,40.1923223701624
428,-5.440840721130371,40.1923223701624
429,-5.440840721130371,40.1923223701624
430,-5.440840721130371,40.1923223701624
431,-5.440840721130371,40.1923223701624
432,-8.442683219909668,40.1923223701624
433,-5.440840721130371,40.1923223701624
434,-5.440840721130371,39.754733505816944
435,-5.440840721130371,39.47909520862618
436,-5.440840721130371,39.0496953455247
437,-5.440840721130371,39.5514023472698
438,-5.440840721130371,39.617001474256085
439,-5.440840721130371,39.484235113662294
440,-5.440840721130371,39.669358811996744
441,-5.440840721130371,39.56351161506666
442,-5.440840721130371,39.86040646867798
443,-5.440840721130371,40.61919583926306
444,-5.440840721130371,40.56431210752157
445,-5.440840721130371,40.21235928809972
446,-5.440840721130371,40.16949770712063
447,-5.440840721130371,40.22141945968883
448,-5.440840721130371,40.1923223701624
449,-5.440840721130371,40.1923223701624
450,-5.440840721130371,40.1923223701624
451,-5.440840721130371,40.1923223701624
452,-5.440840721130371,40.1923223701624
453,-5.440840721130371,40.1923223701624
454,-5.440840721130371,40.1923223701624
455,-5.440840721130371,40.1923223701624
456,-5.440840721130371,40.1923223701624
457,-5.440840721130371,40.1923223701624
458,-5.440840721130371,40.1923223701624
459,-5.440840721130371,40.1923223701624
460,-5.440840721130371,40.1923223701624
461,-5.440840721130371,40.1923223701624
462,-5.440840721130371,40.1923223701624
463,-5.909878730773926,40.1923223701624
464,-5.440840721130371,40.1923223701624
465,-5.440840721130371,40.12393549807177
466,-5.440840721130371,40.08081256598916
467,-5.440840721130371,40.01381956645071
468,-5.440840721130371,40.09222489750994
469,-5.440840721130371,40.10250470758217
470,-5.440840721130371,40.081683736334185
471,-5.440840721130371,40.11060659179168
472,-5.440840721130371,40.09414147226926
473,-5.440840721130371,40.14031350055973
474,-5.440840721130371,40.25896690156276
475,-5.440840721130371,40.25034231514621
476,-5.440840721130371,40.19545858340473
477,-5.440840721130371,40.18866345471292
478,-5.440840721130371,40.1968524559569
479,-5.440840721130371,40.1923223701624
480,-5.440840721130371,40.1923223701624
481,-5.440840721130371,40.1923223701624
482,-5.440840721130371,40.1923223701624
483,-5.440840721130371,40.1923223701624
484,-5.440840721130371,40.1923223701624
485,-5.440840721130371,40.1923223701624
486,-5.159417629241943,40.1923223701624
487,-5.440840721130371,40.1923223701624
488,-5.440840721130371,40.19284507236944
489,-5.440840721130371,40.24807727224902
490,-5.159417629241943,40.180474453468946
491,-5.440840721130371,40.17559589953635
492,-5.440840721130371,40.20556415940791
493,-5.440840721130371,40.24328583535089
494,-5.440840721130371,40.17829652760622
495,-5.440840721130371,40.19580705154283
496,-5.440840721130371,40.19406471085256
497,-5.440840721130371,40.146673044078966
498,-5.440840721130371,40.215059916169594
499,-5.440840721130371,40.26053500818398
500,-5.440840721130371,40.17533454843283
501,-5.440840721130371,40.13891962800756
502,-5.440840721130371,40.21715072499785
503,-5.440840721130371,40.24032385617761
504,-5.440840721130371,40.18622417774668
505,-5.440840721130371,40.17960328312381
506,-5.440840721130371,40.1923223701624
507,-5.440840721130371,40.1923223701624
508,-5.440840721130371,40.1923223701624
509,-5.440840721130371,40.1923223701624
510,-5.440840721130371,40.1923223701624
511,-5.440840721130371,40.1923223701624
512,-5.440840721130371,40.1923223701624
513,-5.440840721130371,40.1923223701624
514,-5.440840721130371,40.1923223701624
515,-5.628455638885498,40.1923223701624
516,-5.440840721130371,40.1923223701624
517,-5.440840721130371,40.16496762132613
518,-5.440840721130371,40.14771844849304
519,-5.440840721130371,40.12088640186391
520,-5.440840721130371,40.15224853428765
521,-5.440840721130371,40.15634303490958
522,-5.440840721130371,40.14806691663114
523,-5.440840721130371,40.15965348222096
524,-5.440840721130371,40.153032587598204
525,-5.440840721130371,40.17158851594888
526,-5.440840721130371,40.21898018272259
527,-5.440840721130371,40.21540838430758
528,-5.440840721130371,40.193454891611054
529,-5.440840721130371,40.19084138057565
530,-5.440840721130371,40.19415182788714
531,-5.440840721130371,40.1923223701624
532,-5.440840721130371,40.1923223701624
533,-5.440840721130371,40.1923223701624
534,-5.440840721130371,40.1923223701624
535,-5.440840721130371,40.1923223701624
536,-5.440840721130371,40.1923223701624
537,-5.440840721130371,40.1923223701624
538,-5.440840721130371,40.1923223701624
539,-5.440840721130371,40.1923223701624
540,-5.440840721130371,40.1923223701624
541,-5.440840721130371,40.1923223701624
542,-5.440840721130371,40.1923223701624
543,-5.440840721130371,40.1923223701624
544,-5.440840721130371,40.1923223701624
545,-5.440840721130371,40.1923223701624
546,-5.440840721130371,40.1923223701624
547,-5.628455638885498,40.1923223701624
548,-5.628455638885498,40.1923223701624
549,-5.440840721130371,40.16496762132613
550,-5.440840721130371,40.11139064510223
551,-5.440840721130371,40.09091814199235
552,-5.440840721130371,40.10938695330856
553,-5.440840721130371,40.12829134979722
554,-5.440840721130371,40.130643509729
555,-5.440840721130371,40.134650893316575
556,-5.440840721130371,40.121931806277985
557,-5.440840721130371,40.1520743002186
558,-5.440840721130371,40.20843902154684
559,-5.440840721130371,40.22655936472495
560,-5.440840721130371,40.19249660423134
561,-5.440840721130371,40.180735804572464
562,-5.440840721130371,40.19511011526674
563,-5.440840721130371,40.19415182788714
564,-5.628455638885498,40.1923223701624
565,-5.628455638885498,40.1923223701624
566,-5.628455638885498,40.16496762132613
567,-5.628455638885498,40.11139064510223
568,-5.628455638885498,40.07994139564403
569,-5.628455638885498,40.08081256598916
570,-5.628455638885498,40.053980519359925
571,-5.628455638885498,40.04021602790726
572,-5.628455638885498,40.018611003348724
573,-5.628455638885498,39.98672616871795
574,-5.628455638885498,40.00014219203251
575,-5.628455638885498,40.04282953894267
576,-5.628455638885498,40.04056449604536
577,-5.628455638885498,40.011206055415414
578,-5.628455638885498,40.0128612790711
579,-5.628455638885498,40.021224514384016
580,-5.628455638885498,40.021224514384016
581,-5.628455638885498,40.021224514384016
582,-5.628455638885498,40.021224514384016
583,-5.628455638885498,40.021224514384016
584,-5.628455638885498,40.021224514384016
585,-5.440840721130371,40.021224514384016
586,-5.440840721130371,40.021224514384016
587,-5.440840721130371,40.021572982522116
588,-5.440840721130371,40.04971178466894
589,-5.440840721130371,40.081945087437816
590,-1.1819754838942345,40.11165199620575
591,-5.440840721130371,40.12924963717683
592,-5.440840721130371,40.165228972429645
593,-5.440840721130371,41.01104826049061
594,-5.440840721130371,40.007547139965936
595,-5.440840721130371,39.961375111675466
596,-5.440840721130371,40.393649836915756
597,-5.440840721130371,40.11966676338079
598,-5.440840721130371,40.163835099877474
599,-5.440840721130371,40.49792892722462
600,-5.440840721130371,40.02706135569622
601,-5.440840721130371,39.57631781913972
602,-5.440840721130371,40.56814525703999
603,-5.440840721130371,40.91983672535832
604,-5.440840721130371,40.10154642020257
605,-5.440840721130371,40.00066489423966
606,-5.440840721130371,40.1923223701624
607,-5.440840721130371,40.1923223701624
608,-5.440840721130371,40.1923223701624
609,-5.440840721130371,40.1923223701624
610,-5.440840721130371,40.1923223701624
611,-5.440840721130371,40.1923223701624
612,-5.440840721130371,40.1923223701624
613,-5.440840721130371,40.1923223701624
614,-5.440840721130371,40.1923223701624
615,-5.440840721130371,40.1923223701624
616,-9.28143310546875,40.1923223701624
617,-9.28143310546875,40.1923223701624
618,-9.28143310546875,39.632421189364436
619,-9.28143310546875,38.53526925674112
620,-9.28143310546875,37.89208419095121
621,-9.28143310546875,37.9099431830258
622,-9.28143310546875,37.36119298264521
623,-9.28143310546875,37.07701721607236
624,-9.28143310546875,36.63576943627754
625,-9.28143310546875,35.983262847795004
626,-9.28143310546875,36.256723219123046
627,-9.28143310546875,37.13146536264139
628,-9.28143310546875,37.08529333435092
629,-9.28143310546875,36.48479561547106
630,-9.28143310546875,36.51641909899831
631,-9.28143310546875,36.68934641250132
632,-9.28143310546875,36.68934641250132
633,-9.28143310546875,36.68934641250132
634,-9.28143310546875,36.68934641250132
635,-9.28143310546875,36.68934641250132
636,-9.28143310546875,36.68934641250132
637,-9.28143310546875,36.68934641250132
638,-9.28143310546875,36.68934641250132
639,-9.28143310546875,36.68934641250132
640,-9.28143310546875,36.68934641250132
641,-9.28143310546875,36.68934641250132
642,-9.28143310546875,36.68934641250132
643,-9.28143310546875,36.68934641250132
644,-9.28143310546875,36.68934641250132
645,-9.28143310546875,36.68934641250132
646,-9.28143310546875,36.68934641250132
647,-9.28143310546875,36.68934641250132
648,-9.28143310546875,36.68934641250132
649,-9.28143310546875,36.68934641250132
650,-9.28143310546875,36.68934641250132
651,-9.28143310546875,36.68934641250132
652,-9.28143310546875,36.68934641250132
653,-9.28143310546875,36.68934641250132
654,-9.28143310546875,36.68934641250132
655,-9.28143310546875,36.68934641250132
656,-9.28143310546875,36.68934641250132
657,-9.28143310546875,36.68934641250132
658,-9.28143310546875,36.68934641250132
659,-9.28143310546875,36.68934641250132
660,-9.28143310546875,36.68934641250132
661,-9.28143310546875,36.68934641250132
662,-9.28143310546875,36.68934641250132
663,-9.28143310546875,36.68934641250132
664,-9.28143310546875,36.68934641250132
665,-9.28143310546875,36.68934641250132
666,-9.28143310546875,36.68934641250132
667,-9.28143310546875,36.68934641250132
668,-9.28143310546875,36.68934641250132
669,-9.28143310546875,36.68934641250132
670,-9.28143310546875,36.68934641250132
671,-9.28143310546875,36.68934641250132
672,-9.28143310546875,36.68934641250132
673,-9.28143310546875,36.68934641250132
674,-9.28143310546875,36.68934641250132
675,-9.28143310546875,36.68934641250132
676,-9.28143310546875,36.68934641250132
677,-9.28143310546875,36.68934641250132
678,-9.28143310546875,36.68934641250132
679,-9.28143310546875,36.68934641250132
680,-9.28143310546875,36.68934641250132
681,-9.28143310546875,36.68934641250132
682,-9.28143310546875,36.68934641250132
683,-9.28143310546875,36.68934641250132
684,-9.28143310546875,36.68934641250132
685,-9.28143310546875,36.68934641250132
686,-9.28143310546875,36.68934641250132
687,-9.28143310546875,36.68934641250132
688,-9.28143310546875,36.68934641250132
689,-9.28143310546875,36.68934641250132
690,-9.28143310546875,36.68934641250132
691,-9.28143310546875,36.68934641250132
692,-9.28143310546875,36.68934641250132
693,-9.28143310546875,36.68934641250132
694,-9.28143310546875,36.68934641250132
695,-9.28143310546875,36.68934641250132
696,-9.28143310546875,36.68934641250132
697,-9.28143310546875,36.68934641250132
698,-9.28143310546875,36.68934641250132
699,-9.28143310546875,36.68934641250132
700,-9.28143310546875,36.68934641250132
701,-9.28143310546875,36.68934641250132
702,-9.28143310546875,36.68934641250132
703,-9.28143310546875,36.68934641250132
704,-9.28143310546875,36.68934641250132
705,-9.28143310546875,36.68934641250132
706,-9.28143310546875,36.68934641250132
707,-9.28143310546875,36.68934641250132
708,-9.28143310546875,36.68934641250132
709,-9.28143310546875,36.68934641250132
710,-9.28143310546875,36.68934641250132
711,-9.28143310546875,36.68934641250132
712,-9.28143310546875,36.68934641250132
713,-9.28143310546875,36.68934641250132
714,-9.28143310546875,36.68934641250132
715,-9.28143310546875,36.68934641250132
716,-9.28143310546875,36.68934641250132
717,-9.28143310546875,36.68934641250132
718,-9.28143310546875,36.68934641250132
719,-9.28143310546875,36.68934641250132
720,-9.28143310546875,36.68934641250132
721,-9.28143310546875,36.68934641250132
722,-9.28143310546875,36.68934641250132
723,-9.28143310546875,36.68934641250132
724,-9.28143310546875,36.68934641250132
725,-9.28143310546875,36.68934641250132
726,-9.28143310546875,36.68934641250132
727,-9.28143310546875,36.68934641250132
728,-9.28143310546875,36.68934641250132
729,-9.28143310546875,36.68934641250132
730,-9.28143310546875,36.68934641250132
731,-9.28143310546875,36.68934641250132
732,-9.28143310546875,36.68934641250132
733,-9.28143310546875,36.68934641250132
734,-9.28143310546875,36.68934641250132
735,-9.28143310546875,36.68934641250132
736,-9.28143310546875,36.68934641250132
737,-9.28143310546875,36.68934641250132
738,-9.28143310546875,36.68934641250132
739,-9.28143310546875,36.68934641250132
740,-9.28143310546875,36.68934641250132
741,-9.28143310546875,36.68934641250132
742,-9.28143310546875,36.68934641250132
743,-9.28143310546875,36.68934641250132
744,-9.28143310546875,36.68934641250132
745,-9.28143310546875,36.68934641250132
746,-9.28143310546875,36.68934641250132
747,-9.28143310546875,36.68934641250132
748,-9.28143310546875,36.68934641250132
749,-9.28143310546875,36.68934641250132
750,-9.28143310546875,36.68934641250132
751,-9.28143310546875,36.68934641250132
752,-9.28143310546875,36.68934641250132
753,-9.28143310546875,36.68934641250132
754,-9.28143310546875,36.68934641250132
755,-9.28143310546875,36.68934641250132
756,-9.28143310546875,36.68934641250132
757,-9.28143310546875,36.68934641250132
758,-9.28143310546875,36.68934641250132
759,-9.28143310546875,36.68934641250132
760,-9.28143310546875,36.68934641250132
761,-9.28143310546875,36.68934641250132
762,-9.28143310546875,36.68934641250132
763,-9.28143310546875,36.68934641250132
764,-9.28143310546875,36.68934641250132
765,-9.28143310546875,36.68934641250132
766,-9.28143310546875,36.68934641250132
767,-9.28143310546875,36.68934641250132
768,-9.28143310546875,36.68934641250132
769,-9.28143310546875,36.68934641250132
770,-9.28143310546875,36.68934641250132
771,-9.28143310546875,36.68934641250132
772,-9.28143310546875,36.68934641250132
773,-9.28143310546875,36.68934641250132
774,-9.28143310546875,36.68934641250132
775,-9.28143310546875,36.68934641250132
776,-9.28143310546875,36.68934641250132
777,-9.28143310546875,36.68934641250132
778,-9.28143310546875,36.68934641250132
779,-9.28143310546875,36.68934641250132
780,-9.28143310546875,36.68934641250132
781,-9.28143310546875,36.68934641250132
782,-9.28143310546875,36.68934641250132
783,-9.28143310546875,36.68934641250132
784,-9.28143310546875,36.68934641250132
785,-9.28143310546875,36.68934641250132
786,-9.28143310546875,36.68934641250132
787,-9.28143310546875,36.68934641250132
788,-9.28143310546875,36.68934641250132
789,-9.28143310546875,36.68934641250132
790,-9.28143310546875,36.68934641250132
791,-9.28143310546875,36.68934641250132
792,-9.28143310546875,36.68934641250132
793,-9.28143310546875,36.68934641250132
794,-9.28143310546875,36.68934641250132
795,-9.28143310546875,36.68934641250132
796,-9.28143310546875,36.68934641250132
797,-9.28143310546875,36.68934641250132
798,-9.28143310546875,36.68934641250132
799,-9.28143310546875,36.68934641250132
800,-9.28143310546875,36.68934641250132
801,-9.28143310546875,36.68934641250132
802,-9.28143310546875,36.68934641250132
803,-9.28143310546875,36.68934641250132
804,-9.28143310546875,36.68934641250132
805,-9.28143310546875,36.68934641250132
806,-9.28143310546875,36.68934641250132
807,-9.28143310546875,36.68934641250132
808,-9.28143310546875,36.68934641250132
809,-9.28143310546875,36.68934641250132
810,-9.28143310546875,36.68934641250132
811,-9.28143310546875,36.68934641250132
812,-9.28143310546875,36.68934641250132
813,24.469232559204215,36.68934641250132
814,24.469232559204215,36.68934641250132
815,24.469232559204215,36.75956274231669
816,24.469232559204215,41.83169072557803
817,24.469232559204215,47.6050237196132
818,24.469232559204215,52.968035481104494
819,24.469232559204215,56.127421854656745
820,24.469232559204215,61.002926691028165
821,24.469232559204215,62.75633124461797
822,24.469232559204215,66.4995759834585
823,24.469232559204215,71.32429158871037
824,24.469232559204215,69.33070537097569
825,24.469232559204215,67.72156662653504
826,24.469232559204215,67.98396313448029
827,24.469232559204215,67.80005907462885
828,24.469232559204215,67.47363154631864
829,24.469232559204215,67.47363154631864
830,24.469232559204215,67.47363154631864
831,24.469232559204215,67.47363154631864
832,24.469232559204215,67.47363154631864
833,24.469232559204215,67.47363154631864
834,24.469232559204215,67.47363154631864
835,24.469232559204215,67.47363154631864
836,24.469232559204215,67.47363154631864
837,24.469232559204215,67.47363154631864
838,24.469232559204215,67.47363154631864
839,24.469232559204215,67.47363154631864
840,24.469232559204215,67.47363154631864
841,24.469232559204215,67.47363154631864
842,24.469232559204215,67.47363154631864
843,24.469232559204215,67.47363154631864
844,24.469232559204215,67.47363154631864
845,24.469232559204215,67.47363154631864
846,24.469232559204215,67.47363154631864
847,24.469232559204215,67.47363154631864
848,24.469232559204215,67.47363154631864
849,24.469232559204215,67.47363154631864
850,24.469232559204215,67.47363154631864
851,24.469232559204215,67.47363154631864
852,23.836406707763672,67.47363154631864
853,23.836406707763672,67.47363154631864
854,23.836406707763672,67.38137460677217
855,23.836406707763672,67.2005196431287
856,23.836406707763672,67.09449821212957
857,23.836406707763672,67.09746019130296
858,23.836406707763672,67.00694559244675
859,23.836406707763672,66.96025086194913
860,23.836406707763672,66.88750813813306
861,23.836406707763672,66.78000571754728
862,23.836406707763672,66.82495810735463
863,23.836406707763672,66.9691367994692
864,23.836406707763672,66.96155761746684
865,23.836406707763672,66.86259266626303
866,23.836406707763672,66.86781968833373
867,23.836406707763672,66.89621984158407
868,23.836406707763672,66.89621984158407
869,23.836406707763672,66.89621984158407
870,23.836406707763672,66.89621984158407
871,23.836406707763672,66.89621984158407
872,23.836406707763672,66.89621984158407
873,23.836406707763672,66.89621984158407
874,23.836406707763672,66.89621984158407
875,23.836406707763672,66.89621984158407
876,23.836406707763672,66.89621984158407
877,23.836406707763672,66.89621984158407
878,23.836406707763672,66.89621984158407
879,23.836406707763672,66.89621984158407
880,23.836406707763672,66.89621984158407
881,23.836406707763672,66.89621984158407
882,23.836406707763672,66.89621984158407
883,23.836406707763672,66.89621984158407
884,23.836406707763672,66.89621984158407
885,23.836406707763672,66.89621984158407
886,23.836406707763672,66.89621984158407
887,23.836406707763672,66.89621984158407
888,23.836406707763672,66.89621984158407
889,23.836406707763672,66.89621984158407
890,23.836406707763672,66.89621984158407
891,23.836406707763672,66.89621984158407
892,23.836406707763672,66.89621984158407
893,23.836406707763672,66.89621984158407
894,23.836406707763672,66.89621984158407
895,23.836406707763672,66.89621984158407
896,23.836406707763672,66.89621984158407
897,23.836406707763672,66.89621984158407
898,23.836406707763672,66.89621984158407
899,23.836406707763672,66.89621984158407
900,23.836406707763672,66.89621984158407
901,23.836406707763672,66.89621984158407
902,23.836406707763672,66.89621984158407
903,23.836406707763672,66.89621984158407
904,23.836406707763672,66.89621984158407
905,23.836406707763672,66.89621984158407
906,23.836406707763672,66.89621984158407
907,23.836406707763672,66.89621984158407
908,23.836406707763672,66.89621984158407
909,23.836406707763672,66.89621984158407
910,23.836406707763672,66.89621984158407
911,23.836406707763672,66.89621984158407
912,23.836406707763672,66.89621984158407
913,23.836406707763672,66.89621984158407
914,23.836406707763672,66.89621984158407
915,23.836406707763672,66.89621984158407
916,23.836406707763672,66.89621984158407
917,23.836406707763672,66.89621984158407
918,23.836406707763672,66.89621984158407
919,23.836406707763672,66.89621984158407
920,23.836406707763672,66.89621984158407
921,23.836406707763672,66.89621984158407
922,23.836406707763672,66.89621984158407
923,23.836406707763672,66.89621984158407
924,23.836406707763672,66.89621984158407
925,23.836406707763672,66.89621984158407
926,23.836406707763672,66.89621984158407
927,23.836406707763672,66.89621984158407
928,23.836406707763672,66.89621984158407
929,23.836406707763672,66.89621984158407
930,23.836406707763672,66.89621984158407
931,23.836406707763672,66.89621984158407
932,23.836406707763672,66.89621984158407
933,23.836406707763672,66.89621984158407
934,23.836406707763672,66.89621984158407
935,23.836406707763672,66.89621984158407
936,23.836406707763672,66.89621984158407
937,23.836406707763672,66.89621984158407
938,23.836406707763672,66.89621984158407
939,23.836406707763672,66.89621984158407
940,23.836406707763672,66.89621984158407
941,23.836406707763672,66.89621984158407
942,23.836406707763672,66.89621984158407
943,23.836406707763672,66.89621984158407
944,23.836406707763672,66.89621984158407
945,23.836406707763672,66.89621984158407
946,23.836406707763672,66.89621984158407
947,23.836406707763672,66.89621984158407
948,23.836406707763672,66.89621984158407
949,23.836406707763672,66.89621984158407
950,23.836406707763672,66.89621984158407
951,23.836406707763672,66.89621984158407
952,23.836406707763672,66.89621984158407
953,23.836406707763672,66.89621984158407
954,23.836406707763672,66.89621984158407
955,23.836406707763672,66.89621984158407
956,23.836406707763672,66.89621984158407
957,23.836406707763672,66.89621984158407
958,23.836406707763672,66.89621984158407
959,23.836406707763672,66.89621984158407
960,23.836406707763672,66.89621984158407
961,23.836406707763672,66.89621984158407
962,23.836406707763672,66.89621984158407
963,23.836406707763672,66.89621984158407
964,23.836406707763672,66.89621984158407
965,23.836406707763672,66.89621984158407
966,23.836406707763672,66.89621984158407
967,23.836406707763672,66.89621984158407
968,23.836406707763672,66.89621984158407
969,23.836406707763672,66.89621984158407
970,23.836406707763672,66.89621984158407
971,23.836406707763672,66.89621984158407
972,23.836406707763672,66.89621984158407
973,23.836406707763672,66.89621984158407
974,23.836406707763672,66.89621984158407
975,23.836406707763672,66.89621984158407
976,23.836406707763672,66.89621984158407
977,23.836406707763672,66.89621984158407
978,23.836406707763672,66.89621984158407
979,23.836406707763672,66.89621984158407
980,23.836406707763672,66.89621984158407
981,23.836406707763672,66.89621984158407
982,23.836406707763672,66.89621984158407
983,23.836406707763672,66.89621984158407
984,23.836406707763672,66.89621984158407
985,23.836406707763672,66.89621984158407
986,23.836406707763672,66.89621984158407
987,23.836406707763672,66.89621984158407
988,23.836406707763672,66.89621984158407
989,23.836406707763672,66.89621984158407
990,23.836406707763672,66.89621984158407
991,23.836406707763672,66.89621984158407
992,23.836406707763672,66.89621984158407
993,23.836406707763672,66.89621984158407
994,23.836406707763672,66.89621984158407
995,23.836406707763672,66.89621984158407
996,23.836406707763672,66.89621984158407
997,23.836406707763672,66.89621984158407
998,23.836406707763672,66.89621984158407
999,23.836406707763672,66.89621984158407
1000,23.836406707763672,66.89621984158407
1001,23.836406707763672,66.89621984158407
1002,23.836406707763672,66.89621984158407
1003,23.836406707763672,66.89621984158407
1004,23.836406707763672,66.89621984158407
1005,23.836406707763672,66.89621984158407
1006,23.836406707763672,66.89621984158407
1007,23.836406707763672,66.89621984158407
1008,23.836406707763672,66.89621984158407
1009,23.836406707763672,66.89621984158407
1010,23.836406707763672,66.89621984158407
1011,23.836406707763672,66.89621984158407
1012,23.836406707763672,66.89621984158407
1013,23.836406707763672,66.89621984158407
1014,23.836406707763672,66.89621984158407
1015,23.836406707763672,66.89621984158407
1016,23.836406707763672,66.89621984158407
1017,23.836406707763672,66.89621984158407
1018,23.836406707763672,66.89621984158407
1019,23.836406707763672,66.89621984158407
1020,23.836406707763672,66.89621984158407
1021,23.836406707763672,66.89621984158407
1022,23.836406707763672,66.89621984158407
1023,23.836406707763672,66.89621984158407
1024,23.836406707763672,66.89621984158407
1025,23.836406707763672,66.89621984158407
1026,23.836406707763672,66.89621984158407
1027,23.836406707763672,66.89621984158407
1028,23.836406707763672,66.89621984158407
1029,23.836406707763672,66.89621984158407
1030,23.836406707763672,66.89621984158407
1031,23.836406707763672,66.89621984158407
1032,23.836406707763672,66.89621984158407
1033,23.836406707763672,66.89621984158407
1034,23.836406707763672,66.89621984158407
1035,23.836406707763672,66.89621984158407
1036,23.836406707763672,66.89621984158407
1037,23.836406707763672,66.89621984158407
1038,23.836406707763672,66.89621984158407
1039,23.836406707763672,66.89621984158407
1040,23.836406707763672,66.89621984158407
1041,23.836406707763672,66.89621984158407
1042,23.836406707763672,66.89621984158407
1043,23.836406707763672,66.89621984158407
1044,23.836406707763672,66.89621984158407
1045,23.836406707763672,66.89621984158407
1046,23.836406707763672,66.89621984158407
1047,23.836406707763672,66.89621984158407
1048,23.836406707763672,66.89621984158407
1049,23.836406707763672,66.89621984158407
1050,23.836406707763672,66.89621984158407
1051,23.836406707763672,66.89621984158407
1052,23.836406707763672,66.89621984158407
1053,23.836406707763672,66.89621984158407
1054,23.836406707763672,66.89621984158407
1055,23.836406707763672,66.89621984158407
1056,23.836406707763672,66.89621984158407
1057,23.836406707763672,66.89621984158407
1058,23.836406707763672,66.89621984158407
1059,23.836406707763672,66.89621984158407
1060,23.836406707763672,66.89621984158407
1061,23.836406707763672,66.89621984158407
1062,23.836406707763672,66.89621984158407
1063,23.836406707763672,66.89621984158407
1064,23.836406707763672,66.89621984158407
1065,23.836406707763672,66.89621984158407
1066,23.836406707763672,66.89621984158407
1067,23.836406707763672,66.89621984158407
1068,23.836406707763672,66.89621984158407
1069,23.836406707763672,66.89621984158407
1070,23.836406707763672,66.89621984158407
1071,23.836406707763672,66.89621984158407
1072,23.836406707763672,66.89621984158407
1073,23.836406707763672,66.89621984158407
1074,23.836406707763672,66.89621984158407
1075,23.836406707763672,66.89621984158407
1076,23.836406707763672,66.89621984158407
1077,23.836406707763672,66.89621984158407
1078,23.836406707763672,66.89621984158407
1079,23.836406707763672,66.89621984158407
1080,23.836406707763672,66.89621984158407
1081,23.836406707763672,66.89621984158407
1082,23.836406707763672,66.89621984158407
1083,23.836406707763672,66.89621984158407
1084,23.836406707763672,66.89621984158407
1085,23.836406707763672,66.89621984158407
1086,23.836406707763672,66.89621984158407
1087,23.836406707763672,66.89621984158407
1088,23.836406707763672,66.89621984158407
1089,23.836406707763672,66.89621984158407
1090,27.207212448120004,66.89621984158407
1091,27.207212448120004,66.89621984158407
1092,27.207212448120004,66.9032763213794
1093,27.207212448120004,67.4098618770571
1094,27.207212448120004,67.986489528481
1095,27.207212448120004,68.52217217368514
1096,27.207212448120004,68.8377100726816
1097,27.207212448120004,69.32460717855997
1098,27.207212448120004,69.49979953496029
1099,27.207212448120004,69.8736187300442
1100,27.207212448120004,70.35555016495539
1101,27.207212448120004,70.15640062406476
1102,27.207212448120004,69.99566969539319
1103,27.207212448120004,70.02189192278081
1104,27.207212448120004,70.00351022849907
1105,27.207212448120004,69.97092845759221
1106,27.207212448120004,69.97092845759221
1107,27.207212448120004,69.97092845759221
1108,27.207212448120004,69.97092845759221
1109,27.207212448120004,69.97092845759221
1110,27.207212448120004,69.97092845759221
1111,27.207212448120004,69.97092845759221
1112,27.207212448120004,69.97092845759221
1113,27.207212448120004,69.97092845759221
1114,27.207212448120004,69.97092845759221
1115,27.207212448120004,69.97092845759221
1116,27.207212448120004,69.97092845759221
1117,27.207212448120004,69.97092845759221
1118,27.207212448120004,69.97092845759221
1119,27.207212448120004,69.97092845759221
1120,27.207212448120004,69.97092845759221
1121,27.207212448120004,69.97092845759221
1122,27.207212448120004,69.97092845759221
1123,27.207212448120004,69.97092845759221
1124,27.207212448120004,69.97092845759221
1125,27.207212448120004,69.97092845759221
1126,27.207212448120004,69.97092845759221
1127,27.207212448120004,69.97092845759221
1128,27.207212448120004,69.97092845759221
1129,27.207212448120004,69.97092845759221
1130,27.207212448120004,69.97092845759221
1131,27.207212448120004,69.97092845759221
1132,27.207212448120004,69.97092845759221
1133,27.207212448120004,69.97092845759221
1134,27.207212448120004,69.97092845759221
1135,27.207212448120004,69.97092845759221
1136,27.207212448120004,69.97092845759221
1137,27.207212448120004,69.97092845759221
1138,27.207212448120004,69.97092845759221
1139,27.207212448120004,69.97092845759221
1140,27.207212448120004,69.97092845759221
1141,27.207212448120004,69.97092845759221
1142,27.207212448120004,69.97092845759221
1143,27.207212448120004,69.97092845759221
1144,27.207212448120004,69.97092845759221
1145,27.207212448120004,69.97092845759221
1146,27.207212448120004,69.97092845759221
1147,27.207212448120004,69.97092845759221
1148,27.207212448120004,69.97092845759221
1149,27.207212448120004,69.97092845759221
1150,27.207212448120004,69.97092845759221
1151,27.207212448120004,69.97092845759221
1152,27.207212448120004,69.97092845759221
1153,27.207212448120004,69.97092845759221
1154,27.207212448120004,69.97092845759221
1155,27.207212448120004,69.97092845759221
1156,27.207212448120004,69.97092845759221
1157,27.207212448120004,69.97092845759221
1158,27.207212448120004,69.97092845759221
1159,27.207212448120004,69.97092845759221
1160,27.207212448120004,69.97092845759221
1161,27.207212448120004,69.97092845759221
1162,27.207212448120004,69.97092845759221
1163,27.207212448120004,69.97092845759221
1164,27.207212448120004,69.97092845759221
1165,27.207212448120004,69.97092845759221
1166,27.207212448120004,69.97092845759221
1167,27.207212448120004,69.97092845759221
1168,27.207212448120004,69.97092845759221
1169,27.207212448120004,69.97092845759221
1170,27.207212448120004,69.97092845759221
1171,27.207212448120004,69.97092845759221
1172,27.207212448120004,69.97092845759221
1173,27.207212448120004,69.97092845759221
1174,27.207212448120004,69.97092845759221
1175,27.207212448120004,69.97092845759221
1176,27.207212448120004,69.97092845759221
1177,27.207212448120004,69.97092845759221
1178,27.207212448120004,69.97092845759221
1179,27.207212448120004,69.97092845759221
1180,27.207212448120004,69.97092845759221
1181,27.207212448120004,69.97092845759221
1182,27.207212448120004,69.97092845759221
1183,27.207212448120004,69.97092845759221
1184,27.207212448120004,69.97092845759221
1185,27.207212448120004,69.97092845759221
1186,27.207212448120004,69.97092845759221
1187,27.207212448120004,69.97092845759221
1188,27.207212448120004,69.97092845759221
1189,27.207212448120004,69.97092845759221
1190,27.207212448120004,69.97092845759221
1191,27.207212448120004,69.97092845759221
1192,27.207212448120004,69.97092845759221
1193,27.207212448120004,69.97092845759221
1194,27.207212448120004,69.97092845759221
1195,27.207212448120004,69.97092845759221
1196,27.207212448120004,69.97092845759221
1197,27.207212448120004,69.97092845759221
1198,27.207212448120004,69.97092845759221
1199,27.207212448120004,69.97092845759221
1200,27.207212448120004,69.97092845759221
1201,27.207212448120004,69.97092845759221
1202,27.207212448120004,69.97092845759221
1203,27.207212448120004,69.97092845759221
1204,27.207212448120004,69.97092845759221
1205,27.207212448120004,69.97092845759221
1206,27.207212448120004,69.97092845759221
1207,27.207212448120004,69.97092845759221
1208,27.207212448120004,69.97092845759221
1209,27.207212448120004,69.97092845759221
1210,27.207212448120004,69.97092845759221
1211,27.207212448120004,69.97092845759221
1212,27.207212448120004,69.97092845759221
1213,27.207212448120004,69.97092845759221
1214,27.207212448120004,69.97092845759221
1215,27.207212448120004,69.97092845759221
1216,27.207212448120004,69.97092845759221
1217,27.207212448120004,69.97092845759221
1218,27.207212448120004,69.97092845759221
1219,27.207212448120004,69.97092845759221
1220,27.207212448120004,69.97092845759221
1221,27.207212448120004,69.97092845759221
1222,27.207212448120004,69.97092845759221
1223,27.207212448120004,69.97092845759221
1224,27.207212448120004,69.97092845759221
1225,27.207212448120004,69.97092845759221
1226,27.207212448120004,69.97092845759221
1227,27.207212448120004,69.97092845759221
1228,27.207212448120004,69.97092845759221
1229,27.207212448120004,69.97092845759221
1230,27.207212448120004,69.97092845759221
1231,27.207212448120004,69.97092845759221
1232,27.207212448120004,69.97092845759221
1233,27.207212448120004,69.97092845759221
1234,27.207212448120004,69.97092845759221
1235,27.929529190063477,69.97092845759221
1236,27.929529190063477,69.97092845759221
1237,27.929529190063477,69.97240944717885
1238,27.929529190063477,70.08095727217881
1239,27.929529190063477,70.20448922711444
1240,27.929529190063477,70.31930947859905
1241,27.929529190063477,70.38691229737913
1242,27.929529190063477,70.49127850472246
1243,27.929529190063477,70.52873882956192
1244,27.929529190063477,70.60888650131142
1245,27.929529190063477,70.71212018720621
1246,27.929529190063477,70.66951995733064
1247,27.929529190063477,70.63502161166457
1248,27.929529190063477,70.64068421890772
1249,27.929529190063477,70.63676395235473
1250,27.929529190063477,70.62979458959398
1251,27.929529190063477,70.62979458959398
1252,27.929529190063477,70.62979458959398
1253,27.929529190063477,70.62979458959398
1254,27.929529190063477,70.62979458959398
1255,27.929529190063477,70.62979458959398
1256,27.929529190063477,70.62979458959398
1257,27.929529190063477,70.62979458959398
1258,27.929529190063477,70.62979458959398
1259,27.929529190063477,70.62979458959398
1260,27.929529190063477,70.62979458959398
1261,27.929529190063477,70.62979458959398
1262,27.929529190063477,70.62979458959398
1263,27.929529190063477,70.62979458959398
1264,27.929529190063477,70.62979458959398
1265,27.929529190063477,70.62979458959398
1266,24.07717895507801,70.62979458959398
1267,29.855703353881836,70.62979458959398
1268,37.078861236572266,70.06823818514022
1269,46.22817993164074,69.61496825458289
1270,57.78522872924805,69.15516454643728
1271,57.78522872924805,71.35243039085731
1272,57.78522872924805,73.99590968603923
1273,57.78522872924805,77.84831206912122
1274,57.78522872924805,81.73590973414537
1275,57.78522872924805,86.06048644427335
1276,57.78522872924805,89.74719222771671
1277,57.78522872924805,94.71416995032405
1278,57.78522872924805,98.42857895074167
1279,57.78522872924805,99.41875116498625
1280,57.78522872924805,99.19642849291586
1281,57.78522872924805,98.38014187955389
1282,57.78522872924805,98.87740591253896
1283,57.78522872924805,98.93673261304048
1284,57.78522872924805,97.76657660549756
1285,57.78522872924805,97.73922185666129
1286,57.78522872924805,97.86144705607933
1287,57.78522872924805,97.86144705607933
1288,69.34226989746094,97.86144705607933
1289,69.34226989746094,97.86144705607933
1290,69.34226989746094,97.88549135760422
1291,69.34226989746094,99.62234367463691
1292,69.34226989746094,101.59920342174564
1293,69.34226989746094,103.43563050922376
1294,69.34226989746094,104.51744984377319
1295,69.34226989746094,106.18696069312955
1296,69.34226989746094,106.78737129497483
1297,69.34226989746094,108.06912422372557
1298,69.34226989746094,109.72129878321425
1299,69.34226989746094,109.03864970079121
1300,69.34226989746094,108.48754734047873
1301,69.34226989746094,108.57736500305884
1302,69.34226989746094,108.51446650414243
1303,69.34226989746094,108.40269534886568
1304,69.34226989746094,108.40269534886568
1305,69.34226989746094,108.40269534886568
1306,69.34226989746094,108.40269534886568
1307,69.34226989746094,108.40269534886568
1308,69.34226989746094,108.40269534886568
1309,69.34226989746094,108.40269534886568
1310,69.34226989746094,108.40269534886568
1311,69.34226989746094,108.40269534886568
1312,69.34226989746094,108.40269534886568
1313,69.34226989746094,108.40269534886568
1314,69.34226989746094,108.40269534886568
1315,69.34226989746094,108.40269534886568
1316,69.34226989746094,108.40269534886568
1317,69.34226989746094,108.40269534886568
1318,69.34226989746094,108.40269534886568
1319,69.34226989746094,108.40269534886568
1320,69.34226989746094,108.40269534886568
1321,69.34226989746094,108.40269534886568
1322,69.34226989746094,108.40269534886568
1323,69.34226989746094,108.40269534886568
1324,69.34226989746094,108.40269534886568
1325,69.34226989746094,108.40269534886568
1326,69.34226989746094,108.40269534886568
1327,69.34226989746094,108.40269534886568
1328,69.34226989746094,108.40269534886568
1329,69.34226989746094,108.40269534886568
1330,69.34226989746094,108.40269534886568
1331,69.34226989746094,108.40269534886568
1332,69.34226989746094,108.40269534886568
1333,69.34226989746094,108.40269534886568
1334,69.34226989746094,108.40269534886568
1335,69.34226989746094,108.40269534886568
1336,69.34226989746094,108.40269534886568
1337,69.34226989746094,108.40269534886568
1338,69.34226989746094,108.40269534886568
1339,69.34226989746094,108.40269534886568
1340,69.34226989746094,108.40269534886568
1341,69.34226989746094,108.40269534886568
1342,69.34226989746094,108.40269534886568
1343,69.34226989746094,108.40269534886568
1344,69.34226989746094,108.40269534886568
1345,69.34226989746094,108.40269534886568
1346,69.34226989746094,108.40269534886568
1347,69.34226989746094,108.40269534886568
1348,69.34226989746094,108.40269534886568
1349,69.34226989746094,108.40269534886568
1350,69.34226989746094,108.40269534886568
1351,69.34226989746094,108.40269534886568
1352,69.34226989746094,108.40269534886568
1353,69.34226989746094,108.40269534886568
1354,69.34226989746094,108.40269534886568
1355,69.34226989746094,108.40269534886568
1356,69.34226989746094,108.40269534886568
1357,69.34226989746094,108.40269534886568
1358,69.34226989746094,108.40269534886568
1359,69.34226989746094,108.40269534886568
1360,69.34226989746094,108.40269534886568
1361,69.34226989746094,108.40269534886568
1362,69.34226989746094,108.40269534886568
1363,69.34226989746094,108.40269534886568
1364,69.34226989746094,108.40269534886568
1365,69.34226989746094,108.40269534886568
1366,69.34226989746094,108.40269534886568
1367,69.34226989746094,108.40269534886568
1368,69.34226989746094,108.40269534886568
1369,69.34226989746094,108.40269534886568
1370,69.34226989746094,108.40269534886568
1371,69.34226989746094,108.40269534886568
1372,69.34226989746094,108.40269534886568
1373,69.34226989746094,108.40269534886568
1374,69.34226989746094,108.40269534886568
1375,69.34226989746094,108.40269534886568
1376,69.34226989746094,108.40269534886568
1377,69.34226989746094,108.40269534886568
1378,69.34226989746094,108.40269534886568
1379,69.34226989746094,108.40269534886568
1380,69.34226989746094,108.40269534886568
1381,69.34226989746094,108.40269534886568
1382,69.34226989746094,108.40269534886568
1383,69.34226989746094,108.40269534886568
1384,69.34226989746094,108.40269534886568
1385,69.34226989746094,108.40269534886568
1386,69.34226989746094,108.40269534886568
1387,69.34226989746094,108.40269534886568
1388,69.34226989746094,108.40269534886568
1389,69.34226989746094,108.40269534886568
1390,69.34226989746094,108.40269534886568
1391,69.34226989746094,108.40269534886568
1392,69.34226989746094,108.40269534886568
1393,69.34226989746094,108.40269534886568
1394,69.34226989746094,108.40269534886568
1395,69.34226989746094,108.40269534886568
1396,69.34226989746094,108.40269534886568
1397,69.34226989746094,108.40269534886568
1398,69.34226989746094,108.40269534886568
1399,69.34226989746094,108.40269534886568
1400,69.34226989746094,108.40269534886568
1401,69.34226989746094,108.40269534886568
1402,69.34226989746094,108.40269534886568
1403,69.34226989746094,108.40269534886568
1404,69.34226989746094,108.40269534886568
1405,69.34226989746094,108.40269534886568
1406,69.34226989746094,108.40269534886568
1407,69.34226989746094,108.40269534886568
1408,69.34226989746094,108.40269534886568
1409,69.34226989746094,108.40269534886568
1410,69.34226989746094,108.40269534886568
1411,69.34226989746094,108.40269534886568
1412,69.34226989746094,108.40269534886568
1413,69.34226989746094,108.40269534886568
1414,69.34226989746094,108.40269534886568
1415,69.34226989746094,108.40269534886568
1416,69.34226989746094,108.40269534886568
1417,69.34226989746094,108.40269534886568
1418,69.34226989746094,108.40269534886568
1419,69.34226989746094,108.40269534886568
1420,69.34226989746094,108.40269534886568
1421,69.34226989746094,108.40269534886568
1422,69.34226989746094,108.40269534886568
1423,69.34226989746094,108.40269534886568
1424,69.34226989746094,108.40269534886568
1425,69.34226989746094,108.40269534886568
1426,69.34226989746094,108.40269534886568
1427,69.34226989746094,108.40269534886568
1428,69.34226989746094,108.40269534886568
1429,69.34226989746094,108.40269534886568
1430,69.34226989746094,108.40269534886568
1431,69.34226989746094,108.40269534886568
1432,69.34226989746094,108.40269534886568
1433,69.34226989746094,108.40269534886568
1434,69.34226989746094,108.40269534886568
1435,69.34226989746094,108.40269534886568
1436,69.34226989746094,108.40269534886568
1437,69.34226989746094,108.40269534886568
1438,69.34226989746094,108.40269534886568
1439,69.34226989746094,108.40269534886568
1440,69.34226989746094,108.40269534886568
1441,69.34226989746094,108.40269534886568
1442,69.34226989746094,108.40269534886568
1443,69.34226989746094,108.40269534886568
1444,69.34226989746094,108.40269534886568
1445,69.34226989746094,108.40269534886568
1446,69.34226989746094,108.40269534886568
1447,69.34226989746094,108.40269534886568
1448,69.34226989746094,108.40269534886568
1449,69.34226989746094,108.40269534886568
1450,69.34226989746094,108.40269534886568
1451,69.34226989746094,108.40269534886568
1452,69.34226989746094,108.40269534886568
1453,69.34226989746094,108.40269534886568
1454,69.34226989746094,108.40269534886568
1455,69.34226989746094,108.40269534886568
1456,69.34226989746094,108.40269534886568
1457,69.34226989746094,108.40269534886568
1458,69.34226989746094,108.40269534886568
1459,69.34226989746094,108.40269534886568
1460,69.34226989746094,108.40269534886568
1461,69.34226989746094,108.40269534886568
1462,69.34226989746094,108.40269534886568
1463,69.34226989746094,108.40269534886568
1464,69.34226989746094,108.40269534886568
1465,69.34226989746094,108.40269534886568
1466,69.34226989746094,108.40269534886568
1467,69.34226989746094,108.40269534886568
1468,69.34226989746094,108.40269534886568
1469,69.34226989746094,108.40269534886568
1470,69.34226989746094,108.40269534886568
1471,69.34226989746094,108.40269534886568
1472,69.34226989746094,108.40269534886568
1473,69.34226989746094,108.40269534886568
1474,69.34226989746094,108.40269534886568
1475,69.34226989746094,108.40269534886568
1476,69.34226989746094,108.40269534886568
1477,69.34226989746094,108.40269534886568
1478,69.34226989746094,108.40269534886568
1479,69.34226989746094,108.40269534886568
1480,69.34226989746094,108.40269534886568
1481,69.34226989746094,108.40269534886568
1482,69.34226989746094,108.40269534886568
1483,69.34226989746094,108.40269534886568
1484,69.34226989746094,108.40269534886568
1485,69.34226989746094,108.40269534886568
1486,69.34226989746094,108.40269534886568
1487,69.34226989746094,108.40269534886568
1488,69.34226989746094,108.40269534886568
1489,69.34226989746094,108.40269534886568
1490,69.34226989746094,108.40269534886568
1491,69.34226989746094,108.40269534886568
1492,69.34226989746094,108.40269534886568
1493,69.34226989746094,108.40269534886568
1494,69.34226989746094,108.40269534886568
1495,69.34226989746094,108.40269534886568
1496,69.34226989746094,108.40269534886568
1497,69.34226989746094,108.40269534886568
1498,69.34226989746094,108.40269534886568
1499,69.34226989746094,108.40269534886568
1500,69.34226989746094,108.40269534886568
1501,69.34226989746094,108.40269534886568
1502,69.34226989746094,108.40269534886568
1503,69.34226989746094,108.40269534886568
1504,69.34226989746094,108.40269534886568
1505,69.34226989746094,108.40269534886568
1506,69.34226989746094,108.40269534886568
1507,69.34226989746094,108.40269534886568
1508,69.34226989746094,108.40269534886568
1509,69.34226989746094,108.40269534886568
1510,69.34226989746094,108.40269534886568
1511,69.34226989746094,108.40269534886568
1512,69.34226989746094,108.40269534886568
1513,69.34226989746094,108.40269534886568
1514,69.34226989746094,108.40269534886568
1515,69.34226989746094,108.40269534886568
1516,69.34226989746094,108.40269534886568
1517,69.34226989746094,108.40269534886568
1518,69.34226989746094,108.40269534886568
1519,69.34226989746094,108.40269534886568
1520,69.34226989746094,108.40269534886568
1521,69.34226989746094,108.40269534886568
1522,69.34226989746094,108.40269534886568
1523,69.34226989746094,108.40269534886568
1524,69.34226989746094,108.40269534886568
1525,69.34226989746094,108.40269534886568
1526,69.34226989746094,108.40269534886568
1527,69.34226989746094,108.40269534886568
1528,69.34226989746094,108.40269534886568
1529,69.34226989746094,108.40269534886568
1530,69.34226989746094,108.40269534886568
1531,69.34226989746094,108.40269534886568
1532,69.34226989746094,108.40269534886568
1533,69.34226989746094,108.40269534886568
1534,69.34226989746094,108.40269534886568
1535,69.34226989746094,108.40269534886568
1536,69.34226989746094,108.40269534886568
1537,69.34226989746094,108.40269534886568
1538,69.34226989746094,108.40269534886568
1539,69.34226989746094,108.40269534886568
1540,69.34226989746094,108.40269534886568
1541,69.34226989746094,108.40269534886568
1542,69.34226989746094,108.40269534886568
1543,69.34226989746094,108.40269534886568
1544,69.34226989746094,108.40269534886568
1545,69.34226989746094,108.40269534886568
1546,69.34226989746094,108.40269534886568
1547,69.34226989746094,108.40269534886568
1548,69.34226989746094,108.40269534886568
1549,69.34226989746094,108.40269534886568
1550,69.34226989746094,108.40269534886568
1551,69.34226989746094,108.40269534886568
1552,69.34226989746094,108.40269534886568
1553,69.34226989746094,108.40269534886568
1554,69.34226989746094,108.40269534886568
1555,74.82440948486328,108.40269534886568
1556,74.82440948486328,108.40269534886568
1557,74.82440948486328,108.41402056335198
1558,74.82440948486328,109.23788635871631
1559,74.82440948486328,110.17570123522023
1560,87.29515075683594,111.04687158032368
1561,108.49539947509766,111.55999091358956
1562,134.68394470214844,112.29386481230472
1563,168.3549346923828,113.6290204832103
1564,168.3549346923828,119.92740784423927
1565,209.5083465576172,132.04678121718052
1566,209.5083465576172,146.72073095158578
1567,209.5083465576172,156.72978128054842
1568,209.5083465576172,174.00870458088207
1569,209.5083465576172,192.61964733887896
1570,209.5083465576172,208.2296260505807
1571,209.5083465576172,219.94403588860064
1572,209.5083465576172,227.77180634897593
1573,209.5083465576172,238.0676459555466
1574,209.5083465576172,235.8573125559501
1575,209.5083465576172,239.8729722617045
1576,209.5083465576172,240.03871241986042
1577,209.5083465576172,240.1893813310461
1578,209.5083465576172,239.4968880237234
1579,209.5083465576172,236.01137903148174
1580,209.5083465576172,235.521171478292
1581,209.5083465576172,236.24942632828117
1582,209.5083465576172,236.24942632828117
1583,209.5083465576172,236.24942632828117
1584,209.5083465576172,236.24942632828117
1585,209.5083465576172,236.24942632828117
1586,209.5083465576172,236.24942632828117
1587,209.5083465576172,236.24942632828117
1588,209.5083465576172,236.24942632828117
1589,19.828470230102425,236.24942632828117
1590,209.5083465576172,236.24942632828117
1591,209.5083465576172,208.59982988873242
1592,209.5083465576172,191.18949054183986
1593,209.5083465576172,163.57439244795728
1594,209.5083465576172,195.27423405596096
1595,209.5083465576172,199.20591294044743
1596,209.5083465576172,190.81645540006662
1597,209.5083465576172,202.75871984184835
1598,209.5083465576172,196.07688685342202
1599,209.5083465576172,215.2272147305897
1600,209.5083465576172,263.17503665253173
1601,209.5083465576172,259.63960959951567
1602,209.5083465576172,237.4030736577845
1603,209.5083465576172,235.5311899372607
1604,209.5083465576172,238.80735669557396
1605,209.5083465576172,236.24942632828117
1606,209.5083465576172,236.24942632828117
1607,209.5083465576172,236.24942632828117
1608,209.5083465576172,236.24942632828117
1609,209.5083465576172,236.24942632828117
1610,209.5083465576172,236.24942632828117
1611,209.5083465576172,236.24942632828117
1612,209.5083465576172,236.24942632828117
1613,209.5083465576172,236.24942632828117
1614,209.5083465576172,236.24942632828117
1615,209.5083465576172,236.24942632828117
1616,209.5083465576172,236.24942632828117
1617,209.5083465576172,236.24942632828117
1618,209.5083465576172,236.24942632828117
1619,209.5083465576172,236.24942632828117
1620,209.5083465576172,236.24942632828117
1621,209.5083465576172,236.24942632828117
1622,209.5083465576172,236.24942632828117
1623,209.5083465576172,236.24942632828117
1624,209.5083465576172,236.24942632828117
1625,209.5083465576172,236.24942632828117
1626,209.5083465576172,236.24942632828117
1627,209.5083465576172,236.24942632828117
1628,209.5083465576172,236.24942632828117
1629,209.5083465576172,236.24942632828117
1630,209.5083465576172,236.24942632828117
1631,209.5083465576172,236.24942632828117
1632,209.5083465576172,236.24942632828117
1633,209.5083465576172,236.24942632828117
1634,209.5083465576172,236.24942632828117
1635,209.5083465576172,236.24942632828117
1636,209.5083465576172,236.24942632828117
1637,209.5083465576172,236.24942632828117
1638,209.5083465576172,236.24942632828117
1639,209.5083465576172,236.24942632828117
1640,209.5083465576172,236.24942632828117
1641,209.5083465576172,236.24942632828117
1642,209.5083465576172,236.24942632828117
1643,209.5083465576172,236.24942632828117
1644,209.5083465576172,236.24942632828117
1645,209.5083465576172,236.24942632828117
1646,209.5083465576172,236.24942632828117
1647,209.5083465576172,236.24942632828117
1648,209.5083465576172,236.24942632828117
1649,209.5083465576172,236.24942632828117
1650,209.5083465576172,236.24942632828117
1651,209.5083465576172,236.24942632828117
1652,209.5083465576172,236.24942632828117
1653,209.5083465576172,236.24942632828117
1654,209.5083465576172,236.24942632828117
1655,209.5083465576172,236.24942632828117
1656,209.5083465576172,236.24942632828117
1657,209.5083465576172,236.24942632828117
1658,209.5083465576172,236.24942632828117
1659,209.5083465576172,236.24942632828117
1660,209.5083465576172,236.24942632828117
1661,209.5083465576172,236.24942632828117
1662,209.5083465576172,236.24942632828117
1663,209.5083465576172,236.24942632828117
1664,209.5083465576172,236.24942632828117
1665,209.5083465576172,236.24942632828117
1666,209.5083465576172,236.24942632828117
1667,209.5083465576172,236.24942632828117
1668,209.5083465576172,236.24942632828117
1669,209.5083465576172,236.24942632828117
1670,209.5083465576172,236.24942632828117
1671,209.5083465576172,236.24942632828117
1672,209.5083465576172,236.24942632828117
1673,209.5083465576172,236.24942632828117
1674,209.5083465576172,236.24942632828117
1675,209.5083465576172,236.24942632828117
1676,209.5083465576172,236.24942632828117
1677,209.5083465576172,236.24942632828117
1678,209.5083465576172,236.24942632828117
1679,209.5083465576172,236.24942632828117
1680,209.5083465576172,236.24942632828117
1681,209.5083465576172,236.24942632828117
1682,209.5083465576172,236.24942632828117
1683,209.5083465576172,236.24942632828117
1684,209.5083465576172,236.24942632828117
1685,209.5083465576172,236.24942632828117
1686,209.5083465576172,236.24942632828117
1687,209.5083465576172,236.24942632828117
1688,209.5083465576172,236.24942632828117
1689,209.5083465576172,236.24942632828117
1690,209.5083465576172,236.24942632828117
1691,209.5083465576172,236.24942632828117
1692,209.5083465576172,236.24942632828117
1693,209.5083465576172,236.24942632828117
1694,209.5083465576172,236.24942632828117
1695,209.5083465576172,236.24942632828117
1696,209.5083465576172,236.24942632828117
1697,209.5083465576172,236.24942632828117
1698,209.5083465576172,236.24942632828117
1699,209.5083465576172,236.24942632828117
1700,209.5083465576172,236.24942632828117
1701,209.5083465576172,236.24942632828117
1702,209.5083465576172,236.24942632828117
1703,209.5083465576172,236.24942632828117
1704,209.5083465576172,236.24942632828117
1705,209.5083465576172,236.24942632828117
1706,209.5083465576172,236.24942632828117
1707,209.5083465576172,236.24942632828117
1708,209.5083465576172,236.24942632828117
1709,209.5083465576172,236.24942632828117
1710,209.5083465576172,236.24942632828117
1711,209.5083465576172,236.24942632828117
1712,209.5083465576172,236.24942632828117
1713,209.5083465576172,236.24942632828117
1714,209.5083465576172,236.24942632828117
1715,209.5083465576172,236.24942632828117
1716,209.5083465576172,236.24942632828117
1717,209.5083465576172,236.24942632828117
1718,209.5083465576172,236.24942632828117
1719,209.5083465576172,236.24942632828117
1720,209.5083465576172,236.24942632828117
1721,209.5083465576172,236.24942632828117
1722,209.5083465576172,236.24942632828117
1723,209.5083465576172,236.24942632828117
1724,209.5083465576172,236.24942632828117
1725,209.5083465576172,236.24942632828117
1726,209.5083465576172,236.24942632828117
1727,209.5083465576172,236.24942632828117
1728,209.5083465576172,236.24942632828117
1729,209.5083465576172,236.24942632828117
1730,209.5083465576172,236.24942632828117
1731,209.5083465576172,236.24942632828117
1732,209.5083465576172,236.24942632828117
1733,209.5083465576172,236.24942632828117
1734,209.5083465576172,236.24942632828117
1735,209.5083465576172,236.24942632828117
1736,209.5083465576172,236.24942632828117
1737,209.5083465576172,236.24942632828117
1738,209.5083465576172,236.24942632828117
1739,209.5083465576172,236.24942632828117
1740,209.5083465576172,236.24942632828117
1741,209.5083465576172,236.24942632828117
1742,209.5083465576172,236.24942632828117
1743,209.5083465576172,236.24942632828117
1744,209.5083465576172,236.24942632828117
1745,209.5083465576172,236.24942632828117
1746,209.5083465576172,236.24942632828117
1747,209.5083465576172,236.24942632828117
1748,209.5083465576172,236.24942632828117
1749,209.5083465576172,236.24942632828117
1750,209.5083465576172,236.24942632828117
1751,209.5083465576172,236.24942632828117
1752,209.5083465576172,236.24942632828117
1753,209.5083465576172,236.24942632828117
1754,209.5083465576172,236.24942632828117
1755,209.5083465576172,236.24942632828117
1756,209.5083465576172,236.24942632828117
1757,209.5083465576172,236.24942632828117
1758,209.5083465576172,236.24942632828117
1759,209.5083465576172,236.24942632828117
1760,209.5083465576172,236.24942632828117
1761,209.5083465576172,236.24942632828117
1762,209.5083465576172,236.24942632828117
1763,209.5083465576172,236.24942632828117
1764,209.5083465576172,236.24942632828117
1765,209.5083465576172,236.24942632828117
1766,209.5083465576172,236.24942632828117
1767,209.5083465576172,236.24942632828117
1768,209.5083465576172,236.24942632828117
1769,209.5083465576172,236.24942632828117
1770,209.5083465576172,236.24942632828117
1771,209.5083465576172,236.24942632828117
1772,209.5083465576172,236.24942632828117
1773,209.5083465576172,236.24942632828117
1774,209.5083465576172,236.24942632828117
1775,209.5083465576172,236.24942632828117
1776,209.5083465576172,236.24942632828117
1777,209.5083465576172,236.24942632828117
1778,209.5083465576172,236.24942632828117
1779,209.5083465576172,236.24942632828117
1780,209.5083465576172,236.24942632828117
1781,209.5083465576172,236.24942632828117
1782,209.5083465576172,236.24942632828117
1783,209.5083465576172,236.24942632828117
1784,209.5083465576172,236.24942632828117
1785,209.5083465576172,236.24942632828117
1786,209.5083465576172,236.24942632828117
1787,209.5083465576172,236.24942632828117
1788,209.5083465576172,236.24942632828117
1789,209.5083465576172,236.24942632828117
1790,209.5083465576172,236.24942632828117
1791,209.5083465576172,236.24942632828117
1792,209.5083465576172,236.24942632828117
1793,209.5083465576172,236.24942632828117
1794,209.5083465576172,236.24942632828117
1795,209.5083465576172,236.24942632828117
1796,209.5083465576172,236.24942632828117
1797,212.0325469970703,236.24942632828117
1798,212.0325469970703,236.24942632828117
1799,212.0325469970703,236.25469690886905
1800,212.0325469970703,236.63404803564435
1801,212.0325469970703,237.0658000586776
1802,212.0325469970703,237.4669304440805
1803,212.0325469970703,237.7031918416726
1804,212.0325469970703,238.06782018961565
1805,212.0325469970703,238.19888776803646
1806,212.0325469970703,238.4788383584355
1807,212.0325469970703,238.8397206738946
1808,212.0325469970703,238.69066342784743
1809,212.0325469970703,238.5703112446713
1810,212.0325469970703,238.58991257743617
1811,212.0325469970703,238.5761480859835
1812,212.0325469970703,238.55171175780333
1813,212.0325469970703,238.55171175780333
1814,212.0325469970703,238.55171175780333
1815,212.0325469970703,238.55171175780333
1816,212.0325469970703,238.55171175780333
1817,212.0325469970703,238.55171175780333
1818,212.0325469970703,238.55171175780333
1819,212.0325469970703,238.55171175780333
1820,212.0325469970703,238.55171175780333
1821,212.0325469970703,238.55171175780333
1822,212.0325469970703,238.55171175780333
1823,212.0325469970703,238.55171175780333
1824,212.0325469970703,238.55171175780333
1825,212.0325469970703,238.55171175780333
1826,212.0325469970703,238.55171175780333
1827,212.0325469970703,238.55171175780333
1828,212.0325469970703,238.55171175780333
1829,212.0325469970703,238.55171175780333
1830,212.0325469970703,238.55171175780333
1831,212.0325469970703,238.55171175780333
1832,212.0325469970703,238.55171175780333
1833,212.0325469970703,238.55171175780333
1834,212.0325469970703,238.55171175780333
1835,212.0325469970703,238.55171175780333
1836,212.0325469970703,238.55171175780333
1837,212.0325469970703,238.55171175780333
1838,212.0325469970703,238.55171175780333
1839,212.0325469970703,238.55171175780333
1840,212.0325469970703,238.55171175780333
1841,212.0325469970703,238.55171175780333
1842,212.0325469970703,238.55171175780333
1843,212.0325469970703,238.55171175780333
1844,212.0325469970703,238.55171175780333
1845,212.0325469970703,238.55171175780333
1846,212.0325469970703,238.55171175780333
1847,212.0325469970703,238.55171175780333
1848,212.0325469970703,238.55171175780333
1849,212.0325469970703,238.55171175780333
1850,212.0325469970703,238.55171175780333
1851,212.0325469970703,238.55171175780333
1852,212.0325469970703,238.55171175780333
1853,212.0325469970703,238.55171175780333
1854,212.0325469970703,238.55171175780333
1855,212.0325469970703,238.55171175780333
1856,212.0325469970703,238.55171175780333
1857,212.0325469970703,238.55171175780333
1858,212.0325469970703,238.55171175780333
1859,212.0325469970703,238.55171175780333
1860,212.0325469970703,238.55171175780333
1861,212.0325469970703,238.55171175780333
1862,212.0325469970703,238.55171175780333
1863,212.0325469970703,238.55171175780333
1864,212.0325469970703,238.55171175780333
1865,212.0325469970703,238.55171175780333
1866,212.0325469970703,238.55171175780333
1867,212.0325469970703,238.55171175780333
1868,212.0325469970703,238.55171175780333
1869,212.0325469970703,238.55171175780333
1870,212.0325469970703,238.55171175780333
1871,212.0325469970703,238.55171175780333
1872,212.0325469970703,238.55171175780333
1873,212.0325469970703,238.55171175780333
1874,212.0325469970703,238.55171175780333
1875,212.0325469970703,238.55171175780333
1876,212.0325469970703,238.55171175780333
1877,212.0325469970703,238.55171175780333
1878,212.0325469970703,238.55171175780333
1879,212.0325469970703,238.55171175780333
1880,212.0325469970703,238.55171175780333
1881,212.0325469970703,238.55171175780333
1882,212.0325469970703,238.55171175780333
1883,212.0325469970703,238.55171175780333
1884,212.0325469970703,238.55171175780333
1885,212.0325469970703,238.55171175780333
1886,212.0325469970703,238.55171175780333
1887,212.0325469970703,238.55171175780333
1888,212.0325469970703,238.55171175780333
1889,212.0325469970703,238.55171175780333
1890,212.0325469970703,238.55171175780333
1891,212.0325469970703,238.55171175780333
1892,212.0325469970703,238.55171175780333
1893,212.0325469970703,238.55171175780333
1894,212.0325469970703,238.55171175780333
1895,212.0325469970703,238.55171175780333
1896,212.0325469970703,238.55171175780333
1897,212.0325469970703,238.55171175780333
1898,212.0325469970703,238.55171175780333
1899,212.0325469970703,238.55171175780333
1900,212.0325469970703,238.55171175780333
1901,212.0325469970703,238.55171175780333
1902,212.0325469970703,238.55171175780333
1903,212.0325469970703,238.55171175780333
1904,212.0325469970703,238.55171175780333
1905,212.0325469970703,238.55171175780333
1906,212.0325469970703,238.55171175780333
1907,212.0325469970703,238.55171175780333
1908,212.0325469970703,238.55171175780333
1909,212.0325469970703,238.55171175780333
1910,212.0325469970703,238.55171175780333
1911,212.0325469970703,238.55171175780333
1912,212.0325469970703,238.55171175780333
1913,212.0325469970703,238.55171175780333
1914,212.0325469970703,238.55171175780333
1915,212.0325469970703,238.55171175780333
1916,212.0325469970703,238.55171175780333
1917,212.0325469970703,238.55171175780333
1918,212.0325469970703,238.55171175780333
1919,212.0325469970703,238.55171175780333
1920,212.0325469970703,238.55171175780333
1921,212.0325469970703,238.55171175780333
1922,212.0325469970703,238.55171175780333
1923,212.0325469970703,238.55171175780333
1924,212.0325469970703,238.55171175780333
1925,212.0325469970703,238.55171175780333
1926,212.0325469970703,238.55171175780333
1927,212.0325469970703,238.55171175780333
1928,212.0325469970703,238.55171175780333
1929,212.0325469970703,238.55171175780333
1930,212.0325469970703,238.55171175780333
1931,212.0325469970703,238.55171175780333
1932,212.0325469970703,238.55171175780333
1933,212.0325469970703,238.55171175780333
1934,212.0325469970703,238.55171175780333
1935,212.0325469970703,238.55171175780333
1936,212.0325469970703,238.55171175780333
1937,212.0325469970703,238.55171175780333
1938,212.0325469970703,238.55171175780333
1939,212.0325469970703,238.55171175780333
1940,212.0325469970703,238.55171175780333
1941,212.0325469970703,238.55171175780333
1942,212.0325469970703,238.55171175780333
1943,212.0325469970703,238.55171175780333
1944,212.0325469970703,238.55171175780333
1945,212.0325469970703,238.55171175780333
1946,252.4197235107422,238.55171175780333
1947,252.4197235107422,238.55171175780333
1948,315.524658203125,238.63577969610583
1949,340.7666320800781,244.70526704895883
1950,416.4925231933594,255.23270729177534
1951,416.4925231933594,267.3458953552663
1952,416.4925231933594,290.8243281824597
1953,416.4925231933594,320.88602107353086
1954,517.46044921875,342.02039585315447
1955,517.46044921875,371.36158731030787
1956,517.46044921875,395.6283421827854
1957,517.46044921875,422.93073368129313
1958,517.46044921875,456.1204508134928
1959,517.46044921875,479.7674551024637
1960,517.46044921875,489.8650163384889
1961,637.3598022460938,499.60483147229723
1962,637.3598022460938,506.8292293516539
1963,637.3598022460938,515.8394828799554
1964,637.3598022460938,546.7823210165816
1965,637.3598022460938,559.8304926529548
1966,637.3598022460938,575.1694502702949
1967,637.3598022460938,586.9847416342777
1968,637.3598022460938,603.9444245616482
1969,637.3598022460938,609.2617216592803
1970,637.3598022460938,622.9577173435312
1971,637.3598022460938,639.9505047440157
1972,637.3598022460938,632.9122324088903
1973,637.3598022460938,628.4394260645429
1974,637.3598022460938,629.473723056767
1975,637.3598022460938,628.306028105449
1976,637.3598022460938,626.4965419608932
1977,637.3598022460938,626.4965419608932
1978,637.3598022460938,626.4965419608932
1979,637.3598022460938,626.4965419608932
1980,637.3598022460938,626.4965419608932
1981,637.3598022460938,626.4965419608932
1982,637.3598022460938,626.4965419608932
1983,637.3598022460938,626.4965419608932
1984,637.3598022460938,626.4965419608932
1985,637.3598022460938,626.4965419608932
1986,637.3598022460938,626.4965419608932
1987,637.3598022460938,626.4965419608932
1988,637.3598022460938,626.4965419608932
1989,637.3598022460938,626.4965419608932
1990,637.3598022460938,626.4965419608932
1991,637.3598022460938,626.4965419608932
1992,637.3598022460938,626.4965419608932
1993,637.3598022460938,626.4965419608932
1994,637.3598022460938,626.4965419608932
1995,637.3598022460938,626.4965419608932
1996,637.3598022460938,626.4965419608932
1997,637.3598022460938,626.4965419608932
1998,637.3598022460938,626.4965419608932
1999,637.3598022460938,626.4965419608932
2000,637.3598022460938,626.4965419608932
2001,637.3598022460938,626.4965419608932
2002,637.3598022460938,626.4965419608932
2003,637.3598022460938,626.4965419608932
2004,637.3598022460938,626.4965419608932
2005,637.3598022460938,626.4965419608932
2006,637.3598022460938,626.4965419608932
2007,637.3598022460938,626.4965419608932
2008,637.3598022460938,626.4965419608932
2009,637.3598022460938,626.4965419608932
2010,637.3598022460938,626.4965419608932
2011,637.3598022460938,626.4965419608932
2012,637.3598022460938,626.4965419608932
2013,637.3598022460938,626.4965419608932
2014,637.3598022460938,626.4965419608932
2015,517.46044921875,626.4965419608932
2016,517.46044921875,626.4965419608932
2017,517.46044921875,610.7181878007416
2018,517.46044921875,575.9683134767547
2019,517.46044921875,555.4878827166831
2020,517.46044921875,558.5604569653458
2021,403.8715515136719,541.9866371630801
2022,403.8715515136719,532.3442406531129
2023,403.8715515136719,501.2114873812543
2024,403.8715515136719,447.7582173463965
2025,403.8715515136719,436.4485096921944
2026,403.8715515136719,462.62020919979244
2027,403.8715515136719,445.34572886821877
2028,403.8715515136719,416.92911049832367
2029,328.1456298828125,404.8215414835586
2030,328.1456298828125,392.91961222875517
2031,328.1456298828125,389.96725948771683
2032,328.1456298828125,393.74465410408544
2033,328.1456298828125,379.6977292255683
2034,328.1456298828125,362.03671061187225
2035,328.1456298828125,352.15585299919155
2036,277.66168212890625,352.10393124662346
2037,277.66168212890625,343.40220269604026
2038,277.66168212890625,323.17841871963617
2039,277.66168212890625,314.14642949122435
2040,277.66168212890625,322.94220088056136
2041,277.66168212890625,322.265475756485
2042,277.66168212890625,303.2111508513477
2043,277.66168212890625,300.1005935756385
2044,246.10923767089844,297.7077499887429
2045,246.10923767089844,289.1312086167511
2046,246.10923767089844,288.12570380443276
2047,246.10923767089844,290.61115279901287
2048,246.10923767089844,284.72025536690603
2049,247.37783813476562,276.9724583442112
2050,247.37783813476562,272.8815295206399
2051,215.66273498535156,272.8212445327588
2052,215.66273498535156,269.3861763034986
2053,215.66273498535156,259.78862328704554
2054,215.66273498535156,253.00677994300145
2055,215.66273498535156,255.19759912686766
2056,215.66273498535156,254.95284381841077
2057,215.66273498535156,245.53253040866912
2058,215.66273498535156,243.60772308968035
2059,215.66273498535156,241.6098245787373
2060,215.66273498535156,236.1019807473724
2061,215.66273498535156,238.1916134956549
2062,215.66273498535156,245.53335802049696
2063,215.66273498535156,245.1136281482261
2064,215.66273498535156,240.17335179669624
2065,215.66273498535156,240.43539983650328
2066,215.66273498535156,241.86285600547262
2067,215.66273498535156,241.86285600547262
2068,215.66273498535156,241.86285600547262
2069,215.66273498535156,241.86285600547262
2070,215.66273498535156,241.86285600547262
2071,215.66273498535156,241.86285600547262
2072,215.66273498535156,241.86285600547262
2073,215.66273498535156,241.86285600547262
2074,190.29063415527344,241.86285600547262
2075,190.29063415527344,241.86285600547262
2076,190.29063415527344,238.16443298088768
2077,190.29063415527344,230.91581656593712
2078,237.86328125,226.667205909902
2079,296.8533935546875,226.78494458204273
2080,367.8952331542969,223.2588390517193
2081,367.8952331542969,228.31567799542404
2082,367.8952331542969,246.99962482834064
2083,367.8952331542969,273.10141291574405
2084,367.8952331542969,294.21670906480983
2085,367.8952331542969,324.63100815306166
2086,367.8952331542969,342.33876505577246
2087,367.8952331542969,357.4895498785702
2088,380.5812683105469,378.50753630008796
2089,380.5812683105469,391.92421299244
2090,380.5812683105469,386.9902090673948
2091,379.9469909667969,379.4559794548021
2092,379.9469909667969,387.78502133174993
2093,379.9469909667969,390.5480687567973
2094,379.9469909667969,387.5257174785299
2095,379.9469909667969,387.0100281927459
2096,379.9469909667969,390.545455245762
2097,379.9469909667969,391.70598482099155
2098,379.9469909667969,393.0459319287952
2099,379.9469909667969,392.3441606572971
2100,379.9469909667969,392.29175976103915
2101,379.9469909667969,392.897223150886
2102,379.9469909667969,391.70385045364606
2103,379.9469909667969,391.473905041056
2104,379.9469909667969,391.6742742204298
2105,379.9469909667969,391.6795448010177
2106,379.9469909667969,391.7080756298198
2107,379.9469909667969,391.7080756298198
2108,379.9469909667969,391.7080756298198
2109,379.9469909667969,391.7080756298198
2110,379.9469909667969,391.7080756298198
2111,379.9469909667969,391.7080756298198
2112,379.9469909667969,391.7080756298198
2113,379.9469909667969,391.7080756298198
2114,379.9469909667969,391.7080756298198
2115,379.9469909667969,391.7080756298198
2116,379.9469909667969,391.7080756298198
2117,379.9469909667969,391.7080756298198
2118,379.9469909667969,391.7080756298198
2119,379.9469909667969,391.7080756298198
2120,379.9469909667969,391.7080756298198
2121,379.9469909667969,391.7080756298198
2122,379.9469909667969,391.7080756298198
2123,379.9469909667969,391.7080756298198
2124,379.9469909667969,391.7080756298198
2125,379.9469909667969,391.7080756298198
2126,379.9469909667969,391.7080756298198
2127,379.9469909667969,391.7080756298198
2128,379.9469909667969,391.7080756298198
2129,379.9469909667969,391.7080756298198
2130,379.9469909667969,391.7080756298198
2131,379.9469909667969,391.7080756298198
2132,379.9469909667969,391.7080756298198
2133,379.9469909667969,391.7080756298198
2134,379.9469909667969,391.7080756298198
2135,379.9469909667969,391.7080756298198
2136,379.9469909667969,391.7080756298198
2137,379.9469909667969,391.7080756298198
2138,379.9469909667969,391.7080756298198
2139,379.9469909667969,391.7080756298198
2140,379.9469909667969,391.7080756298198
2141,379.9469909667969,391.7080756298198
2142,379.9469909667969,391.7080756298198
2143,379.9469909667969,391.7080756298198
2144,379.9469909667969,391.7080756298198
2145,379.9469909667969,391.7080756298198
2146,379.9469909667969,391.7080756298198
2147,379.9469909667969,391.7080756298198
2148,379.9469909667969,391.7080756298198
2149,379.9469909667969,391.7080756298198
2150,379.9469909667969,391.7080756298198
2151,379.9469909667969,391.7080756298198
2152,379.9469909667969,391.7080756298198
2153,379.9469909667969,391.7080756298198
2154,379.9469909667969,391.7080756298198
2155,379.9469909667969,391.7080756298198
2156,379.9469909667969,391.7080756298198
2157,379.9469909667969,391.7080756298198
2158,379.9469909667969,391.7080756298198
2159,379.9469909667969,391.7080756298198
2160,379.9469909667969,391.7080756298198
2161,379.9469909667969,391.7080756298198
2162,379.9469909667969,391.7080756298198
2163,379.9469909667969,391.7080756298198
2164,379.9469909667969,391.7080756298198
2165,379.9469909667969,391.7080756298198
2166,379.9469909667969,391.7080756298198
2167,379.9469909667969,391.7080756298198
2168,379.9469909667969,391.7080756298198
2169,379.9469909667969,391.7080756298198
2170,379.9469909667969,391.7080756298198
2171,379.9469909667969,391.7080756298198
2172,379.9469909667969,391.7080756298198
2173,379.9469909667969,391.7080756298198
2174,379.9469909667969,391.7080756298198
2175,379.9469909667969,391.7080756298198
2176,379.9469909667969,391.7080756298198
2177,379.9469909667969,391.7080756298198
2178,379.9469909667969,391.7080756298198
2179,379.9469909667969,391.7080756298198
2180,379.9469909667969,391.7080756298198
2181,379.9469909667969,391.7080756298198
2182,379.9469909667969,391.7080756298198
2183,379.9469909667969,391.7080756298198
2184,379.9469909667969,391.7080756298198
2185,379.9469909667969,391.7080756298198
2186,379.9469909667969,391.7080756298198
2187,379.9469909667969,391.7080756298198
2188,379.9469909667969,391.7080756298198
2189,379.9469909667969,391.7080756298198
2190,379.9469909667969,391.7080756298198
2191,379.9469909667969,391.7080756298198
2192,379.9469909667969,391.7080756298198
2193,379.9469909667969,391.7080756298198
2194,379.9469909667969,391.7080756298198
2195,379.9469909667969,391.7080756298198
2196,379.9469909667969,391.7080756298198
2197,379.9469909667969,391.7080756298198
2198,379.9469909667969,391.7080756298198
2199,379.9469909667969,391.7080756298198
2200,379.9469909667969,391.7080756298198
2201,379.9469909667969,391.7080756298198
2202,379.9469909667969,391.7080756298198
2203,379.9469909667969,391.7080756298198
2204,379.9469909667969,391.7080756298198
2205,379.9469909667969,391.7080756298198
2206,379.9469909667969,391.7080756298198
2207,379.9469909667969,391.7080756298198
2208,379.9469909667969,391.7080756298198
2209,379.9469909667969,391.7080756298198
2210,379.9469909667969,391.7080756298198
2211,379.9469909667969,391.7080756298198
2212,379.9469909667969,391.7080756298198
2213,379.9469909667969,391.7080756298198
2214,379.9469909667969,391.7080756298198
2215,379.9469909667969,391.7080756298198
2216,379.9469909667969,391.7080756298198
2217,379.9469909667969,391.7080756298198
2218,379.9469909667969,391.7080756298198
2219,379.9469909667969,391.7080756298198
2220,379.9469909667969,391.7080756298198
2221,379.9469909667969,391.7080756298198
2222,379.9469909667969,391.7080756298198
2223,379.9469909667969,391.7080756298198
2224,379.9469909667969,391.7080756298198
2225,379.9469909667969,391.7080756298198
2226,379.9469909667969,391.7080756298198
2227,379.9469909667969,391.7080756298198
2228,379.9469909667969,391.7080756298198
2229,379.9469909667969,391.7080756298198
2230,379.9469909667969,391.7080756298198
2231,379.9469909667969,391.7080756298198
2232,379.9469909667969,391.7080756298198
2233,379.9469909667969,391.7080756298198
2234,379.9469909667969,391.7080756298198
2235,379.9469909667969,391.7080756298198
2236,379.9469909667969,391.7080756298198
2237,379.9469909667969,391.7080756298198
2238,379.9469909667969,391.7080756298198
2239,379.9469909667969,391.7080756298198
2240,379.9469909667969,391.7080756298198
2241,379.9469909667969,391.7080756298198
2242,379.9469909667969,391.7080756298198
2243,379.9469909667969,391.7080756298198
2244,379.9469909667969,391.7080756298198
2245,379.9469909667969,391.7080756298198
2246,379.9469909667969,391.7080756298198
2247,379.9469909667969,391.7080756298198
2248,379.9469909667969,391.7080756298198
2249,379.9469909667969,391.7080756298198
2250,379.9469909667969,391.7080756298198
2251,379.9469909667969,391.7080756298198
2252,379.9469909667969,391.7080756298198
2253,379.9469909667969,391.7080756298198
2254,379.9469909667969,391.7080756298198
2255,379.9469909667969,391.7080756298198
2256,379.9469909667969,391.7080756298198
2257,379.9469909667969,391.7080756298198
2258,379.9469909667969,391.7080756298198
2259,379.9469909667969,391.7080756298198
2260,379.9469909667969,391.7080756298198
2261,379.9469909667969,391.7080756298198
2262,379.9469909667969,391.7080756298198
2263,379.9469909667969,391.7080756298198
2264,379.9469909667969,391.7080756298198
2265,379.9469909667969,391.7080756298198
2266,379.9469909667969,391.7080756298198
2267,379.9469909667969,391.7080756298198
2268,379.9469909667969,391.7080756298198
2269,379.9469909667969,391.7080756298198
2270,379.9469909667969,391.7080756298198
2271,379.9469909667969,391.7080756298198
2272,379.9469909667969,391.7080756298198
2273,379.9469909667969,391.7080756298198
2274,379.9469909667969,391.7080756298198
2275,379.9469909667969,391.7080756298198
2276,379.9469909667969,391.7080756298198
2277,379.9469909667969,391.7080756298198
2278,382.5012512207031,391.7080756298198
2279,382.5012512207031,391.7080756298198
2280,382.5012512207031,391.7133462104077
2281,382.5012512207031,392.09722742297754
2282,382.5012512207031,392.53416290956415
2283,382.5012512207031,392.9400411733479
2284,382.5012512207031,393.1791338745615
2285,382.5012512207031,393.5480745157128
2286,382.5012512207031,393.6807973177893
2287,382.5012512207031,393.96410191401696
2288,382.5012512207031,394.32920940564986
2289,382.5012512207031,394.1783227018779
2290,382.5012512207031,394.0565766461497
2291,382.5012512207031,394.0763957715008
2292,382.5012512207031,394.0625006044964
2293,382.5012512207031,394.03780292521276
2294,382.5012512207031,394.03780292521276
2295,382.5012512207031,394.03780292521276
2296,382.5012512207031,394.03780292521276
2297,382.5012512207031,394.03780292521276
2298,382.5012512207031,394.03780292521276
2299,382.5012512207031,394.03780292521276
2300,382.5012512207031,394.03780292521276
2301,382.5012512207031,394.03780292521276
2302,382.5012512207031,394.03780292521276
2303,382.5012512207031,394.03780292521276
2304,382.5012512207031,394.03780292521276
2305,382.5012512207031,394.03780292521276
2306,382.5012512207031,394.03780292521276
2307,382.5012512207031,394.03780292521276
2308,382.5012512207031,394.03780292521276
2309,382.5012512207031,394.03780292521276
2310,382.5012512207031,394.03780292521276
2311,382.5012512207031,394.03780292521276
2312,382.5012512207031,394.03780292521276
2313,382.5012512207031,394.03780292521276
2314,382.5012512207031,394.03780292521276
2315,382.5012512207031,394.03780292521276
2316,382.5012512207031,394.03780292521276
2317,382.5012512207031,394.03780292521276
2318,382.5012512207031,394.03780292521276
2319,382.5012512207031,394.03780292521276
2320,382.5012512207031,394.03780292521276
2321,382.5012512207031,394.03780292521276
2322,382.5012512207031,394.03780292521276
2323,382.5012512207031,394.03780292521276
2324,382.5012512207031,394.03780292521276
2325,382.5012512207031,394.03780292521276
2326,382.5012512207031,394.03780292521276
2327,382.5012512207031,394.03780292521276
2328,382.5012512207031,394.03780292521276
2329,382.5012512207031,394.03780292521276
2330,381.8626708984375,394.03780292521276
2331,381.8626708984375,394.03780292521276
2332,381.8626708984375,393.94471837383844
2333,381.8626708984375,393.7622517450565
2334,381.8626708984375,393.65531558519507
2335,381.8626708984375,393.6583211228857
2336,381.8626708984375,393.56706602923606
2337,381.8626708984375,393.5198050380142
2338,381.8626708984375,393.44640893643924
2339,381.8626708984375,393.33799178699115
2340,381.8626708984375,393.383379761971
2341,381.8626708984375,393.5288652096033
2342,381.8626708984375,393.5211989105664
2343,381.8626708984375,393.4213627890175
2344,381.8626708984375,393.42658981108815
2345,381.8626708984375,393.4553384324766
2346,381.8626708984375,393.4553384324766
2347,381.8626708984375,393.4553384324766
2348,381.8626708984375,393.4553384324766
2349,381.8626708984375,393.4553384324766
2350,381.8626708984375,393.4553384324766
2351,381.8626708984375,393.4553384324766
2352,381.8626708984375,393.4553384324766
2353,381.8626708984375,393.4553384324766
2354,381.8626708984375,393.4553384324766
2355,381.8626708984375,393.4553384324766
2356,381.8626708984375,393.4553384324766
2357,381.8626708984375,393.4553384324766
2358,381.8626708984375,393.4553384324766
2359,381.8626708984375,393.4553384324766
2360,381.8626708984375,393.4553384324766
2361,381.8626708984375,393.4553384324766
2362,381.8626708984375,393.4553384324766
2363,381.8626708984375,393.4553384324766
2364,381.8626708984375,393.4553384324766
2365,381.8626708984375,393.4553384324766
2366,381.8626708984375,393.4553384324766
2367,381.8626708984375,393.4553384324766
2368,381.8626708984375,393.4553384324766
2369,381.8626708984375,393.4553384324766
2370,381.8626708984375,393.4553384324766
2371,381.8626708984375,393.4553384324766
2372,381.8626708984375,393.4553384324766
2373,381.8626708984375,393.4553384324766
2374,381.8626708984375,393.4553384324766
2375,381.8626708984375,393.4553384324766
2376,381.8626708984375,393.4553384324766
2377,381.8626708984375,393.4553384324766
2378,381.8626708984375,393.4553384324766
2379,381.8626708984375,393.4553384324766
2380,381.8626708984375,393.4553384324766
2381,381.8626708984375,393.4553384324766
2382,381.8626708984375,393.4553384324766
2383,381.8626708984375,393.4553384324766
2384,381.8626708984375,393.4553384324766
2385,381.8626708984375,393.4553384324766
2386,381.8626708984375,393.4553384324766
2387,381.8626708984375,393.4553384324766
2388,381.8626708984375,393.4553384324766
2389,381.8626708984375,393.4553384324766
2390,381.8626708984375,393.4553384324766
2391,381.8626708984375,393.4553384324766
2392,381.8626708984375,393.4553384324766
2393,381.8626708984375,393.4553384324766
2394,381.8626708984375,393.4553384324766
2395,381.8626708984375,393.4553384324766
2396,381.8626708984375,393.4553384324766
2397,381.8626708984375,393.4553384324766
2398,381.8626708984375,393.4553384324766
2399,381.8626708984375,393.4553384324766
2400,381.8626708984375,393.4553384324766
2401,381.8626708984375,393.4553384324766
2402,381.8626708984375,393.4553384324766
2403,381.8626708984375,393.4553384324766
2404,381.8626708984375,393.4553384324766
2405,381.8626708984375,393.4553384324766
2406,381.8626708984375,393.4553384324766
2407,381.8626708984375,393.4553384324766
2408,381.8626708984375,393.4553384324766
2409,381.8626708984375,393.4553384324766
2410,381.8626708984375,393.4553384324766
2411,381.8626708984375,393.4553384324766
2412,381.8626708984375,393.4553384324766
2413,381.8626708984375,393.4553384324766
2414,381.8626708984375,393.4553384324766
2415,381.8626708984375,393.4553384324766
2416,381.8626708984375,393.4553384324766
2417,381.22412109375,393.4553384324766
2418,381.22412109375,393.4553384324766
2419,381.22412109375,393.3622538811023
2420,381.22412109375,393.1798743693549
2421,381.22412109375,393.07289465097614
2422,381.22412109375,393.07590018866676
2423,381.22412109375,392.9846450950172
2424,381.22412109375,392.9373841037953
2425,381.22412109375,392.8640315607376
2426,381.22412109375,392.755527294255
2427,381.22412109375,392.8010459447866
2428,381.22412109375,392.9464007168671
2429,381.22412109375,392.93877797634747
2430,381.22412109375,392.83894185479863
2431,381.22412109375,392.8441688768692
2432,381.22412109375,392.8729610567749
2433,381.22412109375,392.8729610567749
2434,381.22412109375,392.8729610567749
2435,381.22412109375,392.8729610567749
2436,381.22412109375,392.8729610567749
2437,381.22412109375,392.8729610567749
2438,381.22412109375,392.8729610567749
2439,381.22412109375,392.8729610567749
2440,381.22412109375,392.8729610567749
2441,381.22412109375,392.8729610567749
2442,381.22412109375,392.8729610567749
2443,381.22412109375,392.8729610567749
2444,381.22412109375,392.8729610567749
2445,381.22412109375,392.8729610567749
2446,381.22412109375,392.8729610567749
2447,381.22412109375,392.8729610567749
2448,381.22412109375,392.8729610567749
2449,381.22412109375,392.8729610567749
2450,381.22412109375,392.8729610567749
2451,381.22412109375,392.8729610567749
2452,381.22412109375,392.8729610567749
2453,381.22412109375,392.8729610567749
2454,381.22412109375,392.8729610567749
2455,381.22412109375,392.8729610567749
2456,381.22412109375,392.8729610567749
2457,381.22412109375,392.8729610567749
2458,381.22412109375,392.8729610567749
2459,381.22412109375,392.8729610567749
2460,381.22412109375,392.8729610567749
2461,381.22412109375,392.8729610567749
2462,381.22412109375,392.8729610567749
2463,381.22412109375,392.8729610567749
2464,381.22412109375,392.8729610567749
2465,381.22412109375,392.8729610567749
2466,381.22412109375,392.8729610567749
2467,381.22412109375,392.8729610567749
2468,381.22412109375,392.8729610567749
2469,381.22412109375,392.8729610567749
2470,381.22412109375,392.8729610567749
2471,381.22412109375,392.8729610567749
2472,381.22412109375,392.8729610567749
2473,381.22412109375,392.8729610567749
2474,381.22412109375,392.8729610567749
2475,381.22412109375,392.8729610567749
2476,381.22412109375,392.8729610567749
2477,381.22412109375,392.8729610567749
2478,381.22412109375,392.8729610567749
2479,381.22412109375,392.8729610567749
2480,381.22412109375,392.8729610567749
2481,381.22412109375,392.8729610567749
2482,381.22412109375,392.8729610567749
2483,383.1398010253906,392.8729610567749
2484,383.1398010253906,392.8729610567749
2485,383.1398010253906,392.8769248818451
2486,383.1398010253906,393.16480312238457
2487,383.1398010253906,393.49249384769524
2488,380.5855407714843,393.79692432479163
2489,380.5855407714843,393.97621118181394
2490,380.5855407714843,393.8806002364388
2491,380.5855407714843,393.2503520502737
2492,380.5855407714843,393.03512941651593
2493,380.5855407714843,393.3208732897098
2494,343.5487060546875,392.84277500431705
2495,343.5487060546875,392.5623888287455
2496,343.5487060546875,386.88492813118904
2497,343.5487060546875,375.85948336059425
2498,343.5487060546875,369.8207918794406
2499,343.5487060546875,370.5744413449896
2500,330.7773742675781,365.25202612158006
2501,330.7773742675781,362.11150058599935
2502,330.7773742675781,356.01505051096535
2503,330.7773742675781,346.1893379811298
2504,330.7773742675781,346.68729895039087
2505,330.7773742675781,355.18303927287434
2506,330.7773742675781,352.9128564705692
2507,330.7773742675781,346.1761397504015
2508,330.7773742675781,345.0146518877923
2509,330.7773742675781,344.5120301571849
2510,330.7773742675781,345.4211835293348
2511,330.7773742675781,348.3302826627388
2512,325.6688232421875,348.17665177237984
2513,325.6688232421875,346.1795808732646
2514,325.6688232421875,345.5404467495795
2515,325.6688232421875,344.65586038116146
2516,325.6688232421875,343.80045821930435
2517,325.6688232421875,343.8240669356567
2518,325.6688232421875,343.09424397904627
2519,325.6688232421875,342.7161124907541
2520,325.6688232421875,342.1290743537061
2521,325.6688232421875,341.261214455914
2522,325.6688232421875,341.62488451647744
2523,325.6688232421875,342.78855030494947
2524,312.89752197265625,342.7270892371024
2525,282.246337890625,341.92831314767704
2526,306.5118408203125,339.06769464397803
2527,306.5118408203125,330.8123973367432
2528,287.3548583984375,324.08055917050797
2529,275.86065673828125,317.83139293397744
2530,250.956573486328,318.77504465179345
2531,238.18524169921875,312.9280542050799
2532,230.52244567871094,304.68364652715877
2533,230.52244567871094,288.0201179586062
2534,217.75112915039062,275.47034287666656
2535,243.93234252929688,272.86776502918724
2536,279.6920471191406,278.5892198291715
2537,343.5487060546875,269.02873511090263
2538,429.1165771484375,254.7171486815431
2539,435.5022583007813,256.0315269397179
2540,449.5507202148438,272.6760639947473
2541,452.10498046875,303.06405373857694
2542,452.10498046875,332.3487062403332
2543,407.40533447265625,364.4786882062317
2544,486.58755493164057,373.2526367784239
2545,607.9151611328125,402.85526645614283
2546,759.8939208984375,420.7109480834523
2547,909.95703125,439.50244089547186
2548,918.672119140625,493.3109306385456
2549,918.672119140625,556.5217659029933
2550,918.672119140625,606.8876953518389
2551,918.672119140625,660.4979067243671
2552,828.4453735351562,749.1685973177994
2553,877.6599731445312,821.7609462427438
2554,791.534423828125,867.1229725971826
2555,791.534423828125,885.8276668963493
2556,791.534423828125,886.283566672386
2557,984.29150390625,862.4729538701972
2558,988.3927612304688,839.2577274671291
2559,1000.6964111328124,800.578951114131
2560,1000.6964111328124,834.845206110663
2561,1000.6964111328124,872.8201612194447
2562,1000.6964111328124,879.9329975688889
2563,1000.6964111328124,894.4804424795559
2564,1000.6964111328124,949.3966906542046
2565,1000.6964111328124,950.2064108210903
2566,971.9878540039062,976.0436353643152
2567,971.9878540039062,983.7040975599134
2568,971.9878540039062,982.3356305129369
2569,1054.01220703125,967.5359600081039
2570,1054.01220703125,955.301907948859
2571,1107.3280029296875,965.455507217333
2572,1152.4412841796875,987.2273608969859
2573,1234.465576171875,1000.0292635664277
2574,1332.894775390625,1024.2327605822215
2575,1324.6923828125,1052.7261508387787
2576,1386.2105712890625,1091.3020528636496
2577,1423.1214599609375,1132.5785611790825
2578,1398.51416015625,1167.4662764309232
2579,1488.740966796875,1202.3066217952492
2580,1464.1336669921875,1248.1117349156334
2581,1570.7652587890625,1274.747724658654
2582,1595.37255859375,1297.110885210046
2583,1587.1700439453125,1332.5744876185177
2584,1583.06884765625,1388.9812429158624
2585,1566.6640625,1417.0053119282538
2586,1554.3603515625,1448.6597220027604
2587,1615.8785400390625,1458.9112190387655
2588,1599.4737548828125,1504.2502778037779
2589,1583.06884765625,1530.2070160287217
2590,1583.06884765625,1542.0125938433566
2591,1583.06884765625,1543.3661312085437
2592,1578.9676513671875,1556.1439786868314
2593,1587.1700439453125,1566.7273916243207
2594,1578.9676513671875,1559.050290075131
2595,1562.562744140625,1556.760157471923
2596,1578.9676513671875,1580.7382500505505
2597,1599.4737548828125,1586.5517439974951
2598,1599.4737548828125,1581.0871537737644
2599,1599.4737548828125,1574.6530380729685
2600,1517.449462890625,1573.6216159428832
2601,1517.449462890625,1576.389324129277
2602,1517.449462890625,1583.8740277077504
2603,1517.449462890625,1592.3193272672524
2604,1517.449462890625,1582.1086445619155
2605,1533.854248046875,1574.7219912057835
2606,1554.3603515625,1564.9112192473663
2607,1554.3603515625,1559.0007204824947
2608,1558.4615478515625,1545.570976234966
2609,1673.295654296875,1548.6016471900293
2610,1681.498046875,1549.8541287951844
2611,1648.6883544921875,1550.6641429820615
2612,1648.6883544921875,1569.4027121956162
2613,1648.6883544921875,1617.6628922447949
2614,1648.6883544921875,1619.566050980708
2615,1648.6883544921875,1615.8577401727061
2616,1648.6883544921875,1632.4063178142223
2617,1722.5101318359375,1637.109592273367
2618,1722.5101318359375,1630.8900458285698
2619,1722.5101318359375,1638.1380959827961
2620,1722.5101318359375,1640.683045911947
2621,1722.5101318359375,1667.1938049178589
2622,1730.712646484375,1664.9831230501245
2623,1747.117431640625,1682.7781712214146
2624,1730.712646484375,1707.4771572606155
2625,1730.712646484375,1728.1538626994388
2626,1722.5101318359375,1725.7488227277117
2627,1722.5101318359375,1731.9764710567183
2628,1714.3077392578125,1731.4345159850295
2629,1722.5101318359375,1735.16887478635
2630,1722.5101318359375,1723.1985586594558
2631,1722.5101318359375,1725.7024764653522
2632,1722.5101318359375,1733.3233875272826
2633,1722.5101318359375,1736.0121676804101
2634,1714.3077392578125,1730.7503859130197
2635,1714.3077392578125,1733.4100689766206
2636,1714.3077392578125,1727.2626554363978
2637,1722.5101318359375,1725.7659847835102
2638,1730.712646484375,1733.56940603274
2639,1730.712646484375,1728.9326889879612
2640,1722.5101318359375,1732.1135932690377
2641,1747.117431640625,1736.2310056710999
2642,1763.5223388671875,1738.9153428554673
2643,1788.129638671875,1736.8276702404614
2644,1788.129638671875,1740.3630537349602
2645,1804.534423828125,1745.371237814891
2646,1845.546630859375,1754.9625619633764
2647,1919.3685302734375,1759.4298363760324
2648,1886.5587158203125,1765.315724578655
2649,1870.1539306640625,1785.885188947996
2650,1861.951416015625,1806.4918522910732
2651,1853.7490234375,1825.781131838285
2652,1861.951416015625,1835.9588407460596
2653,1861.951416015625,1852.4788440002562
2654,1902.963623046875,1859.6795896047436
2655,1894.76123046875,1857.198844930027
2656,1911.166015625,1855.9858273415048
2657,1919.3685302734375,1869.7822907458049
2658,1919.3685302734375,1876.4570236959185
2659,1919.3685302734375,1875.772109570598
2660,1919.3685302734375,1880.0585290196104
2661,1927.5709228515625,1897.3992618559296
2662,1902.963623046875,1907.5872505737761
2663,1911.166015625,1920.0205937390929
2664,1902.963623046875,1922.8720213956508
2665,1911.166015625,1921.6801732465146
2666,1911.166015625,1918.8926023762529
2667,1911.166015625,1919.6842348688483
2668,1911.166015625,1921.0848154326713
2669,1911.166015625,1920.6805052755085
2670,1911.166015625,1919.809509164474
2671,1911.166015625,1922.168899810118
2672,1902.963623046875,1920.905092990476
2673,1911.166015625,1918.640311444311
2674,1919.3685302734375,1922.6143292075694
2675,1911.166015625,1921.8063187124858
2676,1911.166015625,1923.6339469794784
2677,1919.3685302734375,1922.509963000226
2678,1894.76123046875,1922.602132822738
2679,1902.963623046875,1923.2704947115012
2680,1911.166015625,1925.675621800263
2681,1919.3685302734375,1927.823230935012
2682,1911.166015625,1925.8256373336894
2683,1911.166015625,1924.7370228704485
2684,1911.166015625,1925.6123748332084
2685,1911.166015625,1927.475198382143
2686,1911.166015625,1926.4709132083076
2687,1927.5709228515625,1923.7917159289764
2688,1927.5709228515625,1921.3086190943282
2689,2026.0,1920.1869872750076
2690,1970.0,1924.1661449433022
2691,2000.0,1933.4957695201183
2692,2010.0,1942.173148859556
2693,2020.0,1960.8335305346372
2694,2020.0,1976.4322711488876
2695,2020.0,1986.7044149220715
2696,2020.0,1997.8089619600014
2697,2020.0,2008.7543461758814
2698,2000.0,2008.166741778109
2699,2000.0,2007.9710769185986
2700,1995.0,2002.2014899570477
2701,1995.0,2009.7212581419117
2702,1990.0,2009.3353296790306
2703,1985.0,2004.3946613008457
2704,1990.0,2012.119154516809
2705,1995.0,2015.7750208700354
2706,2000.0,2017.712939302718
2707,2000.0,2012.9908475641196
2708,1995.0,2013.908799756755
2709,2000.0,2011.2086072721067
2710,1985.0,2011.4496601065966
2711,1985.0,2011.1762868523033
2712,1990.0,2012.6531819383572
2713,2000.0,2009.9105634579028
2714,2000.0,2004.3715752867001
2715,2010.0,2004.164149627531
2716,2040.0,2006.3289208180786
2717,2050.0,2006.2594014245396
2718,2050.0,2009.4173068085051
2719,2060.0,2015.3262810252727
2720,2090.0,2026.4874541356348
2721,2090.0,2033.3893011947166
2722,2110.0,2039.670700734016
2723,2110.0,2051.3712154050318
2724,2120.0,2064.022002688486
2725,2130.0,2068.0166671889233
2726,2150.0,2082.5174718172393
2727,2160.0,2090.1654762769026
2728,2160.0,2100.7870464755074
2729,2160.0,2108.9788354645843
2730,2170.0,2120.063694052715
2731,2180.0,2133.8570212437726
2732,2190.0,2145.750064561056
2733,2200.0,2150.6538824336435
2734,2210.0,2157.9145645578737
2735,2200.0,2166.603530462901
2736,2190.0,2178.2483773488643
2737,2190.0,2186.9850833888036
2738,2190.0,2187.9116601678556
2739,2190.0,2193.31413594598
2740,2190.0,2197.0604297810282
2741,2190.0,2201.65837974545
2742,2190.0,2199.7476418275346
2743,2190.0,2200.3737519545602
2744,2190.0,2204.2951510289745
2745,2190.0,2201.127314303075
2746,2190.0,2198.968989773081
2747,2190.0,2200.5011170590146
2748,2190.0,2204.7557387904308
2749,2180.0,2204.731607371871
2750,2180.0,2204.6586032969517
2751,2180.0,2205.0866092875012
2752,2180.0,2204.3454175578872
2753,2360.0,2204.5216553187015
2754,2480.0,2202.890911549702
2755,2460.0,2211.3084207751954
2756,2620.0,2233.3194978316137
2757,2660.0,2289.929279377885
2758,2700.0,2326.735877990368
2759,2690.0,2359.492579902534
2760,3000.0,2437.4823627072305
2761,3000.0,2500.7103382482182
2762,3000.0,2525.2027697985945
2763,3000.0,2601.0062635052195
2764,3000.0,2701.3074157842916
2765,3000.0,2754.705627853339
2766,3000.0,2756.9387859159774
2767,2950.0,2820.3390789512264
2768,2940.0,2884.5330081708644
2769,2930.0,2894.5321271578932
2770,2930.0,2913.066450484038
2771,2910.0,2936.2618836246247
2772,2910.0,2958.6432951947468
2773,2910.0,2926.260499594699
2774,2910.0,2934.2693428113043
2775,2910.0,2962.7228116867973
2776,2900.0,2968.700956828966
2777,2900.0,2956.122476684155
2778,2900.0,2946.9978384895417
2779,2900.0,2950.9966846076354
2780,2900.0,2948.762132672445
2781,2910.0,2945.8592188484913
2782,2910.0,2937.8080367531143
2783,2910.0,2928.745251653003
2784,2910.0,2928.0049310937343
2785,2910.0,2929.6988347127535
2786,2910.0,2927.567080878285
2787,3100.0,2928.878540715804
2788,3090.0,2929.4735500615097
2789,3010.0,2938.9902149114196
2790,3020.0,2959.4060919489193
2791,3030.0,3001.9598013280497
2792,3040.0,3004.9230001398846
2793,3030.0,3009.8668918483468
2794,3040.0,3038.592688573719
2795,3060.0,3038.6242249402117
2796,3050.0,3031.123970971078
2797,3070.0,3042.710710795023
2798,3100.0,3044.9891697156067
2799,3080.0,3050.197722974911
2800,3080.0,3036.4753961669794
2801,3050.0,3063.492305143397
2802,3040.0,3085.538664598792
2803,3060.0,3097.8063111644697
2804,3060.0,3093.1394516257506
2805,3070.0,3094.715747248181
2806,3080.0,3095.10550886058
2807,3090.0,3086.9048339339834
2808,3060.0,3084.2373103372765
2809,3050.0,3087.9847366937734
2810,3200.0,3094.5505733507493
2811,3200.0,3097.511855587825
2812,3180.0,3097.4336244908345
2813,3210.0,3120.0533882673767
2814,3190.0,3155.0080529602387
2815,3170.0,3164.9454930868337
2816,3160.0,3164.532384109186
2817,3190.0,3183.666246866831
2818,3180.0,3190.905498200572
2819,3160.0,3179.760964443801
2820,3150.0,3194.786387853939
2821,3130.0,3196.3443888991214
2822,3160.0,3193.6573510866847
2823,3160.0,3180.345519745366
2824,3160.0,3179.752078506281
2825,3160.0,3197.879391047194
2826,3180.0,3197.990203915091
2827,3190.0,3197.1216470810227
2828,3180.0,3199.022889242177
2829,3170.0,3200.3550829339088
2830,3160.0,3199.8281991091903
2831,3300.0,3199.1467696652503
2832,3260.0,3200.5099770212682
2833,3240.0,3209.7943878571737
2834,3260.0,3225.0323768315166
2835,3240.0,3244.5864921636394
2836,3250.0,3241.266113510312
2837,3240.0,3240.259389059511
2838,3270.0,3255.49615839537
2839,3270.0,3263.275709577144
2840,3250.0,3256.9163402919576
2841,3220.0,3267.46098614909
2842,3220.0,3267.233784923087
2843,3220.0,3271.7262361587163
2844,3210.0,3259.033632698697
2845,3230.0,3264.296895455674
2846,3240.0,3270.919358185082
2847,3230.0,3274.224055772197
2848,3230.0,3263.0877110166707
2849,3260.0,3264.630205229711
2850,3260.0,3268.334944239298
2851,3250.0,3257.13831449589
2852,3280.0,3263.528348977224
2853,3350.0,3278.8058890852344
2854,3330.0,3284.0989458680137
2855,3290.0,3288.074793088997
2856,3320.0,3297.86500542727
2857,3290.0,3319.946908632745
2858,3270.0,3318.0120392962704
2859,3260.0,3324.6930446728684
2860,3260.0,3336.4632529714922
2861,3260.0,3337.9550450704473
2862,3280.0,3322.773333700399
2863,3280.0,3319.259380996389
2864,3290.0,3312.8531427466364
2865,3360.0,3301.934939045524
2866,3400.0,3297.632228711058
2867,3350.0,3307.0105517101656
2868,3340.0,3318.952380566775
2869,3340.0,3348.148260810365
2870,3340.0,3354.827175378135
2871,3340.0,3356.6738822756856
2872,3320.0,3369.1141948037625
2873,3330.0,3369.1980013909615
2874,3330.0,3372.8673708845376
2875,3750.0,3363.482775458945
2876,3750.0,3356.231676208511
2877,3620.0,3373.8941322532764
2878,3590.0,3418.712710295607
2879,3590.0,3514.9941083683025
2880,3690.0,3534.739358474141
2881,3720.0,3557.7959270617184
2882,3800.0,3611.417332973181
2883,3780.0,3632.8859322557037
2884,3809.9999999999995,3617.568666779957
2885,3800.0,3660.7970104743354
2886,3800.0,3675.5825135714313
2887,3820.0,3708.810867108436
2888,3900.0,3683.166051425557
2889,3910.0000000000005,3709.307608439214
2890,3890.0,3782.7578968096454
2891,3960.0000000000005,3842.7890256522414
2892,3960.0000000000005,3846.3242349126713
2893,3960.0000000000005,3848.7899954574523
2894,3960.0000000000005,3854.861007358409
2895,4100.0,3901.780499804991
2896,4050.0,3923.834002857216
2897,4050.0,3936.6294044179576
2898,4000.0,3974.27406890243
2899,3950.0,4002.457474970941
2900,3970.0,4021.302631876219
2901,3980.0,4020.167671150618
2902,3960.0000000000005,4028.834073743707
2903,3970.0,4054.8461748440823
2904,3950.0,4025.377618282475
2905,3970.0,4023.19899548344
2906,4000.0,4030.48999433568
2907,3980.0,4022.382186167871
2908,3970.0,4007.1262510844194
2909,3950.0,3995.8522614143667
2910,3930.0,4020.1066892264607
2911,3950.0,4028.6668090374474
2912,3950.0,4034.5942520655312
2913,3960.0000000000005,4020.9315133092045
2914,3960.0000000000005,4004.881070871019
2915,3980.0,3994.422496643983
2916,4010.0,4001.449705115725
2917,3989.9999999999995,3998.4629847045726
2918,3970.0,3989.1853689973586
2919,3939.9999999999995,3995.3403617195836
2920,3950.0,4006.9893031061692
2921,4000.0,4008.6361635265525
2922,3970.0,4025.0650423626516
2923,3950.0,4020.102159140666
2924,4010.0,4017.7792705324823
2925,4040.0000000000005,4010.617553359456
2926,4080.0,4012.8122056928405
2927,4100.0,4019.394768820442
2928,4130.0,4026.607013873485
2929,4090.0000000000005,4040.345718683904
2930,4119.999999999999,4052.38598978951
2931,4119.999999999999,4079.197476798552
2932,4100.0,4102.890173972123
2933,4090.0000000000005,4097.851324696045
2934,4150.0,4102.799572256233
2935,4140.0,4108.2307966557455
2936,4180.0,4123.552940685425
2937,4169.999999999999,4129.737553199384
2938,4200.0,4131.072883104358
2939,4190.0,4146.875564696397
2940,4180.0,4166.33019237511
2941,4190.0,4187.587794200048
2942,4210.0,4199.333958197147
2943,4190.0,4200.473449008542
2944,4130.0,4208.9858286846165
2945,4090.0000000000005,4215.631464545204
2946,4119.999999999999,4230.01657775169
2947,4140.0,4217.110014854914
2948,4110.0,4215.729732560131
2949,4090.0000000000005,4203.833378795537
2950,4060.0,4201.597607221864
2951,4020.0,4194.879838456702
2952,4050.0,4182.877550378143
2953,4020.0,4171.868048024863
2954,4030.0,4155.676824458908
2955,4070.0,4143.702413831392
2956,4030.0,4135.092463076666
2957,4050.0,4132.928824407567
2958,4090.0000000000005,4126.083167835744
2959,4080.0,4110.284319393223
2960,4600.0,4099.14936851025
2961,4600.0,4097.382983518517
2962,4550.0,4129.840351300106
2963,4529.999999999999,4202.619315802601
2964,4540.0,4313.576101040771
2965,4560.0,4351.088696100926
2966,4540.0,4361.97100758382
2967,4560.0,4439.006161924352
2968,4590.0,4478.667759991808
2969,4630.0,4465.86294979134
2970,4609.999999999999,4502.471966969553
2971,4570.0,4501.488241415863
2972,4570.0,4538.339095481877
2973,4570.0,4511.172170972032
2974,4620.0,4532.748969611417
2975,4620.0,4606.269125843526
2976,4620.0,4643.131827826233
2977,4600.0,4631.962030129455
2978,4570.0,4636.015411511153
2979,4570.0,4640.457334866765
2980,4570.0,4644.074085671497
2981,4570.0,4633.779639937478
2982,4700.0,4632.083297041493
2983,4700.0,4634.8964803199015
2984,4650.0,4640.364642342047
2985,4630.0,4651.475548923496
2986,4609.999999999999,4669.663494920428
2987,4640.0,4668.202368017621
2988,4609.999999999999,4663.64440477204
2989,4600.0,4688.724005135015
2990,4600.0,4704.344089422721
2991,4640.0,4697.701589775375
2992,4640.0,4691.165024441995
2993,4609.999999999999,4665.242479653097
2994,4580.0,4678.560234952763
2995,4620.0,4664.691551526854
2996,4609.999999999999,4650.0625106237385
2997,4600.0,4666.886900796514
2998,4680.0,4681.124611980609
2999,4730.0,4677.635052046263
3000,4789.999999999999,4670.3158272748415
3001,4800.0,4668.890244122114
3002,4810.0,4697.061802273932
3003,4810.0,4716.9384248678125
3004,4750.0,4726.46449835745
3005,4640.0,4750.164861830058
3006,4640.0,4781.579961410765
3007,4670.0,4801.993224937229
3008,4700.0,4795.791189016369
3009,4720.0,4769.418074924983
3010,4740.0,4777.776780152181
3011,4720.0,4767.232482763186
3012,4720.0,4763.831085267765
3013,4720.0,4753.6871777693805
3014,4720.0,4755.904480531738
3015,4720.0,4759.702086300113
3016,4720.0,4766.295800408132
3017,4720.0,4763.450209592886
3018,4720.0,4781.443710368791
3019,4680.0,4771.098388286618
3020,4659.999999999999,4757.28476282652
3021,4659.999999999999,4740.2927594793455
3022,4659.999999999999,4744.758378668346
3023,4630.0,4750.356170837843
3024,4670.0,4744.3750637165
3025,4709.999999999999,4742.995478357994
3026,4709.999999999999,4742.990599804062
3027,4670.0,4734.478568596125
3028,4780.0,4733.752709464585
3029,4780.0,4731.381383785213
3030,4760.0,4731.964370980157
3031,4750.0,4756.205208534867
3032,4730.0,4782.695407920635
3033,4760.0,4789.360557996953
3034,4750.0,4766.8599703236205
3035,4810.0,4789.253926746712
3036,4870.0,4794.823841465165
3037,4850.0,4782.34763671887
3038,4839.999999999999,4780.981990085886
3039,4870.0,4803.484320099908
3040,4920.0,4841.981686118168
3041,4910.0,4837.108010739521
3042,4970.0,4840.393019876837
3043,4940.0,4876.558785583462
3044,4930.0,4902.886598816903
3045,4960.0,4914.525434627484
3046,4940.0,4937.690551040061
3047,4950.0,4941.13690092529
3048,4910.0,4934.465826890627
3049,4960.0,4949.918298003933
3050,4940.0,4972.08191698778
3051,4960.0,4976.154812585208
3052,4980.0,4978.154322761289
3053,4910.0,4977.152825332558
3054,4830.0,4982.518189253981
3055,4820.0,4984.979071244829
3056,4860.0,4998.0236275242705
3057,4800.0,4997.563649582055
3058,4770.0,4978.92269500567
3059,4750.0,4955.96108398571
3060,4709.999999999999,4966.020662194688
3061,4709.999999999999,4943.058005770313
3062,4750.0,4912.807486706941
3063,4770.0,4878.203903663155
3064,4770.0,4866.598520793825
3065,4800.0,4840.440063075473
3066,4789.999999999999,4838.645103696422
3067,4839.999999999999,4845.011268110299
3068,4860.0,4836.197463494818
3069,4850.0,4826.028814758633
3070,4850.0,4831.701876045947
3071,4810.0,4846.880451202754
3072,4780.0,4860.923368697683
3073,4690.0,4858.9736894653415
3074,4609.999999999999,4871.150908549198
3075,4640.0,4865.656262948561
3076,4640.0,4852.315508751784
3077,4620.0,4844.299696172419
3078,4620.0,4823.578735280064
3079,4529.999999999999,4796.751915672949
3080,4570.0,4772.93237609713
3081,4580.0,4745.943518805825
3082,4550.0,4735.4417345296715
3083,4550.0,4720.310899507776
3084,4580.0,4703.421694261325
3085,4590.0,4685.9603043322095
3086,4600.0,4684.084151876995
3087,4570.0,4683.8259369867055
3088,4550.0,4665.980186701331
3089,4570.0,4630.094937845829
3090,4609.999999999999,4623.781392120795
3091,4630.0,4642.917868389476
3092,4600.0,4646.409867600789
3093,4609.999999999999,4640.019310417248
3094,4609.999999999999,4639.019206861069
3095,4520.0,4642.080150985625
3096,4450.0,4651.2556655283925
3097,4470.0,4654.008215350781
3098,4490.0,4651.149382746289
3099,4520.0,4634.842119290367
3100,4470.0,4618.129238921764
3101,4500.0,4605.139740608133
3102,4490.0,4604.529921366561
3103,4510.0,4572.403598316112
3104,4540.0,4564.550171889074
3105,4540.0,4559.882789648147
3106,4550.0,4554.354342638121
3107,4560.0,4551.68925831838
3108,4580.0,4567.808697447898
3109,4630.0,4584.917437621316
3110,4620.0,4582.979954773806
3111,4650.0,4569.985229438105
3112,4650.0,4578.942602926459
3113,4609.999999999999,4605.751650658534
3114,4550.0,4621.39996086542
3115,4520.0,4621.000964847363
3116,4500.0,4637.146190619096
3117,4520.0,4643.30327415015
3118,4600.0,4646.869148606727
3119,4650.0,4637.842429958903
3120,4700.0,4626.683434774404
3121,4690.0,4629.588265173117
3122,4680.0,4638.7975811252745
3123,4690.0,4637.032938474234
3124,4980.0,4647.836844626068
3125,5575.0,4670.113018818502
3126,5875.0,4709.862082388606
3127,5750.0,4765.837216338469
3128,5750.0,4923.639967246095
3129,5650.0,5109.508690459712
3130,5825.0,5214.319891615384
3131,5950.0,5302.663882439774
3132,6000.0,5460.916505713611
3133,5950.0,5553.681511805331
3134,6125.0,5602.799838202955
3135,6050.0,5680.422161356086
3136,5250.0,5737.337113874247
3137,4980.0,5804.426290618802
3138,5050.0,5851.434642440585
3139,5050.0,5900.798638875527
3140,4839.999999999999,5876.424338023946
3141,4709.999999999999,5882.063946370008
3142,4620.0,5762.248055658411
3143,4670.0,5684.534085384975
3144,4780.0,5457.470852764658
3145,4839.999999999999,5277.133364306172
3146,4800.0,5098.992618989899
3147,4690.0,5010.325598201545
3148,4240.0,5061.0514081199535
3149,4200.0,5040.839210709139
3150,4200.0,5112.738641631217
3151,4030.0,5001.056345729645
3152,4030.0,4835.168088615044
3153,4030.0,4727.476449830322
3154,4590.0,4667.849021325646
3155,4690.0,4619.593850505952
3156,5075.0,4498.189642021163
3157,5075.0,4421.924253797564
3158,5075.0,4468.346133743023
3159,4810.0,4496.78461848858
3160,4870.0,4723.500079907131
3161,4880.0,4791.630479448154
3162,4889.999999999999,4834.748881444981
3163,4870.0,4828.049929959273
3164,4520.0,4805.07438021379
3165,4720.0,4830.547052636478
3166,4830.0,4840.726155416804
3167,4990.0,4808.801246950144
3168,5125.0,4785.252815585721
3169,5125.0,4814.299377232161
3170,4800.0,4868.85729126461
3171,4870.0,4980.2761452538225
3172,4950.0,5103.500402823603
3173,5200.0,5099.925119727298
3174,5350.0,4955.8805878458215
3175,5475.0,4985.173516465857
3176,5250.0,5077.953855155651
3177,4600.0,5186.100244860518
3178,5050.0,5205.434302563467
3179,4690.0,5216.764395603745
3180,4650.0,5181.774361394871
3181,4780.0,5187.950610673517
3182,4960.0,5262.8426859650945
3183,4960.0,5240.2981913063695
3184,5100.0,5143.692369397158
3185,4960.0,5089.648445868319
3186,4950.0,5087.746855239027
3187,4850.0,4889.576161348135
3188,4800.0,4968.879494799179
3189,4830.0,5098.246548706353
3190,4800.0,5088.579694088947
3191,4789.999999999999,5065.095729330062
3192,4789.999999999999,4989.646453485756
3193,4930.0,4939.633260909643
3194,4930.0,4929.477853962702
3195,4980.0,4870.354310385635
3196,4950.0,4873.44731357889
3197,4889.999999999999,4938.995215748889
3198,4920.0,4938.625142586288
3199,4920.0,4966.253787379038
3200,4889.999999999999,4996.611983097065
3201,4900.0,4987.944535099561
3202,4860.0,4972.499381817153
3203,4830.0,4960.749733138674
3204,4780.0,4961.165804095495
3205,4780.0,4960.597801030488
3206,4709.999999999999,4934.685361817593
3207,4630.0,4922.939197820494
3208,4160.0,4918.795214722905
3209,4180.0,4915.460026173711
3210,4090.0000000000005,4914.2414330949805
3211,4160.0,4884.97986660737
3212,4050.0,4806.244884689471
3213,3989.9999999999995,4722.117358335383
3214,3890.0,4615.355781011093
3215,3870.0,4574.100638148374
3216,3690.0,4487.256105721976
3217,3610.0,4384.103264435243
3218,3660.0,4233.719400186518
3219,3100.0,4119.567859058784
3220,3300.0,4182.976515329346
3221,3030.0,4102.303353627662
3222,2880.0,4074.171869311719
3223,3330.0,3979.52966536037
3224,3330.0,3843.8243244903624
3225,3000.0,3728.545488936065
3226,3060.0,3724.0962477495523
3227,2510.0,3749.053187327938
3228,2890.0,3542.625192438018
3229,2420.0,3359.6872604993982
3230,2410.0,3341.821299062017
3231,2489.9999999999995,3375.5734002104978
3232,2550.0,3178.807032915913
3233,2440.0,3123.754816829652
3234,2440.0,2988.540816034283
3235,2470.0,2862.812640658607
3236,2470.0,2776.674104679882
3237,2460.0,2590.456913328224
3238,2410.0,2588.07530783878
3239,2440.0,2685.047021292936
3240,2470.0,2614.7134319491465
3241,2990.0,2589.020353429148
3242,2830.0,2502.6554873947653
3243,2160.0,2514.486677617546
3244,2160.0,2582.188287114709
3245,2100.0,2701.721221698216
3246,1990.0,2684.72068088166
3247,1980.0,2671.0812894905825
3248,2270.0,2598.506701551049
3249,2500.0,2607.8766613148437
3250,2080.0,2541.2260317220134
3251,1980.0,2396.057515861285
3252,2000.0,2347.2454929570004
3253,1860.0,2315.457968053762
3254,1860.0,2263.269898711098
3255,1895.0,2258.876151075569
3256,1870.0,2249.013544481618
3257,1885.0,2302.379610364931
3258,2280.0,2191.279169136853
3259,2780.0,2061.338188206326
3260,2260.0,1957.9046558343998
3261,2170.0,1968.8591873389032
3262,2150.0,2142.7852105255656
3263,2200.0,2233.923654465943
3264,2489.9999999999995,2310.3972524020214
3265,2489.9999999999995,2352.5336711858477
3266,2480.0,2345.9988481931573
3267,2480.0,2403.406534658509
3268,2480.0,2343.1884526598537
3269,2480.0,2312.182019088035
3270,2480.0,2326.9162102518044
3271,2480.0,2322.3711403273305
3272,2180.0,2330.4557753639597
3273,2120.0,2368.756779586433
3274,2210.0,2496.482374329362
3275,2200.0,2521.9776971810215
3276,2190.0,2414.034638634702
3277,2140.0,2356.5793862685077
3278,2170.0,2341.314042545329
3279,2140.0,2371.886197700114
3280,1980.0,2343.5088691127826
3281,2050.0,2303.9593906687414
3282,2020.0,2258.0007991128086
3283,1995.0,2210.213969470642
3284,1995.0,2233.8653731698555
3285,2300.0,2224.459782538946
3286,1910.0,2219.3329450580122
3287,1915.0,2147.2873317520257
3288,1890.0,2130.8223864636393
3289,1900.0,2202.968010125244
3290,1910.0,2144.178386141455
3291,2060.0,2120.711670555403
3292,2060.0,2082.2209254317663
3293,1980.0,2148.1203448360134
3294,1940.0,2047.837574251223
3295,1945.0,2024.6373496737383
3296,1805.0,1991.5016886614526
3297,1800.0,1989.5188178389626
3298,1755.0,2006.2324822608757
3299,1900.0,1972.44475024528
3300,2010.0,1997.5932601825539
3301,2010.0,2003.058808693664
3302,1815.0,1917.1101878501713
3303,1805.0,1951.2455168334632
3304,1805.0,1939.195575737027
3305,1800.0,1944.8771744937226
3306,1800.0,1934.1841683268194
3307,1805.0,1962.3185275049009
3308,1930.0,1941.1945632109014
3309,1975.0,1926.6677105892668
3310,1795.0,1900.343817622379
3311,1700.0,1896.3696256250514
3312,1690.0,1882.6920769728583
3313,1690.0,1850.0497597270046
3314,1860.0,1891.6707070176326
3315,1795.0,1876.115873388776
3316,1790.0,1891.5221724737926
3317,1705.0,1881.6206245654157
3318,1705.0,1852.5963648798108
3319,1620.0,1824.4921481956699
3320,1605.0,1809.0521348182979
3321,1560.0,1780.4371509608227
3322,1545.0,1787.6356315224125
3323,1555.0,1761.4688105687471
3324,1510.0,1769.0837105552964
3325,1510.0,1722.4649461118443
3326,1505.0,1659.8041895825536
3327,1455.0,1626.8238582427994
3328,1265.0,1598.1088640297064
3329,1200.0,1587.130636691816
3330,1195.0,1583.1047407345068
3331,1235.0,1576.0555352115505
3332,1435.0,1533.5004755183852
3333,1385.0,1481.9839913947612
3334,1420.0,1446.4962140092134
3335,1500.0,1432.4175785301345
3336,1465.0,1440.1819713479035
3337,1545.0,1422.6059789598894
3338,1570.0,1409.1138153571342
3339,1685.0,1426.0715381512282
3340,1685.0,1481.9244469016735
3341,1565.0,1483.9469124163484
3342,1560.0,1547.378349791435
3343,1650.0,1558.1467557517071
3344,1625.0,1546.444455181484
3345,1620.0,1536.129275593252
3346,1700.0,1559.1449862916438
3347,1670.0,1606.2580527889077
3348,1675.0,1618.5605461683895
3349,1640.0,1633.766737425136
3350,1595.0,1643.008548031166
3351,1740.0,1635.3230832466634
3352,2000.0,1633.8456654584024
3353,1605.0,1655.560109012313
3354,1625.0,1690.9849443404273
3355,1650.0,1750.191684685452
3356,1665.0,1795.736034742288
3357,1965.0,1761.679285324124
3358,1770.0,1773.4687464873746
3359,1760.0,1763.5598807480987
3360,1755.0,1879.081163009439
3361,1750.0,1811.3464490391623
3362,1735.0,1799.3551377069512
