,y_actual,y_predict
0,89.9139633178711,100.62205283657752
1,89.9139633178711,93.32052994095028
2,89.9139633178711,96.54471009381425
3,89.9139633178711,95.65649170563722
4,89.9139633178711,91.17940286883224
5,89.9139633178711,91.82344139191858
6,86.58380889892578,90.8874786166192
7,89.9139633178711,89.11947113303418
8,86.58380889892578,88.49544461166907
9,86.58380889892578,89.36138976302806
10,89.9139633178711,88.08698578313313
11,86.58380889892578,90.00321500244922
12,86.58380889892578,89.30901704683117
13,86.58380889892578,88.75031825557011
14,86.58380889892578,88.41930017641505
15,86.58380889892578,87.98614310963411
16,86.58380889892578,87.32981601626695
17,86.58380889892578,87.29755892564782
18,89.9139633178711,90.59163677307704
19,89.9139633178711,91.55264624723702
20,86.58380889892578,90.56122317118408
21,89.9139633178711,90.97912863493939
22,86.58380889892578,89.87244047639813
23,86.58380889892578,90.5486409999764
24,86.58380889892578,90.3324657868903
25,86.58380889892578,89.65260368386375
26,86.58380889892578,89.24964423434932
27,86.58380889892578,89.0342955739071
28,86.58380889892578,88.05623469256231
29,86.58380889892578,87.78552935522308
30,86.58380889892578,88.65023833492882
31,83.25367736816406,89.28910419891777
32,79.92352294921875,87.59526457631938
33,83.25367736816406,86.81727210344262
34,83.25367736816406,86.71260550645343
35,79.92352294921875,84.46238460966778
36,86.58380889892578,82.92258611667305
37,83.25367736816406,82.96643241813341
38,86.58380889892578,82.54226380657873
39,89.9139633178711,82.8860007997953
40,89.9139633178711,83.76219780469413
41,89.9139633178711,84.14472181696375
42,93.2441177368164,90.51500042928053
43,93.2441177368164,88.1888772926075
44,89.9139633178711,89.13126840432462
45,89.9139633178711,88.54942207535402
46,89.9139633178711,89.06042666594873
47,89.9139633178711,93.1255655661727
48,89.9139633178711,92.99252284597166
49,89.9139633178711,92.49949773102786
50,89.9139633178711,93.45186408662268
51,89.9139633178711,91.9724787083558
52,89.9139633178711,91.2370685290737
53,86.58380889892578,90.664358979673
54,83.25367736816406,91.34511814020269
55,79.92352294921875,90.60329405056915
56,79.92352294921875,88.56876885255309
57,83.25367736816406,85.02278405128021
58,83.25367736816406,83.25300886661313
59,83.25367736816406,82.13872568893996
60,83.25367736816406,81.69159809445782
61,83.25367736816406,82.04400616944199
62,83.25367736816406,83.43004717774234
63,83.25367736816406,83.40770831248182
64,79.92352294921875,83.16207507200723
65,76.5933837890625,83.2728445045942
66,76.5933837890625,82.66901894610048
67,76.5933837890625,82.1962909762694
68,79.92352294921875,81.84833506980362
69,79.92352294921875,81.41503292962355
70,76.5933837890625,80.88429348032784
71,76.5933837890625,80.16699126519914
72,76.5933837890625,79.51970464217052
73,79.92352294921875,78.74450229242696
74,79.92352294921875,78.25627381913054
75,76.5933837890625,77.98793435666481
76,79.92352294921875,78.12474385484688
77,79.92352294921875,78.37817611122193
78,83.25367736816406,78.60460439695208
79,89.9139633178711,78.70155243891764
80,93.2441177368164,79.20651921280493
81,96.5742645263672,83.09720978876096
82,99.90440368652344,86.12339538177982
83,99.90440368652344,89.31275888397224
84,103.23455047607422,92.97379801509582
85,96.5742645263672,94.1813388539497
86,96.5742645263672,98.1985578160473
87,96.5742645263672,100.68511465835202
88,96.5742645263672,103.104459441836
89,96.5742645263672,104.58990539342194
90,96.5742645263672,103.20796463889586
91,96.5742645263672,97.07844650758817
92,99.90440368652344,98.01039599187916
93,99.90440368652344,95.77718423999958
94,99.90440368652344,96.53710776005717
95,99.90440368652344,96.58333944205815
96,99.90440368652344,97.51827207431316
97,103.23455047607422,98.11498984898473
98,99.90440368652344,97.87677851484642
99,103.23455047607422,98.75136101942363
100,103.23455047607422,99.46030952624335
101,103.23455047607422,100.69847685306016
102,99.90440368652344,101.29882308818271
103,99.90440368652344,102.57629880427979
104,99.90440368652344,102.56221002347169
105,99.90440368652344,102.49523975364956
106,99.90440368652344,102.30746519824721
107,99.90440368652344,102.31400691135504
108,99.90440368652344,102.70015085034629
109,113.22499084472656,102.12231659327988
110,113.22499084472656,99.09905075480691
111,113.22499084472656,99.51338932287307
112,113.22499084472656,100.09193025400424
113,99.90440368652344,101.95585360467012
114,96.5742645263672,101.42846669190936
115,96.5742645263672,102.30169395899031
116,96.5742645263672,103.11139289375835
117,96.5742645263672,103.368181750349
118,96.5742645263672,103.4613717004509
119,96.5742645263672,103.47045483943624
120,96.5742645263672,102.56706043269365
121,96.5742645263672,101.01616809152873
122,96.5742645263672,99.18958061955637
123,79.92352294921875,97.28843923693576
124,79.92352294921875,91.5269081131141
125,79.92352294921875,86.30802342925608
126,93.2441177368164,81.71204328453616
127,93.2441177368164,89.67610212039729
128,93.2441177368164,93.09850302773044
129,93.2441177368164,94.70870443238705
130,76.5933837890625,95.29044591839694
131,76.5933837890625,88.82822673459361
132,79.92352294921875,83.61342320521082
133,86.58380889892578,81.50588626335261
134,93.2441177368164,81.4640043451177
135,86.58380889892578,88.14828721845072
136,86.58380889892578,88.76717724747623
137,86.58380889892578,89.59496768849104
138,79.92352294921875,89.72703019812366
139,79.92352294921875,85.93046970478754
140,83.25367736816406,83.88626360036274
141,86.58380889892578,82.56721236755166
142,86.58380889892578,86.24293830088675
143,86.58380889892578,87.3855953159514
144,86.58380889892578,87.59369071280425
145,86.58380889892578,87.99992386344906
146,86.58380889892578,92.8929683592382
147,86.58380889892578,90.77393673790984
148,86.58380889892578,89.54844646924386
149,86.58380889892578,88.4687974321851
150,96.5742645263672,87.97601397924986
151,96.5742645263672,90.35722335487274
152,96.5742645263672,90.54263122266545
153,99.90440368652344,91.67846714657769
154,99.90440368652344,93.82732846968585
155,99.90440368652344,94.42386276917615
156,99.90440368652344,95.41083692765518
157,99.90440368652344,96.22073864008757
158,99.90440368652344,96.54962064550979
159,99.90440368652344,98.75812379675872
160,99.90440368652344,99.88406567421222
161,99.90440368652344,99.54434237837211
162,99.90440368652344,100.32806829827572
163,103.23455047607422,101.8556651837555
164,99.90440368652344,102.52218276908474
165,99.90440368652344,102.15875968133494
166,99.90440368652344,102.3685992099221
167,96.5742645263672,102.6073851485041
168,96.5742645263672,102.06288607653282
169,96.5742645263672,101.36145253433622
170,96.5742645263672,95.63994460122088
171,96.5742645263672,96.51731438435483
172,96.5742645263672,97.60910915331962
173,99.90440368652344,97.55986425211783
174,99.90440368652344,97.01450977537007
175,103.23455047607422,96.753864079476
176,103.23455047607422,95.48029843689885
177,103.23455047607422,96.26533001739482
178,103.23455047607422,97.41379931489091
179,103.23455047607422,98.43136161034676
180,99.90440368652344,99.43274883134961
181,96.5742645263672,99.2987611530098
182,96.5742645263672,99.82073077309816
183,96.5742645263672,100.56343424322402
184,99.90440368652344,100.7751333120759
185,99.90440368652344,101.01503595010007
186,99.90440368652344,100.82860240931171
187,99.90440368652344,100.59112985231528
188,99.90440368652344,100.28617825267952
189,99.90440368652344,99.94704703510988
190,93.2441177368164,99.58055464936633
191,93.2441177368164,98.22116203965416
192,99.90440368652344,97.90154217834984
193,99.90440368652344,98.17129742715348
194,99.90440368652344,98.44430809052457
195,99.90440368652344,98.37894175545435
196,93.2441177368164,98.32433035758825
197,99.90440368652344,96.87788192371298
198,106.564697265625,97.0796042502049
199,89.9139633178711,97.79556666982381
200,93.2441177368164,96.6653217609317
201,93.2441177368164,96.9795531816962
202,93.2441177368164,96.91247847528139
203,93.2441177368164,96.6886489133259
204,93.2441177368164,96.97376203040413
205,93.2441177368164,96.82934207110368
206,93.2441177368164,96.50777042398394
207,93.2441177368164,96.7954363452455
208,93.2441177368164,96.1269265404784
209,93.2441177368164,95.06586173094504
210,93.2441177368164,95.1094491759481
211,93.2441177368164,94.95798441987554
212,93.2441177368164,94.58444297049522
213,86.58380889892578,94.1853171973045
214,96.5742645263672,92.04832593616639
215,96.5742645263672,92.77780418301997
216,96.5742645263672,93.35743004069026
217,96.5742645263672,93.37347035333374
218,96.5742645263672,94.21106630336517
219,96.5742645263672,94.79940842585229
220,96.5742645263672,95.40805493188327
221,99.90440368652344,95.94655276027297
222,99.90440368652344,97.04011421439965
223,103.23455047607422,98.06477535358023
224,103.23455047607422,99.71120889047025
225,103.23455047607422,99.7427016027594
226,103.23455047607422,100.7741807853319
227,99.90440368652344,101.58837252542482
228,99.90440368652344,102.01799053272904
229,96.5742645263672,102.95736476793277
230,96.5742645263672,103.85292602385746
231,96.5742645263672,104.06191624318909
232,96.5742645263672,103.8801087964509
233,96.5742645263672,103.10221385190968
234,96.5742645263672,102.55048549206487
235,96.5742645263672,101.81270801562103
236,96.5742645263672,100.85576730171029
237,96.5742645263672,100.0824123011895
238,96.5742645263672,98.80349316572612
239,96.5742645263672,95.7710188237198
240,99.90440368652344,95.79908158635764
241,99.90440368652344,96.15245458231179
242,96.5742645263672,96.48601957331326
243,96.5742645263672,98.19823556617187
244,96.5742645263672,98.05086659382488
245,96.5742645263672,98.4284690824612
246,96.5742645263672,98.65791871475345
247,96.5742645263672,98.7500703944497
248,96.5742645263672,99.07594873032063
249,96.5742645263672,99.31053566768861
250,96.5742645263672,100.28126770098397
251,96.5742645263672,98.62834487246649
252,96.5742645263672,97.18386529186537
253,96.5742645263672,96.47518173702392
254,96.5742645263672,97.18051559990687
255,93.2441177368164,97.625374441483
256,96.5742645263672,98.22947998757341
257,96.5742645263672,97.9883964439528
258,96.5742645263672,97.54362578424673
259,96.5742645263672,97.30545264870652
260,96.5742645263672,97.80581486605107
261,96.5742645263672,97.80840871340895
262,96.5742645263672,97.3453283278053
263,96.5742645263672,97.43993894066189
264,89.9139633178711,97.48448988434669
265,93.2441177368164,96.71620798274739
266,93.2441177368164,96.4497199331851
267,93.2441177368164,95.05785953101217
268,93.2441177368164,95.18175058841291
269,93.2441177368164,94.63496203876431
270,93.2441177368164,94.39030022114872
271,93.2441177368164,94.47959289832475
272,93.2441177368164,94.21281957838093
273,93.2441177368164,93.3311388904271
274,93.2441177368164,93.51941602153364
275,93.2441177368164,94.0333790224364
276,93.2441177368164,93.88483564638202
277,93.2441177368164,94.17334843869071
278,93.2441177368164,94.31233850790872
279,93.2441177368164,94.37848242827101
280,93.2441177368164,93.95769581493599
281,93.2441177368164,93.96317731376264
282,93.2441177368164,93.94314600955833
283,96.5742645263672,93.64164168101264
284,96.5742645263672,93.16030444815581
285,89.9139633178711,94.02726724674119
286,89.9139633178711,94.20977892933576
287,89.9139633178711,94.01959562722905
288,89.9139633178711,94.09749394705094
289,89.9139633178711,94.01963016851457
290,93.2441177368164,93.89524862485956
291,93.2441177368164,93.73279791133803
292,93.2441177368164,93.63360991780304
293,93.2441177368164,93.59067967155286
294,93.2441177368164,93.0821965948005
295,93.2441177368164,92.32301921730597
296,93.2441177368164,92.51235067035674
297,93.2441177368164,92.63085476030192
298,93.2441177368164,92.77366532427955
299,86.58380889892578,92.91790980876999
300,86.58380889892578,91.86778082102562
301,86.58380889892578,91.06259988640252
302,86.58380889892578,90.60684692656007
303,86.58380889892578,90.23515953147557
304,86.58380889892578,89.94633058481243
305,86.58380889892578,91.12907438718555
306,89.9139633178711,90.41978900124006
307,89.9139633178711,90.51325690709832
308,89.9139633178711,90.18567995271634
309,89.9139633178711,89.61498578573323
310,89.9139633178711,89.7857511962295
311,89.9139633178711,90.01603286713451
312,89.9139633178711,90.33114305883923
313,89.9139633178711,90.72196774838538
314,89.9139633178711,91.15711744097226
315,89.9139633178711,91.62605948272724
316,89.9139633178711,92.01013577020856
317,89.9139633178711,92.02531768111108
318,89.9139633178711,92.01602251958789
319,96.5742645263672,92.01012185210234
320,96.5742645263672,91.25966767307973
321,96.5742645263672,91.27678836601962
322,96.5742645263672,91.49994579519584
323,96.5742645263672,91.96850605415389
324,96.5742645263672,92.48256686277027
325,96.5742645263672,93.12090498163302
326,96.5742645263672,93.8311623491936
327,96.5742645263672,94.66847500988783
328,96.5742645263672,95.49165865933554
329,96.5742645263672,96.27660185477741
330,96.5742645263672,96.2925757770383
331,96.5742645263672,96.29257211972572
332,96.5742645263672,96.28091910909829
333,96.5742645263672,96.37648102959469
334,96.5742645263672,96.46729616472565
335,96.5742645263672,96.52640524433342
336,96.5742645263672,96.56457052024727
337,96.5742645263672,96.58916025821895
338,96.5742645263672,96.60501511463684
339,96.5742645263672,96.61515806153531
340,96.5742645263672,96.62149699697878
341,96.5742645263672,96.62514089941622
342,96.5742645263672,96.29266639711676
343,96.5742645263672,96.29266639711676
344,96.5742645263672,96.29266639711676
345,96.5742645263672,96.29266639711676
346,96.5742645263672,96.29266639711676
347,96.5742645263672,96.29266639711676
348,96.5742645263672,96.29266639711676
349,96.5742645263672,96.29266639711676
350,96.5742645263672,96.29266639711676
351,96.5742645263672,96.29266639711676
352,96.5742645263672,96.29266639711676
353,86.58380889892578,96.29266639711676
354,86.58380889892578,93.21396154141765
355,86.58380889892578,91.18887693389598
356,86.58380889892578,90.0324598897877
357,86.58380889892578,89.64139442716314
358,86.58380889892578,89.58591583984666
359,86.58380889892578,89.63551306216067
360,86.58380889892578,89.55215803196408
361,86.58380889892578,89.18801811094792
362,96.5742645263672,88.49484765698182
363,99.90440368652344,91.47892884525027
364,103.23455047607422,92.61953319362738
365,99.90440368652344,94.46058117159514
366,99.90440368652344,96.23232419361622
367,99.90440368652344,97.04849189842444
368,99.90440368652344,97.76700224580992
369,99.90440368652344,98.34656559899224
370,103.23455047607422,99.24511894297837
371,106.564697265625,101.10294067715064
372,106.564697265625,99.84838737085519
373,106.564697265625,100.2753355399734
374,106.564697265625,100.75799026889246
375,106.564697265625,101.12161816614692
376,93.2441177368164,101.87864854876686
377,93.2441177368164,101.75945185525119
378,93.2441177368164,101.57698202856729
379,93.2441177368164,101.25244104999774
380,93.2441177368164,100.84422807414103
381,93.2441177368164,99.52146548179374
382,93.2441177368164,99.00309668912796
383,93.2441177368164,97.49437641299623
384,93.2441177368164,95.98941605738446
385,93.2441177368164,94.4116918424501
386,93.2441177368164,93.12107961830888
387,93.2441177368164,93.1343895947207
388,93.2441177368164,93.1343895947207
389,93.2441177368164,93.1343895947207
390,93.2441177368164,93.1343895947207
391,93.2441177368164,93.1343895947207
392,93.2441177368164,93.1343895947207
393,93.2441177368164,93.1343895947207
394,93.2441177368164,93.1343895947207
395,93.2441177368164,93.1343895947207
396,93.2441177368164,93.1343895947207
397,93.2441177368164,93.1343895947207
398,93.2441177368164,93.1343895947207
399,93.2441177368164,93.1343895947207
400,93.2441177368164,93.1343895947207
401,93.2441177368164,93.1343895947207
402,93.2441177368164,93.1343895947207
403,93.2441177368164,93.1343895947207
404,93.2441177368164,93.1343895947207
405,103.23455047607422,93.1343895947207
406,103.23455047607422,92.21403495962784
407,99.90440368652344,92.79842701943767
408,103.23455047607422,94.13896136985971
409,103.23455047607422,95.63316191185059
410,103.23455047607422,97.03208885148709
411,103.23455047607422,98.26766029910567
412,103.23455047607422,99.56913489400813
413,103.23455047607422,100.82893644386101
414,103.23455047607422,101.97882965505632
415,103.23455047607422,103.18475208229594
416,103.23455047607422,102.97958741192673
417,103.23455047607422,102.97080579804549
418,103.23455047607422,103.35901246133389
419,103.23455047607422,103.35866054658973
420,103.23455047607422,103.3581639648145
421,103.23455047607422,103.357772226
422,103.23455047607422,103.35744550607586
423,103.23455047607422,103.357145606444
424,103.23455047607422,103.3804556913795
425,103.23455047607422,103.3835692834923
426,96.5742645263672,103.3835692834923
427,96.5742645263672,102.70067262694155
428,96.5742645263672,102.190170307275
429,96.5742645263672,101.6360086154579
430,96.5742645263672,101.01270908656079
431,96.5742645263672,100.31624461306107
432,96.5742645263672,99.58637058911036
433,96.5742645263672,98.82197600441934
434,96.5742645263672,98.0135961403898
435,96.5742645263672,97.21327211687768
436,96.5742645263672,96.42351041210695
437,96.5742645263672,96.29266639711676
438,96.5742645263672,96.29266639711676
439,96.5742645263672,96.29266639711676
440,96.5742645263672,96.29266639711676
441,96.5742645263672,96.29266639711676
442,96.5742645263672,96.29107058972612
443,96.5742645263672,96.2832573509434
444,96.5742645263672,96.28118893749335
445,96.5742645263672,96.27917416462786
446,96.5742645263672,96.27787216134811
447,96.5742645263672,96.27703057308582
448,116.55513763427734,96.27340617631549
449,119.88529205322266,98.27428856861131
450,123.21543884277344,100.59425644820618
451,123.21543884277344,103.50332920314587
452,123.21543884277344,106.40747433893127
453,116.55513763427734,109.19469681689185
454,106.564697265625,111.24815754762537
455,106.564697265625,112.40428281946309
456,106.564697265625,113.61306201419856
457,106.564697265625,114.7980751790298
458,106.564697265625,116.02873485584863
459,106.564697265625,114.24999681714338
460,106.564697265625,112.94244092415056
461,99.90440368652344,111.29083107085059
462,99.90440368652344,108.96120747966701
463,99.90440368652344,106.63321586263183
464,99.90440368652344,104.91335080368869
465,99.90440368652344,104.25950133641285
466,99.90440368652344,103.57630803117476
467,99.90440368652344,102.8746891851406
468,99.90440368652344,102.15893685781121
469,99.90440368652344,101.43149088304791
470,99.90440368652344,100.67436459756468
471,99.90440368652344,99.84798262826261
472,99.90440368652344,99.9023676791166
473,99.90440368652344,99.90062517285455
474,99.90440368652344,99.8999091523243
475,99.90440368652344,99.89939794129873
476,99.90440368652344,99.89686545551862
477,96.5742645263672,99.89452071178448
478,99.90440368652344,99.61664257173273
479,99.90440368652344,99.59400055589583
480,99.90440368652344,99.54938946973745
481,99.90440368652344,99.52083073487645
482,99.90440368652344,99.51032043124738
483,99.90440368652344,99.50110156532836
484,99.90440368652344,99.49370404107597
485,104.3279037475586,99.48463309313256
486,104.3279037475586,99.8453371721605
487,104.3279037475586,100.23353245714307
488,104.3279037475586,101.10611116079254
489,104.3279037475586,101.5602672973242
490,104.3279037475586,102.02976464103978
491,104.3279037475586,102.50828010485034
492,104.3279037475586,102.99415083063455
493,104.3279037475586,103.48500119068535
494,104.3279037475586,103.98040856221527
495,104.3279037475586,104.48829956069716
496,104.3279037475586,104.48812319695702
497,104.3279037475586,104.50350991736421
498,104.3279037475586,104.50350991736421
499,104.3279037475586,104.50350991736421
500,104.3279037475586,104.50350991736421
501,104.3279037475586,104.50350991736421
502,97.37271118164062,104.50350991736421
503,97.37271118164062,103.89437394099912
504,97.37271118164062,103.29589130982193
505,97.37271118164062,102.6513094726329
506,104.3279037475586,101.96678409287826
507,104.3279037475586,101.80553236833204
508,104.3279037475586,101.64534614085184
509,107.80550384521484,101.50906248294567
510,111.2831039428711,102.07495033164186
511,111.2831039428711,103.1120593373847
512,111.2831039428711,103.78894012110351
513,111.2831039428711,105.32307953242726
514,111.2831039428711,106.82149268896232
515,111.2831039428711,108.2974280023587
516,118.23829650878906,109.74900561394841
517,111.2831039428711,111.61749410345475
518,107.80550384521484,112.3081475136272
519,107.80550384521484,112.83077585634867
520,107.80550384521484,112.47842060921292
521,111.2831039428711,111.7428667788199
522,111.2831039428711,111.82863482258551
523,107.80550384521484,111.81808388214995
524,114.76071166992188,111.51621905433474
525,114.76071166992188,111.87738598658852
526,114.76071166992188,112.1754439583723
527,114.76071166992188,110.92030304385509
528,114.76071166992188,111.25731220739013
529,114.76071166992188,111.9604313643197
530,114.76071166992188,112.68307569402882
531,114.76071166992188,113.42038828540647
532,114.76071166992188,113.66065259100837
533,114.76071166992188,114.01804355120365
534,114.76071166992188,114.77133941130768
535,114.76071166992188,114.77505198994808
536,114.76071166992188,114.77980974725125
537,114.76071166992188,114.77991052653134
538,114.76071166992188,114.77940663013094
539,114.76071166992188,114.7790278950945
540,118.23829650878906,114.77873693556008
541,118.23829650878906,115.37186851205942
542,118.23829650878906,115.74429671612612
543,118.23829650878906,116.11273438579606
544,118.23829650878906,116.49039335959341
545,118.23829650878906,116.85585966597323
546,118.23829650878906,117.22262960110506
547,121.71589660644533,117.59112578777635
548,118.23829650878906,118.53661098593918
549,114.76071166992188,118.89086966109065
550,114.76071166992188,118.94639416799843
551,114.76071166992188,118.28109487412762
552,114.76071166992188,117.9585670429513
553,114.76071166992188,117.62763226924952
554,104.3279037475586,117.2913106804802
555,104.3279037475586,116.07842879376207
556,111.2831039428711,114.8558314593497
557,111.2831039428711,114.29940304646692
558,111.2831039428711,112.81110276559352
559,111.2831039428711,112.15669088491595
560,111.2831039428711,111.83603072136565
561,111.2831039428711,111.4856520484973
562,111.2831039428711,111.13047660699155
563,111.2831039428711,110.76680644745832
564,111.2831039428711,110.38721478714459
565,111.2831039428711,110.64576240471987
566,111.2831039428711,111.37928439478868
567,111.2831039428711,111.38059127448523
568,111.2831039428711,111.38059127448523
569,111.2831039428711,111.38059127448523
570,111.2831039428711,111.38059127448523
571,111.2831039428711,111.38059127448523
572,125.1934814453125,111.38059127448523
573,114.76071166992188,112.69436134792562
574,114.76071166992188,112.91636997458254
575,114.76071166992188,113.27450702654485
576,114.76071166992188,113.64558283769176
577,114.76071166992188,114.01597757596198
578,114.76071166992188,114.38935017941138
579,114.76071166992188,114.76525689411312
580,114.76071166992188,115.14538983668923
581,114.76071166992188,115.53325840174767
582,114.76071166992188,115.9395468184493
583,114.76071166992188,114.79929265775206
584,114.76071166992188,114.80160570477715
585,114.76071166992188,114.80160570477715
586,114.76071166992188,114.80160570477715
587,114.76071166992188,114.80160570477715
588,114.76071166992188,114.80160570477715
589,114.76071166992188,114.80160570477715
590,114.76071166992188,114.80160570477715
591,114.76071166992188,114.80160570477715
592,114.76071166992188,114.80160570477715
593,114.76071166992188,114.80160570477715
594,114.76071166992188,114.80160570477715
595,125.1934814453125,114.80160570477715
596,125.1934814453125,116.11649897954877
597,125.1934814453125,117.05927288998296
598,125.1934814453125,118.16479558491426
599,125.1934814453125,119.31282763037258
600,125.1934814453125,120.46685766846798
601,125.1934814453125,121.63254884455208
602,125.1934814453125,122.80984914351261
603,125.1934814453125,123.9833620921088
604,125.1934814453125,125.17232678000256
605,125.1934814453125,126.38212677131692
606,125.1934814453125,125.85420914186346
607,125.1934814453125,125.85420914186346
608,125.1934814453125,125.85420914186346
609,118.23829650878906,125.85420914186346
610,118.23829650878906,125.1497457193754
611,118.23829650878906,124.56890921504593
612,111.2831039428711,123.91959806631826
613,111.2831039428711,122.60808577384613
614,114.76071166992188,121.21565097041356
615,114.76071166992188,120.23740925527991
616,114.76071166992188,119.19271985965553
617,114.76071166992188,118.13846130884022
618,114.76071166992188,117.0908444376767
619,114.76071166992188,116.02521895935162
620,114.76071166992188,115.70240667052991
621,114.76071166992188,114.56277344023574
622,114.76071166992188,114.20461200618954
623,114.76071166992188,114.39875353643183
624,114.76071166992188,114.84038459646891
625,114.76071166992188,114.88810196011497
626,114.76071166992188,114.91349508775083
627,114.76071166992188,114.93213275267675
628,114.76071166992188,114.94266418744522
629,114.76071166992188,115.20553881217494
630,114.76071166992188,115.27189058980238
631,114.76071166992188,115.31636188534648
632,114.76071166992188,115.34547571898403
633,118.23829650878906,115.36639879790664
634,118.23829650878906,115.53582664791747
635,118.23829650878906,115.86042045433545
636,118.23829650878906,116.19487437547878
637,118.23829650878906,116.53991337197509
638,107.80550384521484,116.89216296341398
639,104.3279037475586,115.80489107101089
640,104.3279037475586,114.86039090903724
641,104.3279037475586,113.93746564036219
642,104.3279037475586,112.98936830827856
643,93.89512634277344,112.03021126294217
644,114.76071166992188,109.70997152311193
645,114.76071166992188,109.31841801244148
646,114.76071166992188,108.74201254549105
647,114.76071166992188,108.19511102552043
648,114.76071166992188,107.67409677675252
649,118.23829650878906,108.32533085916303
650,125.1934814453125,109.69867449090931
651,125.1934814453125,111.80036948546734
652,125.1934814453125,113.80296756373293
653,125.1934814453125,115.92503297664538
654,125.1934814453125,119.42036399863568
655,104.3279037475586,120.56145690301875
656,104.3279037475586,119.4934696135008
657,104.3279037475586,118.58786862816612
658,100.8503189086914,117.65390802832222
659,100.8503189086914,116.33332072422604
660,100.8503189086914,114.70162453157559
661,100.8503189086914,112.22579783802304
662,111.2831039428711,109.86513260310228
663,111.2831039428711,108.6620506886359
664,111.2831039428711,107.05704312501204
665,121.71589660644533,105.40059830447657
666,121.71589660644533,107.06770459756125
667,121.71589660644533,108.69478932541186
668,121.71589660644533,110.3485529294555
669,121.71589660644533,112.40346845786114
670,121.71589660644533,114.49431830150468
671,121.71589660644533,116.66215051135192
672,121.71589660644533,118.91827349791134
673,125.1934814453125,119.75957080066539
674,125.1934814453125,121.31794193969567
675,125.1934814453125,122.8670300066527
676,125.1934814453125,123.22345381085364
677,125.1934814453125,123.58866816903327
678,125.1934814453125,123.95939938006119
679,125.1934814453125,124.33369362628163
680,125.1934814453125,124.71031879972202
681,125.1934814453125,125.08862146053409
682,125.1934814453125,125.46886818616835
683,111.2831039428711,125.85388729835611
684,111.2831039428711,124.1670014460833
685,118.23829650878906,122.63642100627146
686,128.67108154296875,122.1677290840604
687,128.67108154296875,122.74002210619463
688,128.67108154296875,123.14632190120206
689,128.67108154296875,123.5385190988872
690,128.67108154296875,123.9215811424747
691,128.67108154296875,124.30731546245659
692,128.67108154296875,124.05095573054241
693,128.67108154296875,124.18123733213086
694,128.67108154296875,126.05472414883475
695,118.23829650878906,128.21219072208402
696,118.23829650878906,128.17824435941935
697,118.23829650878906,126.76885588032155
698,118.23829650878906,125.9386361710151
699,118.23829650878906,125.06042926966758
700,118.23829650878906,124.16838959939281
701,118.23829650878906,123.30810515517709
702,118.23829650878906,121.95364138372338
703,118.23829650878906,120.79184809011724
704,118.23829650878906,119.60241201526826
705,104.3279037475586,118.39336299213772
706,104.3279037475586,116.94426910216032
707,104.3279037475586,115.65038993275783
708,104.3279037475586,114.34393936090137
709,104.3279037475586,113.02197203085699
710,111.2831039428711,111.69326549282525
711,111.2831039428711,110.96686144578021
712,111.2831039428711,110.16954942236471
713,111.2831039428711,109.38426101725176
714,111.2831039428711,108.59158484071997
715,111.2831039428711,107.7748809332502
716,139.1038818359375,108.4924928008443
717,139.1038818359375,111.82844139138666
718,139.1038818359375,115.09488478811836
719,118.23829650878906,118.61133882211917
720,118.23829650878906,120.11777449699034
721,132.148681640625,121.05091585881551
722,118.23829650878906,123.42610468837374
723,121.05094909667967,124.21235212211971
724,121.05094909667967,125.3922109144165
725,121.05094909667967,126.53147841345229
726,121.05094909667967,127.6727777528123
727,135.29225158691406,125.79519799695933
728,135.29225158691406,125.39429151890849
729,135.29225158691406,124.83492425218076
730,128.1715850830078,126.61736836763737
731,128.1715850830078,127.69239395203837
732,128.1715850830078,127.33196173324582
733,128.1715850830078,128.41923687659343
734,128.1715850830078,129.18341039705717
735,128.1715850830078,129.92996054728482
736,128.1715850830078,130.67539237259803
737,128.1715850830078,131.44133440687997
738,128.1715850830078,130.2739494887016
739,128.1715850830078,129.55875144741265
740,128.1715850830078,128.82133320033813
741,128.1715850830078,128.8216030287332
742,128.1715850830078,128.8216030287332
743,128.1715850830078,128.8216030287332
744,128.1715850830078,128.8216030287332
745,128.1715850830078,128.8216030287332
746,128.1715850830078,128.8216030287332
747,128.1715850830078,128.8216030287332
748,128.1715850830078,128.8216030287332
749,128.1715850830078,128.8216030287332
750,128.1715850830078,128.8216030287332
751,128.1715850830078,128.8216030287332
752,128.1715850830078,128.8216030287332
753,106.80966186523438,128.8216030287332
754,106.80966186523438,126.77861846671132
755,106.80966186523438,124.74128729720752
756,106.80966186523438,122.5811029343406
757,106.80966186523438,120.33052280818563
758,106.80966186523438,118.05707228734133
759,106.80966186523438,115.82430246073227
760,106.80966186523438,113.64578764719644
761,106.80966186523438,107.04854678151233
762,106.80966186523438,100.59431902888817
763,106.80966186523438,100.82421444694755
764,106.80966186523438,102.55580485003365
765,106.80966186523438,103.5272350236644
766,106.80966186523438,104.0748997028608
767,106.80966186523438,104.42197947977877
768,106.80966186523438,104.68977765998211
769,99.68901824951172,104.95712883531415
770,99.68901824951172,104.62442310958579
771,99.68901824951172,104.23109051952747
772,99.68901824951172,105.09143754442519
773,99.68901824951172,104.39440821931534
774,99.68901824951172,103.6679570335748
775,99.68901824951172,102.92092167987771
776,99.68901824951172,102.15742029219322
777,99.68901824951172,101.38111424678554
778,99.68901824951172,100.55068485155766
779,99.68901824951172,99.67104753462188
780,106.80966186523438,99.67240724216684
781,106.80966186523438,99.03513068367948
782,106.80966186523438,100.08210508693249
783,106.80966186523438,101.31236896125617
784,106.80966186523438,102.4011175952069
785,106.80966186523438,103.37366771922436
786,106.80966186523438,104.28319665827381
787,106.80966186523438,105.15063236769464
788,106.80966186523438,105.99566094202005
789,106.80966186523438,106.83966871976659
790,106.80966186523438,107.72580955121211
791,106.80966186523438,107.01071066373098
792,106.80966186523438,107.01071066373098
793,106.80966186523438,107.01071066373098
794,106.80966186523438,107.01071066373098
795,106.80966186523438,107.01071066373098
796,106.80966186523438,107.01071066373098
797,106.80966186523438,107.01071066373098
798,106.80966186523438,107.01071066373098
799,106.80966186523438,107.01071066373098
800,106.80966186523438,107.01071066373098
801,106.80966186523438,107.01071066373098
802,106.80966186523438,107.01071066373098
803,106.80966186523438,107.01071066373098
804,106.80966186523438,107.01071066373098
805,106.80966186523438,107.01071066373098
806,106.80966186523438,107.01071066373098
807,106.80966186523438,107.01071066373098
808,106.80966186523438,107.01071066373098
809,106.80966186523438,107.01071066373098
810,106.80966186523438,107.01071066373098
811,106.80966186523438,107.01071066373098
812,106.80966186523438,107.01071066373098
813,106.80966186523438,107.01071066373098
814,106.80966186523438,107.01071066373098
815,106.80966186523438,107.01071066373098
816,106.80966186523438,107.01071066373098
817,106.80966186523438,107.01071066373098
818,106.80966186523438,107.01071066373098
819,106.80966186523438,107.01070903825872
820,106.80966186523438,107.01070903825872
821,106.80966186523438,107.01070741278646
822,106.80966186523438,107.01070741278646
823,106.80966186523438,107.01070741278646
824,106.80966186523438,107.01070741278646
825,106.80966186523438,107.01070578731421
826,106.80966186523438,107.01070578731421
827,106.80966186523438,107.01070578731421
828,110.36998748779295,107.01070578731421
829,110.36998748779295,107.6632402475322
830,113.93030548095705,108.0767425101209
831,99.68901824951172,108.85344842170437
832,99.68901824951172,104.29716434139857
833,103.24934387207033,104.3846049961191
834,106.80966186523438,106.59039604690327
835,110.36998748779295,104.52290261415462
836,110.36998748779295,105.31412318027813
837,103.24934387207033,106.56681044441981
838,103.24934387207033,108.31167851765659
839,103.24934387207033,106.15718574590585
840,103.24934387207033,105.88620732922703
841,103.24934387207033,105.08373280591577
842,103.24934387207033,104.41562063230012
843,103.24934387207033,105.04668991859701
844,103.24934387207033,103.7610844029947
845,103.24934387207033,105.14038295236318
846,103.24934387207033,104.53697432750397
847,103.24934387207033,103.90603589172396
848,103.24934387207033,103.39876013449225
849,103.24934387207033,103.39876013449225
850,103.24934387207033,103.39875850901998
851,103.24934387207033,103.39875932175612
852,103.24934387207033,103.39875932175612
853,103.24934387207033,103.39875769628385
854,103.24934387207033,103.39875850901998
855,103.24934387207033,103.39875850901998
856,103.24934387207033,103.39875769628385
857,103.24934387207033,103.39875769628385
858,103.24934387207033,103.39875932175612
859,103.24934387207033,103.39876013449225
860,103.24934387207033,103.39875932175612
861,106.80966186523438,103.39876013449225
862,106.80966186523438,103.70695780222997
863,106.80966186523438,104.0223481847154
864,106.80966186523438,104.36509932900665
865,106.80966186523438,104.7253836298236
866,106.80966186523438,105.09421954019709
867,106.80966186523438,105.46712969678869
868,106.80966186523438,105.84400275474863
869,106.80966186523438,106.22976308228668
870,106.80966186523438,106.61772348652778
871,106.80966186523438,107.01055949481086
872,106.80966186523438,107.01070416184194
873,106.80966186523438,107.01070578731421
874,106.80966186523438,107.01070578731421
875,106.80966186523438,107.01070578731421
876,106.80966186523438,107.01070578731421
877,106.80966186523438,107.01070416184194
878,106.80966186523438,107.01070578731421
879,106.80966186523438,107.01070578731421
880,106.80966186523438,106.99962981933886
881,106.80966186523438,106.99807749333117
882,106.80966186523438,106.99709895903102
883,106.80966186523438,106.99642113709886
884,106.80966186523438,106.99159998637758
885,93.4584503173828,106.94680522185388
886,97.90885162353516,104.93690470946308
887,97.90885162353516,104.3589265981017
888,97.90885162353516,103.91466552394895
889,97.90885162353516,103.33151109617762
890,97.90885162353516,102.64355271901118
891,97.90885162353516,101.85558553561481
892,97.90885162353516,101.01446053292025
893,97.90885162353516,100.08396300172494
894,102.3592529296875,99.03707352939749
895,102.3592529296875,98.37318230087135
896,97.90885162353516,98.41192502580535
897,89.008056640625,98.51386570581556
898,89.008056640625,96.79279332735177
899,89.008056640625,96.23897501654946
900,89.008056640625,95.85445309568902
901,89.008056640625,95.40874738306577
902,97.90885162353516,94.7995469973624
903,97.90885162353516,94.50605335168294
904,89.008056640625,94.24515225346012
905,89.008056640625,93.25535972926737
906,89.008056640625,92.91191494008741
907,89.008056640625,92.74649273628575
908,89.008056640625,92.84071955990309
909,89.008056640625,92.93313951871613
910,89.008056640625,92.96688254496036
911,89.008056640625,91.54271278307597
912,89.008056640625,91.97006914891531
913,89.008056640625,91.73838469545046
914,89.008056640625,90.80470652141163
915,84.55764770507812,90.68654931740582
916,80.10723876953125,92.10722736169303
917,71.2064437866211,91.23591789789809
918,80.10723876953125,89.15154820260058
919,80.10723876953125,85.88617721119198
920,80.10723876953125,82.4660315958227
921,80.10723876953125,80.71313206415238
922,80.10723876953125,80.58852904990204
923,80.10723876953125,80.8624300657032
924,80.10723876953125,80.96467389628978
925,80.10723876953125,80.82779450280056
926,80.10723876953125,80.1808711728219
927,80.10723876953125,80.09323546143027
928,80.10723876953125,79.89992210930411
929,80.10723876953125,79.89995299327705
930,80.10723876953125,79.89995218054092
931,80.10723876953125,79.90003264141775
932,80.10723876953125,79.90003182868162
933,80.10723876953125,79.90003020320937
934,80.10723876953125,79.90003020320937
935,80.10723876953125,79.90000744659774
936,80.10723876953125,79.8999684352635
937,80.10723876953125,79.89996030790222
938,80.10723876953125,79.89995380601317
939,80.10723876953125,79.89995218054092
940,80.10723876953125,79.89995218054092
941,80.10723876953125,79.89907361278473
942,80.10723876953125,79.89775454204624
943,80.10723876953125,79.89737499427369
944,80.10723876953125,79.89717099750513
945,80.10723876953125,79.89715311731028
946,80.10723876953125,79.89711654418444
947,80.10723876953125,79.89711329323993
948,80.10723876953125,79.89712467154574
949,80.10723876953125,79.89713848805995
950,80.10723876953125,79.8971482408935
951,80.10723876953125,79.9000310159455
952,80.10723876953125,79.9000310159455
953,80.10723876953125,79.9000310159455
954,80.10723876953125,79.9000310159455
955,80.10723876953125,79.8999928173474
956,80.10723876953125,79.89993430034606
957,80.10723876953125,79.89991723288733
958,80.10723876953125,79.89990666731765
959,80.10723876953125,79.89990422910927
960,80.10723876953125,79.89990179090088
961,80.10723876953125,79.89990179090088
962,80.10723876953125,79.899902603637
963,93.4584503173828,79.89990341637314
964,84.55764770507812,92.94039242673344
965,84.55764770507812,87.27639649593503
966,84.55764770507812,85.13162729923984
967,80.10723876953125,83.89095308783102
968,80.10723876953125,82.8953757110512
969,80.10723876953125,82.29525948025335
970,80.10723876953125,81.92751101082138
971,80.10723876953125,81.69323738323139
972,80.10723876953125,81.53215470780015
973,84.55764770507812,81.43131772345404
974,84.55764770507812,82.03931424376532
975,84.55764770507812,82.05858665560854
976,84.55764770507812,82.06888158416325
977,84.55764770507812,82.07891806262873
978,84.55764770507812,82.44505081263489
979,84.55764770507812,82.86014116162099
980,84.55764770507812,83.2804281454203
981,84.55764770507812,83.69986256901956
982,84.55764770507812,84.1723564708453
983,84.55764770507812,84.72974228688885
984,84.55764770507812,84.73247470575684
985,84.55764770507812,84.73234954439287
986,84.55764770507812,84.73227721087733
987,84.55764770507812,84.73223413586246
988,84.55764770507812,84.73221219198696
989,84.55764770507812,84.73219918820888
990,84.55764770507812,84.73219187358372
991,84.55764770507812,84.73218780990307
992,84.55764770507812,84.73218374622242
993,84.55764770507812,84.73338497022209
994,66.75604248046875,84.73338497022209
995,57.85523223876953,84.24317179529697
996,57.85523223876953,83.01367595661584
997,57.85523223876953,80.3767568347985
998,57.85523223876953,77.70754201739587
999,57.85523223876953,74.82867297524365
1000,57.85523223876953,71.8183893773382
1001,57.85523223876953,68.65240991906907
1002,57.85523223876953,65.39074053436313
1003,57.85523223876953,62.12395416298469
1004,57.85523223876953,58.95548610668646
1005,57.85523223876953,57.9984080403698
1006,57.85523223876953,57.50331844866658
1007,75.6568374633789,57.5033216996111
1008,75.6568374633789,58.78349813786711
1009,75.6568374633789,60.41004645987213
1010,75.6568374633789,62.15312163720681
1011,75.6568374633789,63.98389104293447
1012,75.6568374633789,65.88215493328792
1013,75.6568374633789,67.82491775221386
1014,75.6568374633789,69.78313231043737
1015,75.6568374633789,71.72715812130885
1016,75.6568374633789,73.68591396179472
1017,71.2064437866211,75.67752222211472
1018,71.2064437866211,75.39754925468868
1019,71.2064437866211,74.99842754517863
1020,71.2064437866211,74.57142736094812
1021,71.2064437866211,74.12015074852394
1022,71.2064437866211,73.65060707884896
1023,71.2064437866211,73.16945428629757
1024,57.85523223876953,72.68729857736216
1025,57.85523223876953,71.32843140155781
1026,57.85523223876953,69.58048956027858
1027,57.85523223876953,67.70956611332772
1028,57.85523223876953,66.29129117738795
1029,57.85523223876953,64.82999811810397
1030,57.85523223876953,63.34771045911799
1031,48.95442581176758,61.86206132349962
1032,48.95442581176758,61.494789117439645
1033,57.85523223876953,58.86903373909964
1034,57.85523223876953,57.22392577483715
1035,62.305633544921875,57.10116685886506
1036,62.305633544921875,57.30547246714519
1037,62.305633544921875,57.602124405424604
1038,66.75604248046875,57.93626948683863
1039,66.75604248046875,58.605544685855875
1040,66.75604248046875,59.37544962150615
1041,66.75604248046875,60.18107918647284
1042,66.75604248046875,61.06233222283444
1043,66.75604248046875,63.03856189010854
1044,66.75604248046875,64.03277874660726
1045,66.75604248046875,65.04853636148715
1046,66.75604248046875,65.55654683218009
1047,66.75604248046875,66.06999775852515
1048,66.75604248046875,66.59128833757715
1049,66.75604248046875,66.59193365006412
1050,66.75604248046875,66.59191739534153
1051,66.75604248046875,66.59191089345249
1052,66.75604248046875,66.59190764250798
1053,66.75604248046875,66.59189626420215
1054,66.75604248046875,66.5928422890571
1055,66.75604248046875,66.59284554000163
1056,66.75604248046875,66.5928422890571
1057,66.75604248046875,66.5928422890571
1058,66.75604248046875,66.5928422890571
1059,66.75604248046875,66.5928422890571
1060,66.75604248046875,66.5928422890571
1061,66.75604248046875,66.59283903811259
1062,66.75604248046875,66.5928422890571
1063,66.75604248046875,66.59284391452937
1064,66.75604248046875,66.59284554000163
1065,66.75604248046875,66.59284554000163
1066,66.75604248046875,66.5928422890571
1067,66.75604248046875,66.5928422890571
1068,66.75604248046875,66.59284391452937
1069,66.75604248046875,66.59284066358485
1070,66.75604248046875,66.5928422890571
1071,66.75604248046875,66.5928422890571
1072,66.75604248046875,66.5928422890571
1073,66.75604248046875,66.5928422890571
1074,66.75604248046875,66.59284391452937
1075,66.75604248046875,66.5928422890571
1076,66.75604248046875,66.59284391452937
1077,66.75604248046875,66.5928422890571
1078,66.75604248046875,66.59284554000163
1079,66.75604248046875,66.5928422890571
1080,66.75604248046875,66.5928422890571
1081,66.75604248046875,66.59284066358485
1082,66.75604248046875,66.5928422890571
1083,66.75604248046875,66.5928422890571
1084,66.75604248046875,66.5928422890571
1085,66.75604248046875,66.5928422890571
1086,66.75604248046875,66.59284554000163
1087,66.75604248046875,66.5928422890571
1088,66.75604248046875,66.59284391452937
1089,66.75604248046875,66.5928422890571
1090,66.75604248046875,66.5928422890571
1091,66.75604248046875,66.5928422890571
1092,66.75604248046875,66.5928422890571
1093,66.75604248046875,66.5928422890571
1094,66.75604248046875,66.5928422890571
1095,66.75604248046875,66.5928422890571
1096,66.75604248046875,66.59284391452937
1097,66.75604248046875,66.59284066358485
1098,66.75604248046875,66.5928422890571
1099,66.75604248046875,66.5928422890571
1100,66.75604248046875,66.5928422890571
1101,66.75604248046875,66.59284391452937
1102,66.75604248046875,66.5928422890571
1103,66.75604248046875,66.5928422890571
1104,62.305633544921875,66.59248956157683
1105,62.305633544921875,66.26745850312108
1106,62.305633544921875,65.84018849049552
1107,62.305633544921875,65.3887932185964
1108,62.305633544921875,64.9191422677523
1109,53.40483093261719,64.43625021988339
1110,53.40483093261719,63.292223338072155
1111,53.40483093261719,61.951189218425355
1112,53.40483093261719,60.577899227263636
1113,53.40483093261719,59.196494878583145
1114,53.40483093261719,57.825877163815825
1115,53.40483093261719,56.94299865519487
1116,53.40483093261719,56.06969092723707
1117,53.40483093261719,55.21098969300197
1118,53.40483093261719,54.369076336261635
1119,53.40483093261719,53.541109531506685
1120,53.40483093261719,53.542660232042124
1121,53.40483093261719,53.542660232042124
1122,53.40483093261719,53.542660232042124
1123,53.40483093261719,53.542660232042124
1124,53.40483093261719,53.54265698109761
1125,53.40483093261719,53.54265698109761
1126,53.40483093261719,53.54265698109761
1127,53.40483093261719,53.54265698109761
1128,53.40483093261719,53.54265698109761
1129,53.40483093261719,53.54265698109761
1130,53.40483093261719,53.54265698109761
1131,53.40483093261719,53.54265698109761
1132,80.10723876953125,53.54265698109761
1133,80.10723876953125,55.37472351368824
1134,80.10723876953125,78.27444659899028
1135,80.10723876953125,70.90681965786712
1136,80.10723876953125,70.5546838494864
1137,80.10723876953125,71.09956653291087
1138,71.2064437866211,72.3101841367717
1139,80.10723876953125,73.47574364960279
1140,80.10723876953125,75.37169611840342
1141,80.10723876953125,77.67131836809583
1142,80.10723876953125,80.07722781061999
1143,80.10723876953125,79.89670611243895
1144,80.10723876953125,79.03487340589618
1145,80.10723876953125,79.01836348415776
1146,80.10723876953125,79.00538083722218
1147,80.10723876953125,78.99304025182906
1148,80.10723876953125,78.98019739550777
1149,80.10723876953125,79.89857296732885
1150,80.10723876953125,79.9000310159455
1151,80.10723876953125,79.9000310159455
1152,80.10723876953125,79.9000310159455
1153,80.10723876953125,79.9000310159455
1154,80.10723876953125,79.9000310159455
1155,80.10723876953125,79.9000310159455
1156,80.10723876953125,79.9000310159455
1157,80.10723876953125,79.9000310159455
1158,80.10723876953125,79.9000310159455
1159,80.10723876953125,79.9000310159455
1160,80.10723876953125,79.9000310159455
1161,80.10723876953125,79.9000310159455
1162,80.10723876953125,79.9000310159455
1163,80.10723876953125,79.9000310159455
1164,80.10723876953125,79.9000310159455
1165,80.10723876953125,79.9000310159455
1166,80.10723876953125,79.9000310159455
1167,80.10723876953125,79.9000310159455
1168,80.10723876953125,79.9000310159455
1169,80.10723876953125,79.9000310159455
1170,80.10723876953125,79.9000310159455
1171,80.10723876953125,79.9000310159455
1172,80.10723876953125,79.9000310159455
1173,80.10723876953125,79.9000310159455
1174,80.10723876953125,79.9000310159455
1175,80.10723876953125,79.9000310159455
1176,80.10723876953125,79.9000310159455
1177,71.2064437866211,79.9000310159455
1178,71.2064437866211,79.43272968525233
1179,71.2064437866211,78.70355339526893
1180,71.2064437866211,77.90297904902887
1181,71.2064437866211,77.04321963235293
1182,71.2064437866211,76.15067769115001
1183,71.2064437866211,75.19338668796738
1184,71.2064437866211,74.21126497055063
1185,71.2064437866211,73.21056573068154
1186,71.2064437866211,72.21557027297058
1187,71.2064437866211,71.20496703062516
1188,71.2064437866211,71.205241735437
1189,71.2064437866211,71.20524336090925
1190,71.2064437866211,71.20524336090925
1191,71.2064437866211,71.205241735437
1192,71.2064437866211,71.20524336090925
1193,71.2064437866211,71.205241735437
1194,71.2064437866211,71.205241735437
1195,71.2064437866211,71.205241735437
1196,71.2064437866211,71.205241735437
1197,71.2064437866211,71.20524336090925
1198,71.2064437866211,71.205241735437
1199,71.2064437866211,71.205241735437
1200,71.2064437866211,71.20524336090925
1201,71.2064437866211,71.20524336090925
1202,71.2064437866211,71.205241735437
1203,71.2064437866211,71.205241735437
1204,71.2064437866211,71.205241735437
1205,71.2064437866211,71.205241735437
1206,71.2064437866211,71.20524336090925
1207,71.2064437866211,71.205241735437
1208,71.2064437866211,71.205241735437
1209,71.2064437866211,71.20524336090925
1210,71.2064437866211,71.205241735437
1211,71.2064437866211,71.20524336090925
1212,71.2064437866211,71.205241735437
1213,71.2064437866211,71.205241735437
1214,71.2064437866211,71.20524336090925
1215,71.2064437866211,71.20524336090925
1216,71.2064437866211,71.205241735437
1217,71.2064437866211,71.205241735437
1218,71.2064437866211,71.205241735437
1219,71.2064437866211,71.205241735437
1220,71.2064437866211,71.20524336090925
1221,71.2064437866211,71.20524010996473
1222,71.56426239013672,71.205241735437
1223,93.92809295654295,71.22930847770921
1224,93.92809295654295,95.16899794580203
1225,93.92809295654295,99.60738144353496
1226,93.92809295654295,102.04167691449257
1227,93.92809295654295,103.58768714972648
1228,93.92809295654295,104.6840275518646
1229,93.92809295654295,103.02163187738758
1230,93.92809295654295,99.11177373254907
1231,93.92809295654295,96.94723066581864
1232,93.92809295654295,95.72785928428902
1233,93.92809295654295,94.10636780648291
1234,93.92809295654295,94.15632893139897
1235,89.45532989501953,94.17140518660463
1236,89.45532989501953,94.06101631771037
1237,89.45532989501953,93.72044696355924
1238,89.45532989501953,93.64873046712776
1239,89.45532989501953,93.31202953376992
1240,89.45532989501953,93.19517666966023
1241,89.45532989501953,93.12905967118223
1242,107.3463897705078,92.96362212698611
1243,107.3463897705078,91.3194547778037
1244,107.3463897705078,91.3754329946559
1245,107.3463897705078,92.69658596309834
1246,107.3463897705078,95.08079230319944
1247,107.3463897705078,97.32518303735881
1248,107.3463897705078,99.52545764166275
1249,107.3463897705078,101.7221050046199
1250,107.3463897705078,103.77453599867711
1251,107.3463897705078,105.79611227830696
1252,107.3463897705078,107.7708448856302
1253,107.3463897705078,107.54447511690138
1254,107.3463897705078,107.54447511690138
1255,102.87361907958984,107.54447511690138
1256,102.87361907958984,107.13980729604235
1257,102.87361907958984,106.7524475038011
1258,102.87361907958984,106.33660537389503
1259,102.87361907958984,105.89618529069116
1260,102.87361907958984,105.44118715952916
1261,102.87361907958984,104.9787077922934
1262,102.87361907958984,104.50412678408664
1263,102.87361907958984,104.01807888182616
1264,102.87361907958984,103.52012195705741
1265,102.87361907958984,103.00916531789434
1266,102.87361907958984,103.0129095932438
1267,102.87361907958984,103.0129095932438
1268,102.87361907958984,103.0129095932438
1269,102.87361907958984,103.0129095932438
1270,102.87361907958984,103.0129095932438
1271,102.87361907958984,103.0129095932438
1272,102.87361907958984,103.0129095932438
1273,89.45532989501953,103.0129095932438
1274,89.45532989501953,101.6241727392013
1275,89.45532989501953,100.32576581682034
1276,89.45532989501953,98.98676719481033
1277,89.45532989501953,97.65554645756141
1278,89.45532989501953,96.40466062305117
1279,89.45532989501953,95.03435073209297
1280,89.45532989501953,93.90072606000557
1281,89.45532989501953,93.34198668273403
1282,116.29192352294922,92.94059276618941
1283,116.29192352294922,92.0907624452178
1284,125.23745727539062,92.43044154853087
1285,134.18299865722656,96.94129566023162
1286,134.18299865722656,103.0021140192332
1287,134.18299865722656,108.1881751353897
1288,134.18299865722656,112.64150099005093
1289,134.18299865722656,116.8584490432824
1290,116.29192352294922,121.35241495537238
1291,134.18299865722656,124.72268539267131
1292,134.18299865722656,129.31056133907407
1293,134.18299865722656,130.1620682330892
1294,134.18299865722656,131.79367177382088
1295,134.18299865722656,131.85201647509868
1296,134.18299865722656,131.4955374048409
1297,134.18299865722656,131.6197917552916
1298,134.18299865722656,131.73014506698019
1299,134.18299865722656,131.84923691753517
1300,134.18299865722656,132.04704713866684
1301,134.18299865722656,134.1921763774675
1302,134.18299865722656,134.1921763774675
1303,134.18299865722656,134.1921763774675
1304,134.18299865722656,134.1921763774675
1305,134.18299865722656,134.19217312652296
1306,134.18299865722656,134.19217312652296
1307,134.18299865722656,134.1921763774675
1308,134.18299865722656,134.1921763774675
1309,134.18299865722656,134.19217312652296
1310,134.18299865722656,134.1921763774675
1311,134.18299865722656,134.1921763774675
1312,134.18299865722656,134.19217312652296
1313,134.18299865722656,134.19217312652296
1314,134.18299865722656,134.19217312652296
1315,134.18299865722656,134.1921763774675
1316,134.18299865722656,134.1921763774675
1317,134.18299865722656,134.1921763774675
1318,134.18299865722656,134.19217312652296
1319,134.18299865722656,134.19217312652296
1320,134.18299865722656,134.19217312652296
1321,134.18299865722656,134.1921763774675
1322,134.18299865722656,134.19217312652296
1323,134.18299865722656,134.19217312652296
1324,99.29541778564452,134.19217312652296
1325,98.4008560180664,130.0317248635549
1326,98.4008560180664,122.50406855302457
1327,101.97907257080078,118.14048177085861
1328,101.97907257080078,116.22749272730753
1329,101.97907257080078,114.11418698440082
1330,101.97907257080078,111.77022997883412
1331,112.71370697021484,109.33459471236674
1332,107.3463897705078,107.99106386732954
1333,98.4008560180664,105.71703305288865
1334,76.93158721923828,102.48106319733947
1335,76.93158721923828,92.47462089401837
1336,76.93158721923828,82.37894854499925
1337,76.93158721923828,74.56844949576896
1338,76.93158721923828,70.76510123346175
1339,72.45881652832031,70.324525104921
1340,72.45881652832031,70.64949276995863
1341,72.45881652832031,71.32398085851166
1342,72.45881652832031,73.3777244214183
1343,72.45881652832031,74.70220635704794
1344,72.45881652832031,74.93432542115814
1345,72.45881652832031,74.45398048831966
1346,72.45881652832031,73.96326666793865
1347,98.4008560180664,73.46456365140284
1348,101.97907257080078,94.37170786626203
1349,101.97907257080078,99.386481795327
1350,101.97907257080078,102.33436595140364
1351,101.97907257080078,104.8131688846631
1352,81.40434265136719,107.42489887561314
1353,82.29890441894531,97.4728758850535
1354,82.29890441894531,86.38408781000135
1355,82.29890441894531,79.12903051199241
1356,71.56426239013672,75.43418902488713
1357,72.45881652832031,74.52107185582513
1358,76.93158721923828,75.46675048518682
1359,76.93158721923828,77.14498557409526
1360,76.93158721923828,78.16698337697886
1361,76.93158721923828,79.05250002707677
1362,76.93158721923828,79.98265458362536
1363,80.5097885131836,79.41256570187484
1364,110.0300521850586,79.07436425443755
1365,84.98255920410156,88.31275412712597
1366,84.98255920410156,84.67283612856059
1367,84.98255920410156,84.33090097134352
1368,84.98255920410156,83.01530142887522
1369,84.98255920410156,81.80216921942915
1370,84.98255920410156,81.64959426580346
1371,84.98255920410156,81.71933190214718
1372,84.98255920410156,82.00275493444371
1373,84.98255920410156,82.485342206264
1374,117.18647003173828,82.88098865608353
1375,117.18647003173828,90.82049066978624
1376,117.18647003173828,95.34781818089557
1377,117.18647003173828,99.26125947614584
1378,117.18647003173828,102.96595620155966
1379,117.18647003173828,108.07995606877768
1380,117.18647003173828,114.93896623805514
1381,116.29192352294922,121.15185118423332
1382,135.07752990722656,123.79454073257142
1383,135.07752990722656,124.17863982746039
1384,135.07752990722656,121.67751590913528
1385,135.07752990722656,122.74303573176348
1386,135.07752990722656,124.6457095283566
1387,135.07752990722656,126.5410914563942
1388,135.07752990722656,128.4043995658099
1389,125.23745727539062,130.21885898288707
1390,125.23745727539062,131.09013487052064
1391,125.23745727539062,132.00726207964652
1392,125.23745727539062,132.6320090915906
1393,125.23745727539062,131.78954632522658
1394,131.49932861328125,130.89816984763365
1395,131.49932861328125,130.53112520768997
1396,131.49932861328125,130.12355429337572
1397,131.49932861328125,129.71687088691507
1398,131.49932861328125,129.31012896345308
1399,131.49932861328125,128.89202823984263
1400,131.49932861328125,129.50523114780066
1401,131.49932861328125,130.1186063558182
1402,132.3938751220703,130.7297546668404
1403,111.81915283203124,131.43043073896413
1404,98.4008560180664,130.35020689427765
1405,98.4008560180664,127.21773654663542
1406,98.4008560180664,123.98977295469976
1407,98.4008560180664,120.32961904560942
1408,71.56426239013672,116.93752014133942
1409,58.14596176147461,111.5315033699896
1410,50.989532470703125,97.88079343132706
1411,50.989532470703125,85.2139688474827
1412,50.989532470703125,73.05529899499433
1413,44.727664947509766,66.63442512039629
1414,44.727664947509766,63.47269952302993
1415,62.61872863769531,60.49872572445428
1416,89.45532989501953,58.27292104647661
1417,89.45532989501953,97.24897195774214
1418,89.45532989501953,103.69788197786977
1419,89.45532989501953,107.19131201005273
1420,89.45532989501953,109.46383438623693
1421,89.45532989501953,111.81104558726688
1422,89.45532989501953,112.0346666824051
1423,89.45532989501953,104.27819833107625
1424,89.45532989501953,96.39226355249703
1425,89.45532989501953,92.5501962615936
1426,89.45532989501953,91.64371800380093
1427,89.45532989501953,91.64377997493081
1428,89.45532989501953,91.64377001891323
1429,89.45532989501953,91.64376331384015
1430,89.45532989501953,91.64375904697548
1431,89.45532989501953,91.64375701513515
1432,89.45532989501953,91.64375498329483
1433,89.45532989501953,91.64375457692677
1434,67.98605346679688,91.64375437374272
1435,67.98605346679688,92.86348219086122
1436,67.98605346679688,88.14930395134895
1437,67.98605346679688,81.35474985267645
1438,0.0,75.76436957946056
1439,67.98605346679688,71.50268690417897
1440,47.41132354736328,67.0502436809546
1441,47.41132354736328,72.39513944440763
1442,47.41132354736328,67.16073678325749
1443,47.41132354736328,63.361614748824636
1444,47.41132354736328,59.656350733592284
1445,47.41132354736328,57.06097868272441
1446,47.41132354736328,54.724072975818856
1447,47.41132354736328,52.61257150712004
1448,47.41132354736328,50.66789875828934
1449,47.41132354736328,54.04682320989715
1450,47.41132354736328,51.826155024259094
1451,47.41132354736328,49.2098046284118
1452,47.41132354736328,49.2098046284118
1453,47.41132354736328,49.20980137746728
1454,47.41132354736328,49.20980137746728
1455,47.41132354736328,49.2098046284118
1456,44.727664947509766,49.20980137746728
1457,53.67319488525391,49.09498451895447
1458,54.5677490234375,49.329046022414616
1459,54.5677490234375,49.7480017444335
1460,54.5677490234375,50.20348507906493
1461,54.5677490234375,50.68684201200003
1462,54.5677490234375,51.200175904342416
1463,54.5677490234375,51.74263175768366
1464,54.5677490234375,52.31435586452711
1465,54.5677490234375,52.91406410178786
1466,54.5677490234375,53.53934751957753
1467,60.82962417602539,54.452710134950706
1468,55.46230316162109,55.27835576531927
1469,55.46230316162109,55.356440201714854
1470,50.0949821472168,55.42683940526814
1471,50.0949821472168,55.16579181135795
1472,50.0949821472168,54.814875107171744
1473,50.0949821472168,54.447063244321654
1474,44.727664947509766,54.071907497803736
1475,53.67319488525391,53.38029830994276
1476,44.727664947509766,53.123125841898904
1477,44.727664947509766,52.48759544698617
1478,44.727664947509766,51.08179926158158
1479,44.727664947509766,50.31085077274079
1480,44.727664947509766,49.56281494086807
1481,47.41132354736328,49.21484684336036
1482,47.41132354736328,48.983535638963076
1483,47.41132354736328,48.786573914350775
1484,47.41132354736328,48.59284687953462
1485,47.41132354736328,48.764880361577234
1486,47.41132354736328,48.34267369503961
1487,47.41132354736328,48.50457723396183
1488,47.41132354736328,48.67137669532927
1489,47.41132354736328,48.843146850865864
1490,47.41132354736328,49.0201640308557
1491,63.51327896118164,49.20395943016711
1492,81.40434265136719,49.95331189456992
1493,81.40434265136719,56.14336058097621
1494,90.3498764038086,57.40827383471674
1495,90.3498764038086,72.85053175259253
1496,90.3498764038086,97.76156626020652
1497,98.4008560180664,101.45082587557312
1498,98.4008560180664,103.41524892509129
1499,98.4008560180664,104.13814764120899
1500,98.4008560180664,102.07478940988818
1501,98.4008560180664,95.75551892980654
1502,98.4008560180664,92.75591064636251
1503,98.4008560180664,94.15932000354024
1504,98.4008560180664,94.15272607213609
1505,98.4008560180664,96.27306889082168
1506,98.4008560180664,97.22859178655418
1507,98.4008560180664,98.22515460589123
1508,98.4008560180664,98.22561502090869
1509,98.4008560180664,98.22559795344998
1510,98.4008560180664,98.22655495024267
1511,98.4008560180664,98.22654966745783
1512,98.4008560180664,98.22654722924945
1513,98.4008560180664,98.22654560377718
1514,98.4008560180664,98.22654479104105
1515,98.4008560180664,98.2265431655688
1516,98.4008560180664,98.22625952065954
1517,98.4008560180664,98.22630218930634
1518,98.4008560180664,98.22625545697889
1519,98.4008560180664,98.22622254116564
1520,98.4008560180664,98.2262022227624
1521,98.4008560180664,98.22618434256754
1522,98.4008560180664,98.22617418336591
1523,98.4008560180664,98.22616605600462
1524,98.4008560180664,98.22616117958785
1525,98.4008560180664,98.22615833501139
1526,98.4008560180664,98.22663825569597
1527,98.4008560180664,98.22663947480017
1528,98.4008560180664,98.22663947480017
1529,98.4008560180664,98.22663906843209
1530,86.77166748046875,98.22663906843209
1531,86.77166748046875,88.71185714370505
1532,86.77166748046875,88.52842138013102
1533,86.77166748046875,88.28951393749763
1534,86.77166748046875,87.93809252417489
1535,86.77166748046875,87.82918750826941
1536,86.77166748046875,87.67354406938608
1537,86.77166748046875,87.68042266161967
1538,86.77166748046875,87.7926131633294
1539,86.77166748046875,87.59276459998448
1540,89.45532989501953,87.15803976520938
1541,89.45532989501953,88.56100072062557
1542,88.5607681274414,89.06292257860298
1543,88.5607681274414,89.34205477050286
1544,88.5607681274414,89.56238286202762
1545,88.5607681274414,89.74352183329916
1546,88.5607681274414,89.92192493157414
1547,88.5607681274414,90.12910843848948
1548,89.45532989501953,90.37544307024399
1549,89.45532989501953,90.68718223566681
1550,88.5607681274414,91.02370619573243
1551,88.5607681274414,90.956627628821
1552,88.5607681274414,90.87471398615041
1553,88.5607681274414,90.89855946101132
1554,88.5607681274414,90.96441221865516
1555,87.66622161865234,90.9795943327417
1556,87.66622161865234,90.93357294621427
1557,87.66622161865234,90.84776162424974
1558,87.66622161865234,90.72925413097202
1559,87.66622161865234,90.46994823058775
1560,107.3463897705078,90.21282432352764
1561,107.3463897705078,90.59840564593313
1562,107.3463897705078,91.08750638828073
1563,107.3463897705078,92.059058827903
1564,107.3463897705078,93.87571776292711
1565,107.3463897705078,96.04382914763491
1566,107.3463897705078,98.33719068773632
1567,107.3463897705078,100.61527380451983
1568,107.3463897705078,102.91606558150283
1569,107.3463897705078,105.24164337223286
1570,107.3463897705078,107.52655103429731
1571,107.3463897705078,107.51703551969096
1572,107.3463897705078,107.51474848022204
1573,107.3463897705078,107.50543777512037
1574,107.3463897705078,107.4954590009201
1575,107.3463897705078,107.48622469301462
1576,107.3463897705078,107.47557947518801
1577,107.3463897705078,107.46472619691221
1578,107.3463897705078,107.45368111290979
1579,107.3463897705078,107.45382740541314
1580,107.3463897705078,107.45394931583259
1581,107.3463897705078,107.45408260455785
1582,107.3463897705078,107.44285709313465
1583,107.3463897705078,107.4368623514421
1584,107.3463897705078,107.43001261134111
1585,107.3463897705078,107.42263459275584
1586,107.3463897705078,107.41489246838447
1587,107.3463897705078,107.40689514486836
1588,107.3463897705078,107.39871089204243
1589,107.3463897705078,107.39039009954672
1590,107.3463897705078,107.3819538985206
1591,107.3463897705078,107.37343154746472
1592,107.3463897705078,107.36480679165652
1593,107.3463897705078,107.36480679165652
1594,107.3463897705078,107.36480679165652
1595,107.3463897705078,107.36480679165652
1596,107.3463897705078,107.36480679165652
1597,107.3463897705078,107.36480679165652
1598,107.3463897705078,107.36480679165652
1599,107.3463897705078,107.36480679165652
1600,107.3463897705078,107.36480679165652
1601,107.3463897705078,107.36480679165652
1602,107.3463897705078,107.36480679165652
1603,107.3463897705078,107.36480679165652
1604,107.3463897705078,107.36480679165652
1605,107.3463897705078,107.36480679165652
1606,107.3463897705078,107.36480679165652
1607,107.3463897705078,107.36480679165652
1608,107.3463897705078,107.37847051146878
1609,107.3463897705078,107.39411405649294
1610,107.3463897705078,107.41097670571163
1611,107.3463897705078,107.42867972408843
1612,107.3463897705078,107.44698091625666
1613,108.2409439086914,107.46571123310139
1614,108.2409439086914,107.56155232845832
1615,108.2409439086914,107.65389215656856
1616,108.2409439086914,107.75101574953814
1617,108.2409439086914,107.85218514296129
1618,108.2409439086914,107.93591484451366
1619,108.2409439086914,108.02114648243369
1620,108.2409439086914,108.10752407829658
1621,108.2409439086914,108.19495660565579
1622,108.2409439086914,108.28366837968314
1623,108.2409439086914,108.3743469751443
1624,108.2409439086914,108.37456153748255
1625,108.2409439086914,108.3747793507653
1626,108.2409439086914,108.37500041499257
1627,108.2409439086914,108.37500041499257
1628,108.2409439086914,108.37500041499257
1629,108.2409439086914,108.37500041499257
1630,108.2409439086914,108.37500041499257
1631,108.2409439086914,108.37500041499257
1632,110.9246063232422,108.37500041499257
1633,110.9246063232422,108.62197467008114
1634,110.9246063232422,108.85772991563556
1635,110.9246063232422,109.1073618178682
1636,110.9246063232422,109.36815746357819
1637,110.9246063232422,109.63567931349745
1638,109.135498046875,109.90776548952101
1639,109.135498046875,110.01921762045694
1640,109.135498046875,110.14396773994676
1641,109.135498046875,110.26450138439577
1642,109.135498046875,110.38426943141062
1643,109.135498046875,110.2108039083075
1644,109.135498046875,110.03388913307
1645,109.135498046875,109.85421268046383
1646,109.135498046875,109.67191109015879
1647,109.135498046875,109.48649346953253
1648,109.135498046875,109.29647251146774
1649,109.135498046875,109.29647413694
1650,109.135498046875,109.29647576241226
1651,109.135498046875,109.29647738788452
1652,109.135498046875,109.29647738788452
1653,109.135498046875,109.29636848124315
1654,109.135498046875,109.29636848124315
1655,109.135498046875,109.29636848124315
1656,109.135498046875,109.29636848124315
1657,109.135498046875,109.29636848124315
1658,109.135498046875,109.29636848124315
1659,109.135498046875,109.29636848124315
1660,109.135498046875,109.29636848124315
1661,109.135498046875,109.29636848124315
1662,109.135498046875,109.29636848124315
1663,109.135498046875,109.29636848124315
1664,109.135498046875,109.29636848124315
1665,109.135498046875,109.29636848124315
1666,109.135498046875,109.29636848124315
1667,109.135498046875,109.29636848124315
1668,109.135498046875,109.29636848124315
1669,109.135498046875,109.29636848124315
1670,109.135498046875,109.29636848124315
1671,115.39736938476562,109.29636848124315
1672,84.98255920410156,109.95406056494012
1673,84.98255920410156,99.76466579666412
1674,84.98255920410156,87.0351154574349
1675,74.2479248046875,78.8006493552101
1676,74.2479248046875,72.05536697803166
1677,74.2479248046875,70.00673715085298
1678,74.2479248046875,70.88134363114602
1679,74.2479248046875,72.51840225678012
1680,74.2479248046875,74.45676654777222
1681,74.2479248046875,76.31531202346798
1682,74.2479248046875,78.41465170872219
1683,74.2479248046875,77.04544327840374
1684,74.2479248046875,75.6171619352353
1685,74.2479248046875,74.26423748601121
1686,74.2479248046875,74.26346701216028
1687,75.55209350585938,74.26305901862317
1688,75.55209350585938,74.34907250869996
1689,75.55209350585938,74.4666250370253
1690,75.55209350585938,74.59104843659097
1691,75.55209350585938,74.72151371654473
1692,75.55209350585938,74.8564555471008
1693,75.55209350585938,74.99560247439184
1694,75.55209350585938,75.1369974298176
1695,75.55209350585938,75.28004386505887
1696,75.55209350585938,75.42350317025404
1697,75.55209350585938,75.56965263203845
1698,75.55209350585938,75.56965263203845
1699,84.54639434814453,75.56965263203845
1700,92.6412582397461,77.21848780419168
1701,92.6412582397461,89.54437994401897
1702,107.93156433105467,96.75043555211293
1703,94.44011688232422,100.03233719003124
1704,94.44011688232422,102.26483393730074
1705,94.44011688232422,103.49078299551192
1706,98.03783416748048,102.16383928214546
1707,98.03783416748048,101.10444911540733
1708,98.03783416748048,98.91817876735398
1709,98.03783416748048,98.01977943686444
1710,98.03783416748048,98.2529956947497
1711,98.03783416748048,98.9077448609211
1712,98.03783416748048,99.6650414146235
1713,98.03783416748048,98.12567204630524
1714,98.03783416748048,97.40120393672112
1715,98.03783416748048,97.84643541781271
1716,98.03783416748048,98.30585889720085
1717,98.03783416748048,97.80967942634771
1718,98.03783416748048,97.80967942634771
1719,98.03783416748048,97.80967942634771
1720,98.03783416748048,97.80967942634771
1721,89.9429702758789,97.80967942634771
1722,89.9429702758789,97.28153097983345
1723,89.9429702758789,96.57029015075993
1724,89.9429702758789,95.8319843958318
1725,89.9429702758789,95.02261827650888
1726,89.9429702758789,94.3530275326893
1727,107.93156433105467,93.75300700157071
1728,107.93156433105467,93.21523184798833
1729,107.93156433105467,93.54352319742831
1730,107.93156433105467,94.45506899197959
1731,116.92585754394533,95.58944280359452
1732,103.43441009521484,98.4567100374955
1733,103.43441009521484,100.64575466032751
1734,121.42301177978516,102.49551039478074
1735,121.42301177978516,105.80733453878565
1736,121.42301177978516,109.0484530777164
1737,121.42301177978516,112.23258255923365
1738,121.42301177978516,113.55131032306511
1739,121.42301177978516,114.8768585684969
1740,130.41729736328125,116.23397348520564
1741,130.41729736328125,118.62195315597285
1742,130.41729736328125,119.97195663154683
1743,130.41729736328125,122.53958187094727
1744,130.41729736328125,125.5349598882343
1745,130.41729736328125,126.30659432636855
1746,139.41160583496094,127.24509649570513
1747,139.41160583496094,129.04065817229485
1748,139.41160583496094,130.73028131985242
1749,139.41160583496094,132.35616644917562
1750,139.41160583496094,133.90917190427774
1751,139.41160583496094,134.61671397122504
1752,139.41160583496094,135.30863524975982
1753,139.41160583496094,135.98208791248362
1754,140.31103515625,136.63575532686642
1755,140.31103515625,137.3252156404005
1756,140.31103515625,137.99730290642646
1757,140.31103515625,138.04974714340273
1758,140.31103515625,138.1034039826845
1759,140.31103515625,138.15799059209866
1760,140.31103515625,138.2132208885275
1761,140.31103515625,138.26893882663416
1762,140.31103515625,138.3250663837502
1763,140.31103515625,138.38168158254402
1764,140.31103515625,138.4391550306908
1765,140.31103515625,138.44017257632518
1766,92.6412582397461,138.44017257632518
1767,92.6412582397461,135.3524189705382
1768,92.6412582397461,131.58376478813494
1769,92.6412582397461,127.16388790162704
1770,92.6412582397461,122.26077111618669
1771,99.83670043945312,117.22288480024977
1772,99.83670043945312,113.21183694358487
1773,99.83670043945312,109.28346710792053
1774,99.83670043945312,105.10237534725849
1775,99.83670043945312,100.53863766390734
1776,99.83670043945312,95.32613316185139
1777,99.83670043945312,96.26380816899199
1778,99.83670043945312,97.11398867764348
1779,99.83670043945312,97.9971634285837
1780,99.83670043945312,98.91645414128679
1781,99.83670043945312,99.81562435199535
1782,99.83670043945312,99.81355187486466
1783,99.83670043945312,99.81355187486466
1784,99.83670043945312,99.81355187486466
1785,99.83670043945312,99.81479779935145
1786,99.83670043945312,99.81624609513456
1787,108.83099365234376,99.81785287446294
1788,117.82528686523438,100.59412966136995
1789,117.82528686523438,102.95799870211393
1790,117.82528686523438,104.85219566087443
1791,117.82528686523438,106.83571394575954
1792,117.82528686523438,108.71729886525961
1793,117.82528686523438,110.51058975710299
1794,117.82528686523438,112.30715922649351
1795,117.82528686523438,114.10968117529785
1796,117.82528686523438,115.94422005119499
1797,117.82528686523438,117.85010740644488
1798,117.82528686523438,118.87042122006777
1799,121.42301177978516,117.94383213692011
1800,121.42301177978516,118.32562956308982
1801,139.41160583496094,118.67976470234957
1802,143.90875244140625,121.09464756448159
1803,143.90875244140625,123.7635169690291
1804,124.12129974365234,126.36129796978537
1805,124.12129974365234,127.71007583927579
1806,124.12129974365234,128.03041741026325
1807,130.41729736328125,129.085618734989
1808,130.41729736328125,130.6895079736984
1809,130.41729736328125,132.15046618569696
1810,130.41729736328125,133.18205264943856
1811,130.41729736328125,134.18402300861447
1812,130.41729736328125,133.01502887289934
1813,130.41729736328125,131.86957157549986
1814,130.41729736328125,130.6945014244792
1815,130.41729736328125,129.6982104653775
1816,130.41729736328125,130.32980071553354
1817,130.41729736328125,130.96022387660733
1818,130.41729736328125,130.96022387660733
1819,130.41729736328125,130.96022387660733
1820,130.41729736328125,130.96022387660733
1821,130.41729736328125,130.96022387660733
1822,130.41729736328125,130.96022387660733
1823,130.41729736328125,130.96022387660733
1824,132.21617126464844,130.96022387660733
1825,134.91445922851562,131.11872042567393
1826,134.91445922851562,131.50420442292787
1827,134.91445922851562,131.87850842198188
1828,134.91445922851562,132.25783187937282
1829,134.91445922851562,132.64049730772902
1830,134.91445922851562,133.0237349023205
1831,134.91445922851562,133.40584441916403
1832,134.91445922851562,133.785694529567
1833,134.91445922851562,134.16296989191113
1834,134.91445922851562,134.5388310933896
1835,130.41729736328125,134.76374443897404
1836,130.41729736328125,134.43294783041432
1837,133.11558532714844,134.10419931690137
1838,130.41729736328125,134.00073800759253
1839,130.41729736328125,133.65250008168977
1840,130.41729736328125,133.29238645546005
1841,132.21617126464844,132.91770859778637
1842,132.21617126464844,132.7391439682056
1843,132.21617126464844,132.4860709411999
1844,133.11558532714844,132.23019560001902
1845,133.11558532714844,132.05989162046038
1846,133.11558532714844,132.30315004596403
1847,133.11558532714844,132.5443831330325
1848,133.11558532714844,132.4697479487713
1849,133.11558532714844,132.70946284474954
1850,132.21617126464844,132.94955485029195
1851,132.21617126464844,133.1192378994475
1852,132.21617126464844,133.05514227731607
1853,132.21617126464844,133.06310709138697
1854,132.21617126464844,133.07047698261096
1855,132.21617126464844,132.96343963433148
1856,132.21617126464844,132.88629146995729
1857,132.21617126464844,132.8078396768311
1858,139.41160583496094,132.72816552856585
1859,139.41160583496094,133.22765689914743
1860,139.41160583496094,133.6930003485042
1861,139.41160583496094,134.24005953928398
1862,139.41160583496094,134.78694643000426
1863,139.41160583496094,135.3285667906042
1864,139.41160583496094,135.86179971434578
1865,139.41160583496094,136.3846296156274
1866,139.41160583496094,136.89623725643034
1867,139.41160583496094,137.398862537528
1868,121.42301177978516,137.89557109960157
1869,124.12129974365234,137.18208305512948
1870,124.12129974365234,136.24777460422206
1871,124.12129974365234,135.24530034864574
1872,124.12129974365234,134.13397471774852
1873,124.12129974365234,132.90871973619207
1874,124.12129974365234,131.57581947973114
1875,124.12129974365234,130.13938639318198
1876,124.12129974365234,128.60877019298042
1877,124.12129974365234,126.99809948400491
1878,120.52357482910156,125.30433463313047
1879,120.52357482910156,124.46044795306724
1880,120.52357482910156,124.13550954653029
1881,120.52357482910156,123.78897186461083
1882,120.52357482910156,123.42235309839911
1883,119.62415313720705,123.04221365393397
1884,81.84809875488281,122.56561868559785
1885,105.2332763671875,119.6039789705263
1886,106.13269805908205,118.06850585921373
1887,107.93156433105467,117.97747941268906
1888,107.93156433105467,118.20217006857393
1889,107.93156433105467,117.29705672491707
1890,107.93156433105467,116.41403192379275
1891,107.93156433105467,115.40095633814083
1892,107.93156433105467,114.21870485067826
1893,115.1269989013672,112.86041634299826
1894,115.1269989013672,112.67747594209528
1895,115.1269989013672,110.43924615416701
1896,115.1269989013672,110.91642629251649
1897,115.1269989013672,111.82180946456843
1898,115.1269989013672,111.73570007162834
1899,115.1269989013672,112.42318706183956
1900,115.1269989013672,113.18043281953386
1901,115.1269989013672,113.87854389643232
1902,112.4287109375,114.65511977023505
1903,112.4287109375,115.26467349297079
1904,112.4287109375,114.73865929153307
1905,109.7304229736328,114.50864033758197
1906,109.7304229736328,114.00692694642181
1907,109.7304229736328,113.5249110281007
1908,109.7304229736328,113.02832762739112
1909,109.7304229736328,112.51543423803102
1910,117.82528686523438,111.99020513969457
1911,117.82528686523438,112.26930035210054
1912,103.43441009521484,112.51546674747621
1913,99.83670043945312,111.55797581120568
1914,99.83670043945312,110.57312330039318
1915,99.83670043945312,109.57401539786602
1916,99.83670043945312,108.76259915165596
1917,99.83670043945312,107.9076007432277
1918,99.83670043945312,107.01462642640381
1919,99.83670043945312,106.08491318557364
1920,107.93156433105467,105.12244586598104
1921,107.93156433105467,103.17707010039817
1922,107.93156433105467,101.81215129137219
1923,107.93156433105467,102.02675670462382
1924,107.93156433105467,102.87127569339592
1925,107.03213500976562,103.74103664088378
1926,80.94866943359375,104.53561218175062
1927,90.84239959716795,96.59510054659081
1928,90.84239959716795,96.15267808474745
1929,90.84239959716795,97.88160616745675
1930,91.74182891845705,98.63489471293562
1931,91.74182891845705,98.22140829870145
1932,95.33954620361328,97.43463705651989
1933,95.9368896484375,96.54723445223304
1934,95.9368896484375,95.43939200520359
1935,95.9368896484375,93.97031537200563
1936,95.9368896484375,92.67882724689866
1937,96.84195709228516,93.17534743197616
1938,96.84195709228516,93.22851982972864
1939,96.84195709228516,93.90447927545246
1940,96.84195709228516,94.60386208120983
1941,96.84195709228516,95.2671561518647
1942,96.84195709228516,95.93526873184842
1943,96.84195709228516,96.12550181404306
1944,96.84195709228516,96.24141159946626
1945,96.84195709228516,96.36012634045704
1946,106.79766845703124,96.46728072273919
1947,108.60780334472656,97.28718193414313
1948,108.60780334472656,98.43942354638516
1949,108.60780334472656,99.7008448793445
1950,108.60780334472656,101.03567863505793
1951,108.60780334472656,102.33472924445361
1952,110.41793060302734,103.63475432446879
1953,110.41793060302734,105.08749577419621
1954,110.41793060302734,106.51010096823494
1955,110.41793060302734,107.94405520958858
1956,112.22805786132812,109.37565739258292
1957,112.22805786132812,109.91007528560158
1958,112.22805786132812,110.11779601109865
1959,112.22805786132812,110.49766237622421
1960,112.22805786132812,110.86432990660371
1961,112.22805786132812,111.23129814935119
1962,112.22805786132812,111.60123450444428
1963,112.22805786132812,111.78170256204075
1964,112.22805786132812,111.96592708602863
1965,112.22805786132812,112.15284014113351
1966,114.03819274902344,112.34384613538748
1967,114.03819274902344,112.68941015942357
1968,114.03819274902344,112.84462813094301
1969,117.658447265625,112.96167676286794
1970,117.658447265625,113.49223578474286
1971,117.658447265625,113.99745531956647
1972,117.658447265625,114.52357030028428
1973,113.13312530517578,115.07045394006005
1974,113.13312530517578,115.1756431263806
1975,108.60780334472656,115.32659098227468
1976,108.60780334472656,115.34538144159299
1977,108.60780334472656,114.65202162010868
1978,108.60780334472656,114.2120501672484
1979,108.60780334472656,113.75327525129175
1980,108.60780334472656,112.89408637537883
1981,113.13312530517578,112.01693440552764
1982,113.13312530517578,111.63171861119648
1983,113.13312530517578,111.16617035233503
1984,113.13312530517578,111.16048770131628
1985,113.13312530517578,111.15006354771694
1986,113.13312530517578,111.07672386484646
1987,113.13312530517578,111.53826208364404
1988,113.13312530517578,112.00171835970768
1989,113.13312530517578,112.46920905791907
1990,113.13312530517578,112.94257421287583
1991,113.13312530517578,113.42664472813279
1992,113.13312530517578,113.16932434211333
1993,113.13312530517578,113.16932434211333
1994,113.13312530517578,113.16932434211333
1995,113.13312530517578,113.16932434211333
1996,113.13312530517578,113.16932434211333
1997,113.13312530517578,113.16932434211333
1998,113.13312530517578,113.16932434211333
1999,113.13312530517578,113.16932434211333
2000,113.13312530517578,113.16932434211333
2001,113.13312530517578,113.16932434211333
2002,113.13312530517578,113.16995177440545
2003,113.13312530517578,113.17068811333894
2004,113.13312530517578,113.17147646738474
2005,113.13312530517578,113.17229733087572
2006,113.13312530517578,113.17314095097834
2007,113.13312530517578,113.17400732769258
2008,113.13312530517578,113.17488345724037
2009,113.13312530517578,113.1757742160385
2010,113.13312530517578,113.17666822578116
2011,113.13312530517578,113.1775784902464
2012,113.13312530517578,113.1775784902464
2013,108.60780334472656,113.1775784902464
2014,108.60780334472656,113.0502796302539
2015,108.60780334472656,112.65467056629633
2016,108.60780334472656,112.28299333041346
2017,108.60780334472656,111.88862775273432
2018,108.60780334472656,111.47538556570711
2019,108.60780334472656,111.04912984777141
2020,108.60780334472656,110.61204360817152
2021,108.60780334472656,110.16489081886935
2022,108.60780334472656,109.7077039893101
2023,108.60780334472656,109.23916648696368
2024,108.60780334472656,108.77841499673963
2025,108.60780334472656,108.77841499673963
2026,108.60780334472656,108.77841499673963
2027,108.60780334472656,108.77879860819284
2028,109.51286315917967,108.77885549972191
2029,109.51286315917967,108.89891125532668
2030,90.50650024414062,108.98968900459568
2031,90.50650024414062,107.20969447583394
2032,90.50650024414062,105.57137692193496
2033,90.50650024414062,103.88824997426194
2034,107.7027359008789,102.16753560606327
2035,95.9368896484375,101.7847393271902
2036,95.9368896484375,100.44611659564016
2037,95.9368896484375,99.08085887564812
2038,95.9368896484375,97.64371017493676
2039,95.9368896484375,95.97656080683721
2040,95.9368896484375,94.31170762148805
2041,95.9368896484375,94.96680951513973
2042,95.9368896484375,95.68707252798886
2043,95.9368896484375,96.39360659895134
2044,95.9368896484375,97.03086730908416
2045,95.9368896484375,95.57461768385295
2046,95.9368896484375,95.57461849658908
2047,95.9368896484375,95.57461849658908
2048,95.9368896484375,95.5746199188773
2049,95.9368896484375,95.57454677262564
2050,95.9368896484375,95.57454677262564
2051,95.9368896484375,95.57454677262564
2052,113.13312530517578,95.57454677262564
2053,113.13312530517578,96.7314927047703
2054,113.13312530517578,98.57529555344165
2055,113.13312530517578,100.63891954947687
2056,113.13312530517578,102.65436861142503
2057,113.13312530517578,104.57978276492673
2058,113.13312530517578,106.44039990501706
2059,113.13312530517578,108.20614310574477
2060,113.13312530517578,109.91620981790845
2061,108.60780334472656,111.66621600895708
2062,106.79766845703124,113.06865234320155
2063,106.79766845703124,112.175999869885
2064,106.79766845703124,111.6159954180316
2065,106.79766845703124,111.03319046679603
2066,106.79766845703124,110.43037107563084
2067,106.79766845703124,109.81034931154475
2068,106.79766845703124,109.1802366156725
2069,106.79766845703124,108.53715102569822
2070,106.79766845703124,107.87783834615865
2071,106.79766845703124,107.19611528057916
2072,106.79766845703124,106.99769875829473
2073,113.13312530517578,106.99769875829473
2074,105.89260864257812,107.66745672257301
2075,104.98754119873048,107.60128212142182
2076,113.13312530517578,107.50246966277476
2077,113.13312530517578,108.12063026112386
2078,113.13312530517578,108.67968056076101
2079,113.13312530517578,109.26471078351966
2080,113.13312530517578,109.87321770212039
2081,112.22805786132812,110.49611817757781
2082,112.22805786132812,111.04506779259525
2083,112.22805786132812,111.61250878003526
2084,112.22805786132812,111.31914192119203
2085,112.22805786132812,111.97503135615335
2086,112.22805786132812,112.74488752763585
2087,112.22805786132812,112.65278014205869
2088,128.51922607421875,112.5593414947011
2089,131.2344207763672,114.29173569381948
2090,131.2344207763672,116.19950859689024
2091,122.18377685546876,117.95207815769189
2092,122.18377685546876,118.97120375109319
2093,122.18377685546876,120.12519965427114
2094,122.18377685546876,121.28587787390735
2095,82.36091613769531,122.42960241787834
2096,82.36091613769531,118.56754697397949
2097,82.36091613769531,105.07287383848706
2098,99.5571517944336,88.07976462262089
2099,99.5571517944336,108.01515661715791
2100,119.46858215332033,110.79985067301905
2101,119.46858215332033,112.75295637193136
2102,119.46858215332033,114.85549823753652
2103,119.46858215332033,116.13457910748973
2104,126.70909881591795,116.86713231609195
2105,122.18377685546876,118.56102720474716
2106,117.658447265625,123.15359751503499
2107,117.658447265625,121.06242095146733
2108,117.658447265625,116.2178926881437
2109,117.658447265625,118.26199557508002
2110,117.658447265625,120.39111391212589
2111,117.658447265625,120.1731445840335
2112,117.658447265625,120.00114361143608
2113,115.84832000732422,119.82548370078281
2114,115.84832000732422,119.4612413750143
2115,115.84832000732422,117.91608207450815
2116,115.84832000732422,117.36843283729823
2117,122.18377685546876,117.18696023784545
2118,123.99390411376952,117.74640390176937
2119,126.70909881591795,118.53597054986898
2120,131.2344207763672,119.59394655574147
2121,131.2344207763672,121.13003409556806
2122,131.2344207763672,122.56150298983712
2123,131.2344207763672,123.95828430609126
2124,131.2344207763672,125.564832817417
2125,135.75975036621094,127.17372851068527
2126,142.09519958496094,129.04262499372868
2127,143.00027465820312,131.53720801168208
2128,151.14585876464844,133.1751151338356
2129,133.0445556640625,135.3170291885072
2130,130.32936096191406,135.82564270940838
2131,130.32936096191406,135.73141083158822
2132,126.70909881591795,135.7758707488265
2133,131.2344207763672,135.59229316279783
2134,135.75975036621094,136.60651633186487
2135,153.86105346679688,137.29567430755873
2136,153.86105346679688,139.23567219817147
2137,153.86105346679688,140.1112068231246
2138,153.86105346679688,140.05763775934483
2139,153.86105346679688,140.09108672749812
2140,153.86105346679688,141.32015831791958
2141,153.86105346679688,142.55315379837512
2142,153.86105346679688,143.63215203697803
2143,153.86105346679688,144.67431382323912
2144,153.86105346679688,144.50082066710758
2145,153.86105346679688,144.82445544489255
2146,162.9116973876953,144.3075195060234
2147,162.9116973876953,144.51550193255423
2148,162.9116973876953,144.74760961835858
2149,136.66481018066406,144.97424921548247
2150,136.66481018066406,144.66597189960402
2151,136.66481018066406,144.20684100522257
2152,136.66481018066406,143.68860468854592
2153,136.66481018066406,143.09992365509274
2154,136.66481018066406,142.4432816264753
2155,136.66481018066406,141.71931253687484
2156,135.75975036621094,140.94394276348854
2157,135.75975036621094,139.5129127467295
2158,127.61416625976562,137.83405347647346
2159,127.61416625976562,135.69371938083796
2160,127.61416625976562,135.07961596124824
2161,127.61416625976562,134.4398820950728
2162,127.61416625976562,133.74833792610218
2163,127.61416625976562,133.0079645704601
2164,127.61416625976562,132.22418135265934
2165,127.61416625976562,131.4035519296832
2166,127.61416625976562,130.54262704939728
2167,127.61416625976562,129.73735833927216
2168,126.70909881591795,128.89688840189814
2169,126.70909881591795,128.12137558695304
2170,126.70909881591795,128.03995893242575
2171,126.70909881591795,127.95576272033495
2172,126.70909881591795,127.87164778185709
2173,126.70909881591795,127.78708096209115
2174,126.70909881591795,127.70137956268817
2175,126.70909881591795,127.6145013213694
2176,126.70909881591795,127.52650150419166
2177,126.70909881591795,127.43727933187488
2178,126.70909881591795,127.34625938723923
2179,126.70909881591795,127.37996192906499
2180,126.70909881591795,127.37996192906499
2181,126.70909881591795,127.37996192906499
2182,126.70909881591795,127.38020249895939
2183,126.70909881591795,127.38051458963318
2184,126.70909881591795,127.38083968408506
2185,126.70909881591795,127.381177782315
2186,126.70909881591795,127.38152563337852
2187,126.70909881591795,127.38187673538653
2188,126.70909881591795,127.38224084117263
2189,126.70909881591795,127.38260494695874
2190,126.70909881591795,127.38297880557838
2191,126.70909881591795,127.38335916608708
2192,126.70909881591795,127.38335916608708
2193,126.70909881591795,127.38335916608708
2194,126.70909881591795,127.38335916608708
2195,126.70909881591795,127.38311859619269
2196,126.70909881591795,127.38280325457438
2197,126.70909881591795,127.3824781601225
2198,126.70909881591795,127.38214331283707
2199,131.2344207763672,127.38179546177356
2200,131.2344207763672,127.81334859380256
2201,131.2344207763672,128.22139414601656
2202,131.2344207763672,128.64251824802943
2203,131.2344207763672,129.07306358725762
2204,131.2344207763672,129.507545820298
2205,131.2344207763672,129.94589342637119
2206,131.2344207763672,130.3865069407739
2207,131.2344207763672,130.82528367152352
2208,131.2344207763672,131.26239916962408
2209,131.2344207763672,131.70089306820057
2210,131.2344207763672,131.70089306820057
2211,131.2344207763672,131.70089306820057
2212,131.2344207763672,131.70089306820057
2213,131.2344207763672,131.70089306820057
2214,131.2344207763672,131.70089306820057
2215,126.70909881591795,131.70089306820057
2216,126.70909881591795,131.3093493103637
2217,126.70909881591795,130.92632302716592
2218,126.70909881591795,130.5259757115723
2219,126.70909881591795,130.10797576724192
2220,126.70909881591795,129.67621782570825
2221,126.70909881591795,129.23430393349804
2222,126.70909881591795,128.7824649076721
2223,126.70909881591795,128.31945238553527
2224,126.70909881591795,127.84863109466443
2225,126.70909881591795,127.36929558009902
2226,126.70909881591795,127.36793018340114
2227,126.70909881591795,127.36650626970194
2228,126.70909881591795,127.36503684277946
2229,126.70909881591795,127.36352840452278
2230,126.70909881591795,127.36199395870992
2231,126.70909881591795,127.36043675628545
2232,126.70909881591795,127.35886980102742
2233,126.70909881591795,127.35726708537968
2234,126.70909881591795,127.35726708537968
2235,126.70909881591795,127.35726708537968
2236,126.70909881591795,127.35726708537968
2237,126.70909881591795,127.35726708537968
2238,126.70909881591795,127.35726708537968
2239,126.70909881591795,127.35726708537968
2240,126.70909881591795,127.35726708537968
2241,126.70909881591795,127.35726708537968
2242,126.70909881591795,127.35726708537968
2243,126.70909881591795,127.35726708537968
2244,126.70909881591795,127.35726708537968
2245,126.70909881591795,127.35726708537968
2246,126.70909881591795,127.35726708537968
2247,126.70909881591795,127.35726708537968
2248,127.61416625976562,127.35726708537968
2249,127.61416625976562,127.44597235751797
2250,126.70909881591795,127.53041239044771
2251,126.70909881591795,127.51465506236538
2252,126.70909881591795,127.65926682739243
2253,126.70909881591795,127.57455046417861
2254,126.70909881591795,127.53413147097714
2255,126.70909881591795,127.50772404865143
2256,138.47494506835938,127.68112942928094
2257,153.86105346679688,128.66776508316195
2258,147.52560424804688,133.3456596832886
2259,158.38638305664062,136.80928424338765
2260,143.90533447265625,141.24683651524396
2261,149.33572387695312,141.24458686163698
2262,169.24716186523438,142.13128523006745
2263,165.62689208984375,153.00865950664925
2264,153.86105346679688,148.7011450155425
2265,147.52560424804688,144.4101940867587
2266,143.90533447265625,146.84221917933803
2267,138.47494506835938,147.9061655448192
2268,150.2407989501953,146.2493281727331
2269,148.4306640625,138.79431746841848
2270,150.2407989501953,131.415313846952
2271,142.09519958496094,138.14788015464538
2272,135.75975036621094,138.89653691692118
2273,134.8546905517578,129.255028704805
2274,133.94961547851562,134.48120810179498
2275,136.66481018066406,137.24618192820543
2276,139.3800048828125,137.84482385566406
2277,135.75975036621094,137.19746652459213
2278,138.47494506835938,135.6251634628268
2279,138.47494506835938,133.04171912739818
2280,144.81040954589844,146.41147553249422
2281,173.77247619628906,145.52238771984247
2282,162.9116973876953,167.73253833402453
2283,162.0066375732422,166.2588656780132
2284,167.43702697753906,168.5238702449978
2285,169.24716186523438,175.8509140202213
2286,173.77247619628906,181.35550430579605
2287,170.1522216796875,180.4370929735853
2288,166.53196716308594,159.1554478743447
2289,167.43702697753906,168.88111003627296
2290,163.8167724609375,168.61187331312004
2291,152.95599365234375,168.9458818548643
2292,152.05091857910156,161.1585888603449
2293,154.76611328125,148.9253106438876
2294,164.72183227539062,145.88359366343047
2295,163.8167724609375,154.31769783034264
2296,162.9116973876953,143.02285676433152
2297,161.10157775878906,145.5372282815705
2298,161.10157775878906,152.14988350069024
2299,162.9116973876953,151.47815383856133
2300,160.19650268554688,152.1573541711943
2301,158.38638305664062,152.5347628222637
2302,154.76611328125,152.06831730271506
2303,162.9116973876953,151.74652581047224
2304,158.38638305664062,148.38354073983982
2305,159.29144287109375,152.3845366760528
2306,153.86105346679688,151.6560455226267
2307,149.33572387695312,151.30633491885698
2308,144.81040954589844,148.72433725373918
2309,140.2850799560547,146.99221775943263
2310,142.09519958496094,146.99617090796744
2311,135.75975036621094,146.15077578964753
2312,132.13949584960938,142.57898580352102
2313,134.8546905517578,139.3962233441739
2314,134.8546905517578,140.35808680082215
2315,133.94961547851562,139.3076741173725
2316,130.32936096191406,137.0017661664531
2317,132.13949584960938,135.87846730689336
2318,146.6205291748047,135.72511700299992
2319,137.56988525390625,126.48869598358569
2320,134.8546905517578,97.57413752402735
2321,135.75975036621094,114.16411336484735
2322,134.8546905517578,124.77287997604063
2323,132.13949584960938,133.01512315029038
2324,133.94961547851562,136.4507603290276
2325,132.13949584960938,140.01433192741072
2326,130.32936096191406,140.89104989616868
2327,133.0445556640625,141.31905949867223
2328,132.13949584960938,139.18335799897594
2329,131.2344207763672,129.73796626589717
2330,131.2344207763672,134.21264432415745
2331,131.2344207763672,134.39286368449825
2332,128.51922607421875,134.01676191312538
2333,125.80403900146484,134.0873236639046
2334,133.94961547851562,123.36473335774899
2335,133.94961547851562,105.55103332387282
2336,126.70909881591795,119.94111166995305
2337,126.70909881591795,123.22383092041783
2338,123.99390411376952,122.17814836124295
2339,130.32936096191406,121.19188656598158
2340,136.66481018066406,130.09040441211815
2341,135.75975036621094,143.6926943767505
2342,132.13949584960938,143.18019272620492
2343,136.66481018066406,143.1017734425239
2344,134.8546905517578,140.9572748869599
2345,136.66481018066406,131.82539123949022
2346,134.8546905517578,138.93334085981783
2347,132.13949584960938,137.95483906912267
2348,130.32936096191406,142.56612831794942
2349,147.52560424804688,145.0402011269341
2350,156.5762481689453,161.86336762445129
2351,154.76611328125,162.63698188779745
2352,158.38638305664062,165.35397827500037
2353,155.6711883544922,167.56228636957817
2354,154.76611328125,159.78383594414976
2355,154.76611328125,160.83288973279056
2356,153.86105346679688,157.54245924192733
2357,150.2407989501953,157.07382908766212
2358,159.29144287109375,156.38120885605582
2359,154.76611328125,170.48652396796166
2360,152.05091857910156,157.5857423172498
2361,153.86105346679688,151.67499852917095
2362,152.05091857910156,160.00200683080232
2363,149.33572387695312,142.96167073754435
2364,148.4306640625,143.0205258371116
2365,148.4306640625,144.0075613571684
2366,144.81040954589844,142.95463244266128
2367,149.33572387695312,142.04150389529346
2368,147.52560424804688,140.58787006129563
2369,143.90533447265625,147.99979274695886
2370,142.09519958496094,145.87728032917508
2371,144.81040954589844,144.17361960318559
2372,143.00027465820312,145.80047351397536
2373,143.00027465820312,145.15023584605984
2374,141.1901397705078,144.54893464598493
2375,141.1901397705078,143.46651316280378
2376,143.00027465820312,142.86720154077432
2377,140.2850799560547,142.35759973273946
2378,141.1901397705078,141.76969567502624
2379,141.1901397705078,141.49348567588063
2380,148.4306640625,141.64156294776467
2381,148.4306640625,142.03803838843646
2382,147.52560424804688,142.10565803442626
2383,145.71546936035156,142.42011864677931
2384,149.33572387695312,142.48357383284056
2385,151.14585876464844,143.07197853600968
2386,150.2407989501953,143.46822966150967
2387,148.4306640625,143.60570885426262
2388,145.71546936035156,143.9186285189138
2389,145.71546936035156,144.1285680140449
2390,143.00027465820312,144.08713472615358
2391,142.09519958496094,143.76323987280713
2392,142.09519958496094,143.47443571459596
2393,142.09519958496094,143.2415022888838
2394,138.47494506835938,143.12406191814438
2395,139.3800048828125,142.35280784051884
2396,139.3800048828125,141.75543378142254
2397,133.0445556640625,141.20544548963136
2398,135.75975036621094,140.582821344458
2399,135.75975036621094,140.1572011861757
2400,133.0445556640625,139.55600076538087
2401,132.13949584960938,138.75839453148643
2402,125.80403900146484,138.0186486081365
2403,126.70909881591795,136.91249197902403
2404,122.18377685546876,135.94285876497602
2405,124.8989715576172,134.6964076251574
2406,123.99390411376952,133.77207957392253
2407,124.8989715576172,132.93356020325976
2408,123.0888442993164,131.92364778662454
2409,121.2787094116211,130.3160557221083
2410,117.658447265625,128.93290236527673
2411,113.13312530517578,127.59389683500963
2412,112.22805786132812,125.78966163844392
2413,114.94325256347656,124.57314844669837
2414,114.03819274902344,123.43880937955296
2415,114.94325256347656,122.83390613295127
2416,114.03819274902344,121.24437631618113
2417,114.94325256347656,119.75454809138392
2418,113.13312530517578,118.56775503442869
2419,113.13312530517578,117.11467386099905
2420,112.22805786132812,116.20251734604233
2421,103.17741394042967,115.17911676059889
2422,96.84195709228516,112.48622450153016
2423,96.84195709228516,108.4566316318581
2424,102.27234649658205,106.51793086810832
2425,102.27234649658205,106.26827539652791
2426,107.7027359008789,106.04269479458104
2427,114.94325256347656,106.38434549415271
2428,115.84832000732422,106.18092007910103
2429,114.94325256347656,106.86322831469388
2430,113.13312530517578,107.01746937738544
2431,111.322998046875,107.43867637848355
2432,113.13312530517578,108.80987438684747
2433,114.03819274902344,111.61677239377158
2434,116.75338745117188,114.54238676715875
2435,115.84832000732422,116.07945446675774
2436,113.13312530517578,118.21170346337513
2437,114.03819274902344,118.20291290939647
2438,111.322998046875,116.73479611756765
2439,113.13312530517578,115.68255640329849
2440,113.13312530517578,115.3832630725976
2441,117.658447265625,115.12261371939096
2442,116.75338745117188,117.04930224314398
2443,116.75338745117188,116.67747058739648
2444,115.84832000732422,116.29234907045637
2445,115.84832000732422,115.19773654532996
2446,108.60780334472656,114.34699687422125
2447,103.17741394042967,113.92297455516992
2448,103.17741394042967,112.45230739736616
2449,99.5571517944336,111.78136283833854
2450,100.46221923828124,110.54443208954305
2451,99.5571517944336,109.8834630537712
2452,89.60143280029297,106.57540756719962
2453,96.84195709228516,99.48938759949121
2454,94.12676239013672,88.45299377814338
2455,97.7470245361328,92.85221543307944
2456,97.7470245361328,94.5194019330609
2457,93.22169494628906,95.83932766994754
2458,89.60143280029297,95.5941704896609
2459,92.3166275024414,90.53958671312365
2460,90.50650024414062,93.43547805634803
2461,90.50650024414062,93.59106379096616
2462,93.22169494628906,90.71398607003978
2463,91.41156768798828,93.29687297007544
2464,93.22169494628906,93.32734651125797
2465,94.12676239013672,94.04832869398986
2466,97.7470245361328,93.51196820923323
2467,97.7470245361328,93.3599396174707
2468,97.7470245361328,93.97950396350382
2469,102.27234649658205,94.84057879360566
2470,100.46221923828124,94.86271366209762
2471,103.17741394042967,95.28985444967856
2472,101.36727905273438,96.46270258012066
2473,96.84195709228516,97.01203865116776
2474,98.65208435058594,97.3854823690285
2475,96.84195709228516,97.87783588455115
2476,97.7470245361328,98.49420643157463
2477,95.03182220458984,98.67747314603366
2478,95.03182220458984,98.29038033761101
2479,95.03182220458984,98.29121461124812
2480,96.84195709228516,97.88747005863242
2481,95.03182220458984,97.76723468834301
2482,95.9368896484375,97.01195859665899
2483,95.03182220458984,96.66119306139291
2484,91.41156768798828,96.49975684574525
2485,93.22169494628906,93.50796802359494
2486,91.41156768798828,93.77688376677261
2487,93.22169494628906,93.05513964391915
2488,93.22169494628906,89.26625777994427
2489,92.3166275024414,90.34129779041157
2490,99.5571517944336,92.1097954046788
2491,108.60780334472656,90.02434614182103
2492,121.2787094116211,92.22381583258053
2493,117.658447265625,98.87657236666703
2494,122.18377685546876,94.74012928120938
2495,127.61416625976562,93.4382704145056
2496,128.51922607421875,94.87899012538278
2497,131.2344207763672,98.84766131069384
2498,135.75975036621094,101.61286351595673
2499,131.2344207763672,109.4347790696007
2500,135.75975036621094,117.1449921695808
2501,131.2344207763672,127.79527334227836
2502,134.8546905517578,133.2277901878727
2503,135.75975036621094,135.7733902781587
2504,134.8546905517578,138.0727995909851
2505,133.94961547851562,139.12867386122622
2506,134.8546905517578,138.96527163688086
2507,134.8546905517578,139.39322272238311
2508,133.0445556640625,138.92208934083845
2509,134.8546905517578,138.00451350136902
2510,133.94961547851562,138.29917586160298
2511,134.8546905517578,137.1642386206661
2512,135.75975036621094,137.13556203906631
2513,135.75975036621094,136.87201771976575
2514,134.8546905517578,136.77992821438343
2515,134.8546905517578,136.79123174847507
2516,135.75975036621094,136.7071103081082
2517,133.94961547851562,136.3762681863252
2518,133.94961547851562,136.30021233930933
2519,131.2344207763672,136.28472809056657
2520,132.13949584960938,135.9783330715645
2521,129.42430114746094,135.93677949872597
2522,131.2344207763672,135.4611338061893
2523,131.2344207763672,135.00302045744223
2524,130.32936096191406,134.47993698248814
2525,130.32936096191406,134.10603610055446
2526,130.32936096191406,133.76214143652874
2527,130.32936096191406,133.2540025535273
2528,127.61416625976562,132.73638391630922
2529,128.51922607421875,132.0028212894339
2530,125.80403900146484,131.81408770539855
2531,124.8989715576172,131.55265975097967
2532,123.0888442993164,131.49017334638498
2533,119.46858215332033,130.20022131796114
2534,122.18377685546876,128.92460595486492
2535,122.18377685546876,128.38024504803568
2536,120.37364959716795,127.20902076438068
2537,129.42430114746094,126.26298290564966
2538,125.80403900146484,127.08336200589787
2539,123.99390411376952,127.27882504508705
2540,123.0888442993164,127.18345208574081
2541,124.8989715576172,126.33711419351047
2542,123.99390411376952,126.24299284780395
2543,123.0888442993164,126.99631796640864
2544,123.99390411376952,127.56561036675208
2545,123.0888442993164,127.66418550644929
2546,122.18377685546876,128.1289665424043
2547,122.18377685546876,128.0847471950604
2548,123.99390411376952,125.86059074595376
2549,126.70909881591795,125.72401856672155
2550,126.70909881591795,126.02477644792813
2551,132.13949584960938,127.33094093666693
2552,130.32936096191406,128.3236753624651
2553,125.80403900146484,128.79200317889007
2554,123.99390411376952,129.61049673131743
2555,129.42430114746094,129.3098168727793
2556,127.61416625976562,130.8183949200883
2557,124.8989715576172,131.99941104863376
2558,126.70909881591795,132.51526442297816
2559,124.8989715576172,132.22251686906577
2560,123.0888442993164,131.6131110643056
2561,122.18377685546876,130.57260075786004
2562,122.18377685546876,128.70929915033338
2563,122.18377685546876,127.66974462157631
2564,121.2787094116211,126.78809496998343
2565,120.37364959716795,126.62263489775772
2566,120.37364959716795,124.87114952695306
2567,116.75338745117188,123.92388281119396
2568,115.84832000732422,122.80995642468173
2569,123.0888442993164,121.57919434311054
2570,121.2787094116211,113.48281617299982
2571,120.37364959716795,114.68440102751532
2572,119.46858215332033,115.80669371974653
2573,119.46858215332033,116.62962156049743
2574,113.13312530517578,117.15324631771388
2575,119.46858215332033,116.28320416352516
2576,120.37364959716795,116.16544520022289
2577,117.658447265625,116.8617455010244
2578,117.658447265625,117.94935061524068
2579,115.84832000732422,119.03393722747128
2580,115.84832000732422,120.22066038911937
2581,117.658447265625,119.046550892204
2582,116.75338745117188,118.80912791211148
2583,126.70909881591795,118.43309441057349
2584,133.94961547851562,112.28717892148134
2585,135.75975036621094,116.31562095679377
2586,134.8546905517578,118.29693997771194
2587,133.94961547851562,120.14679567870911
2588,133.94961547851562,122.24019588832759
2589,133.0445556640625,124.8268456550517
2590,126.70909881591795,127.11329670302642
2591,128.51922607421875,128.76254311966127
2592,126.70909881591795,130.35464443354573
2593,124.8989715576172,131.88374569360155
2594,125.80403900146484,134.70589063031855
2595,123.0888442993164,133.09372773780896
2596,125.80403900146484,131.3008675961143
2597,125.80403900146484,130.49590122382943
2598,124.8989715576172,129.80322572616632
2599,123.0888442993164,128.5479417700903
2600,123.0888442993164,127.55368265131284
2601,123.0888442993164,127.1455265669852
2602,124.8989715576172,126.78440189701016
2603,124.8989715576172,127.09772142783714
2604,123.99390411376952,126.75970772244582
2605,123.0888442993164,126.93766442540156
2606,122.18377685546876,126.6950431850236
2607,122.18377685546876,125.83540567876709
2608,123.99390411376952,125.18874730076672
2609,122.18377685546876,125.16147837814353
2610,124.8989715576172,125.24416290103312
2611,123.99390411376952,125.68560215534362
2612,123.99390411376952,125.82594543021756
2613,122.18377685546876,125.25353212313613
2614,123.0888442993164,125.20015161413845
2615,119.46858215332033,124.68384960945045
2616,123.0888442993164,124.45683940465145
2617,122.18377685546876,124.65366458959397
2618,122.18377685546876,124.82895876898887
2619,123.0888442993164,124.35180788914005
2620,122.18377685546876,124.57772902752527
2621,119.46858215332033,123.95565104103108
2622,120.37364959716795,123.69392399971646
2623,120.37364959716795,123.36272427403641
2624,120.37364959716795,123.26927262290076
2625,120.37364959716795,123.07482712934595
2626,120.37364959716795,123.24702640955903
2627,120.37364959716795,123.05912831826497
2628,120.37364959716795,122.85736169765397
2629,116.75338745117188,122.59666845669632
2630,113.13312530517578,121.82086955863358
2631,104.98754119873048,120.54808576821318
2632,104.98754119873048,118.03069412351628
2633,114.03819274902344,116.1064681902362
2634,120.37364959716795,115.77068463278472
2635,114.03819274902344,115.94634616891024
2636,113.13312530517578,116.06240326275694
2637,108.60780334472656,115.27548613444011
2638,116.75338745117188,115.36530322960382
2639,121.2787094116211,115.93027349920959
2640,115.84832000732422,116.9358686615239
2641,112.22805786132812,116.49827690005135
2642,112.22805786132812,116.65943434720651
2643,114.94325256347656,118.00711664839415
2644,114.03819274902344,117.37457549696639
2645,112.22805786132812,115.90549480008777
2646,108.60780334472656,115.13871239664775
2647,108.60780334472656,114.85320144523405
2648,108.60780334472656,114.1483251527921
2649,108.60780334472656,113.99180355252065
2650,108.60780334472656,113.30058285252966
2651,107.7027359008789,112.87040487003209
2652,112.22805786132812,112.92156173297896
2653,108.60780334472656,112.64770866860945
2654,110.41793060302734,112.53948797652517
2655,107.7027359008789,112.3734817456203
2656,109.0,112.32505567606917
2657,105.0,111.33447987743143
2658,102.0,111.42326967412723
2659,102.0,110.73514874973486
2660,101.0,110.16885372023769
2661,99.0,99.79322453152511
2662,102.0,100.33618753221128
2663,102.0,115.60452885843199
2664,97.0,112.02377764373958
2665,98.0,108.67263901493342
2666,95.0,108.50708141437215
2667,94.0,107.97327632439527
2668,94.0,106.62264541652915
2669,93.0,105.83821769897754
2670,93.0,104.15375867678797
2671,93.0,103.84856975820234
2672,93.0,102.3746939181586
2673,96.0,88.73992579867983
2674,99.0,91.37800896181892
2675,99.0,93.01745220605353
2676,97.0,94.56217786103846
2677,99.0,98.61044110826566
2678,98.0,98.6876754226696
2679,97.0,102.39933201392998
2680,98.0,105.29049287730754
2681,97.0,107.46862082844565
2682,97.0,108.97867805551071
2683,97.0,111.76054866605732
2684,98.0,109.12850271007355
2685,96.0,98.53169510466051
2686,98.0,95.77556852057377
2687,98.0,109.0007178338755
2688,97.0,108.81655995425025
2689,101.0,109.09483430316524
2690,106.0,136.50548998000056
2691,103.0,123.4423203996332
2692,99.0,110.52879829735244
2693,103.0,110.28666957506904
2694,102.0,110.3436277485096
2695,108.0,106.20258356063776
2696,110.0,104.77061239544055
2697,113.0,106.09517560468316
2698,111.0,108.36015172590324
2699,107.0,110.59620175553171
2700,105.0,110.46588439355355
2701,101.0,108.94966337568097
2702,101.0,108.73573659709763
2703,106.0,108.32318198483614
2704,104.0,108.31397693543133
2705,103.0,108.88856024797902
2706,104.0,109.34792358489356
2707,102.0,108.60680576295671
2708,102.0,108.57931252516174
2709,101.0,112.11018937451992
2710,104.0,108.5950926098557
2711,102.0,107.67036469244502
2712,103.0,106.75862104744218
2713,103.0,106.6139540163583
2714,105.0,105.9573071113241
2715,102.0,102.20937038560265
2716,101.0,102.55591944582794
2717,100.0,101.94993444743763
2718,100.0,101.4279449153141
2719,99.0,103.7941798309316
2720,96.0,103.40084480266489
2721,94.0,101.62372573432998
2722,94.0,99.48872928322618
2723,92.0,98.02022156531899
2724,93.0,98.70329296013762
2725,92.0,97.8874147925756
2726,90.0,96.7185970206006
2727,94.0,95.8741081030653
2728,94.0,96.47989926388867
2729,94.0,95.52934482730096
2730,92.0,99.37049202471158
2731,93.0,93.81731860832862
2732,98.0,92.0128044400864
2733,99.0,93.13768219196609
2734,99.0,95.43959600197215
2735,97.0,95.47507152766481
2736,98.0,95.70459552531293
2737,101.0,96.28378075301092
2738,99.0,97.41450923990018
2739,98.0,97.70451015206233
2740,97.0,98.06310274262535
2741,96.0,103.32077566464062
2742,96.0,107.02271640183868
2743,94.0,101.81843861807144
2744,97.0,97.51643244608361
2745,95.0,97.4757781657726
2746,96.0,96.73128139337659
2747,95.0,100.25362979615791
2748,95.0,95.27106906996106
2749,96.0,94.97057187386807
2750,95.0,96.28225321545517
2751,96.0,96.9330061580769
2752,95.0,97.23944994124676
2753,98.0,94.99463089514705
2754,97.0,95.58312601521058
2755,97.0,91.99988488179288
2756,96.0,92.68266404717689
2757,94.0,93.6013996611034
2758,94.0,93.22152460986045
2759,94.0,94.20113304238816
2760,92.0,94.92246195867139
2761,93.0,95.39852560076272
2762,91.0,95.46669729776858
2763,91.0,94.96897098687663
2764,93.0,93.17172252724575
2765,92.0,94.5769237390074
2766,91.0,93.68378220172481
2767,91.0,92.0346243225321
2768,90.0,91.83898009398202
2769,90.0,89.96093159256625
2770,87.0,89.4789674861734
2771,85.0,88.76801436568981
2772,81.0,87.52439723675539
2773,82.0,87.14747582099574
2774,83.0,89.05104850374829
2775,83.0,88.95591489519225
2776,82.0,89.14511945981477
2777,85.0,88.58362688810791
2778,84.0,88.75430878996687
2779,84.0,88.19371185347492
2780,84.0,86.72207103778781
2781,84.0,85.12963284477759
2782,83.0,84.21364996812231
2783,81.0,83.71018106692205
2784,81.0,81.12350204169728
2785,81.0,80.97286140006022
2786,82.0,80.72271584859362
2787,83.0,80.90489634121535
2788,87.0,81.08468657687966
2789,85.0,83.07622169094799
2790,86.0,84.64511207370478
2791,84.0,84.87566662076534
2792,82.0,85.48419873418608
2793,81.0,85.33187654149671
2794,82.0,85.31513905364199
2795,80.0,85.42112878505029
2796,81.0,85.55870062972201
2797,81.0,84.77238167519663
2798,80.0,83.37738837842781
2799,80.0,80.73091635614215
2800,80.0,80.0188229668686
2801,80.0,79.56110542061666
2802,77.0,79.27012312957793
2803,78.0,79.06019338728038
2804,78.0,78.72595565394757
2805,78.0,78.36338431366168
2806,80.0,78.21720396790434
2807,79.0,78.27221645105043
2808,79.0,78.20055750649614
2809,79.0,77.87834339146588
2810,79.0,77.70727543994533
2811,80.0,77.51385561938619
2812,78.0,77.63394713538067
2813,78.0,78.00996925861283
2814,79.0,77.99746450052149
2815,80.0,78.135260660365
2816,78.0,78.27532272853809
2817,79.0,77.92638097314702
2818,80.0,78.11201640705603
2819,83.0,78.49228101288514
2820,92.0,78.72210653563738
2821,89.0,84.5459290073826
2822,91.0,85.7681687378979
2823,92.0,87.56565334817046
2824,100.0,90.484852795286
2825,100.0,94.90478068098606
2826,97.0,94.31852749353628
2827,96.0,94.27429636151851
2828,92.0,94.53053743395775
2829,92.0,94.97582093016163
2830,92.0,94.93338208449386
2831,94.0,96.02778451733074
2832,92.0,95.97620015517965
2833,94.0,99.10771614742161
2834,97.0,96.10556458404577
2835,96.0,95.93543960961968
2836,93.0,94.89292733090268
2837,93.0,94.36334217009515
2838,88.0,93.90684007072515
2839,87.0,93.45984297118784
2840,89.0,92.84840806908791
2841,88.0,92.83988449892784
2842,91.0,91.77444620389264
2843,91.0,92.81820039421181
2844,93.0,90.83546655207986
2845,96.0,90.87591500696605
2846,102.0,91.01986337612725
2847,100.0,98.97884383028203
2848,99.0,95.52713824870887
2849,99.0,95.52538355140487
2850,97.0,95.92808820814265
2851,98.0,96.52347289237751
2852,97.0,96.89792806035165
2853,93.0,109.76428667865875
2854,95.0,104.47455050359129
2855,93.0,102.37239712585611
2856,93.0,100.88191383573837
2857,93.0,98.78677477717044
2858,93.0,95.17947858456237
2859,93.0,93.87721624516622
2860,90.0,92.69351699527864
2861,90.0,91.46386579700672
2862,90.0,89.53345656725197
2863,89.0,89.79391777204461
2864,89.0,89.3751367882936
2865,89.0,88.29360768938285
2866,88.0,88.59841949840431
2867,86.0,88.8098743400492
2868,85.0,88.37304898874694
2869,86.0,87.42087619134101
2870,86.0,87.83909232348188
2871,87.0,86.89539880211694
2872,85.0,86.61529051412532
2873,87.0,85.93299812688699
2874,88.0,86.12895530964299
2875,90.0,86.22395562947376
2876,91.0,85.08132949838205
2877,90.0,90.39172197173754
2878,89.0,87.74667365996704
2879,88.0,85.82377533115479
2880,88.0,84.99046641181943
2881,86.0,87.31315858292099
2882,85.0,85.95685030682097
2883,84.0,85.57974318085567
2884,83.0,84.581891768385
2885,81.0,83.91833010435946
2886,79.0,82.79303760307357
2887,77.0,82.48825992896957
2888,74.0,81.67159828377854
2889,77.0,80.22956950897648
2890,76.0,79.49380843087039
2891,77.0,78.3273817285889
2892,72.0,77.68428801125333
2893,73.0,76.45764812733191
2894,72.0,75.63338414838381
2895,73.0,74.85571270627827
2896,76.0,74.14198734285631
2897,77.0,74.02558402341836
2898,77.0,73.85570104117488
2899,77.0,74.3604329343207
2900,77.0,74.21564236734511
2901,77.0,74.55579844517429
2902,75.0,74.4636000331506
2903,75.0,75.10630201167167
2904,75.0,75.43320236322569
2905,79.0,75.82414957274338
2906,84.0,76.54393794769278
2907,85.0,77.51866214085715
2908,83.0,78.2124169521005
2909,78.0,79.05493823546584
2910,78.0,79.39962612995413
2911,79.0,79.32917166034403
2912,79.0,79.86870085088228
2913,77.0,80.3002491064945
2914,77.0,80.5400753473225
2915,79.0,80.47430711423615
2916,78.0,79.66055100070875
2917,78.0,77.97681124999394
2918,78.0,77.60009179916251
2919,75.0,77.21140074514084
2920,76.0,77.17003085066762
2921,76.0,77.05474423067186
2922,77.0,76.67921625100654
2923,77.0,76.63994646669244
2924,76.0,76.58553865922683
2925,76.0,76.49985676549095
2926,75.0,76.02642821711608
2927,77.0,75.67073099901508
2928,76.0,75.76001331380544
2929,75.0,75.13127576746462
2930,71.0,75.30067598444705
2931,72.0,75.04143103927251
2932,72.0,74.96516388086289
2933,72.0,74.46142515126756
2934,71.0,73.84580028964307
2935,76.0,73.21717002447136
2936,74.0,75.46616206422893
2937,70.0,75.26415487372354
2938,69.0,73.65184568871061
2939,68.0,72.98519400191998
2940,70.0,72.18839725321071
2941,69.0,72.42478643294626
2942,70.0,71.93872959058835
2943,68.0,71.58341273299604
2944,67.0,71.3910332146829
2945,69.0,71.10399757028992
2946,69.0,68.54006052744599
2947,68.0,68.01582621813228
2948,67.0,68.21061956275057
2949,68.0,68.06312908635218
2950,68.0,67.97552913535024
2951,69.0,67.76139592178997
2952,69.0,67.89128903550844
2953,68.0,67.77460613484186
2954,68.0,67.83244206330248
2955,68.0,68.01590098985619
2956,68.0,67.8395827629379
2957,68.0,67.76596674978332
2958,67.0,67.79250095894525
2959,73.0,67.84991751556296
2960,71.0,68.78618791148743
2961,68.0,68.38577882794795
2962,68.0,68.1348107875181
2963,71.0,67.96654352470046
2964,70.0,68.43986966832298
2965,70.0,68.41201557568642
2966,71.0,68.78875778312948
2967,71.0,69.24303664281673
2968,71.0,69.64233552880306
2969,72.0,70.04727155258489
2970,71.0,69.35996661526673
2971,73.0,69.39391135245913
2972,71.0,70.09478410672625
2973,72.0,70.43502796005744
2974,71.0,70.41874235349081
2975,72.0,70.58887078204545
2976,71.0,70.92513060286892
2977,73.0,71.00743476524983
2978,73.0,71.38499946165612
2979,74.0,71.57321777098528
2980,73.0,71.6714596888693
2981,73.0,71.97721264632892
2982,72.0,71.95138714307207
2983,71.0,72.07703939966584
2984,72.0,72.00562427595044
2985,72.0,72.1977388422853
2986,72.0,72.24311390040559
2987,71.0,72.37446343726845
2988,71.0,72.25097956066868
2989,71.0,72.08747980798776
2990,70.0,71.82885904416081
2991,69.0,71.56036191088592
2992,70.0,71.15355821947809
2993,69.0,71.02390242470949
2994,70.0,70.86983853849421
2995,68.0,70.5991340138911
2996,69.0,70.16077502951212
2997,69.0,69.87155800134707
2998,70.0,69.62268519465954
2999,72.0,69.4966200681119
3000,69.0,69.7289471926713
3001,69.0,69.68095837515793
3002,70.0,69.76478885599039
3003,69.0,69.54736081016037
3004,69.0,69.38306457607236
3005,67.0,69.2497872291099
3006,66.0,69.16851361614142
3007,66.0,68.82785526738411
3008,65.0,68.47328125061432
3009,65.0,67.97211726907783
3010,65.0,67.14573042335898
3011,64.0,66.68457906695913
3012,64.0,66.21419015170929
3013,60.0,65.79031900157807
3014,61.0,65.0742415797968
3015,60.0,64.30599137490657
3016,60.0,63.71671216766194
3017,60.0,63.22064079071405
3018,61.0,62.632502664995485
3019,60.0,62.138300581145884
3020,63.0,61.90876764340034
3021,63.0,61.58670307181794
3022,65.0,61.55377100384312
3023,70.0,61.53353387421397
3024,70.0,62.742410597285
3025,70.0,63.45808327647369
3026,68.0,64.43665333700372
3027,66.0,65.2524128450908
3028,66.0,66.07702142415789
3029,66.0,66.54841650673629
3030,66.0,67.07872358041101
3031,66.0,67.41443724255532
3032,64.0,67.70151840017158
3033,63.0,67.68872918443486
3034,61.0,66.87233736763889
3035,61.0,66.00570545425032
3036,61.0,65.09285648811111
3037,62.0,64.4134708516406
3038,60.0,63.94948954803718
3039,60.0,63.31862750945335
3040,60.0,62.6130912752741
3041,61.0,62.7229439415068
3042,60.0,61.950786101305034
3043,61.0,61.48110589196027
3044,60.0,61.164376120333124
3045,61.0,61.09472788496367
3046,60.0,61.10157112317562
3047,60.0,60.9736724639194
3048,60.0,60.689013259969606
3049,61.0,60.79957463210739
3050,62.0,60.97708270471956
3051,62.0,60.534612900996635
3052,61.0,60.57527896598153
3053,62.0,60.6318649062747
3054,61.0,60.70420817465019
3055,61.0,60.78558256689874
3056,61.0,60.770338888050375
3057,61.0,60.82345607054204
3058,60.0,60.937603234483994
3059,61.0,60.97786293140405
3060,60.0,60.80575792858203
3061,60.0,60.57030176992335
3062,60.0,60.31460197974648
3063,61.0,60.60302252650445
3064,60.0,60.49949944924974
3065,61.0,60.31853887355867
3066,61.0,60.340375467891036
3067,70.0,60.3627842284587
3068,69.0,61.74503057176955
3069,70.0,62.38964735661216
3070,71.0,63.09661400637965
3071,73.0,64.28744798737169
3072,72.0,66.22216309314149
3073,72.0,66.93799669408385
3074,72.0,67.99061514338945
3075,73.0,69.3931002418017
3076,76.0,70.65721863960741
3077,80.0,73.44325696102703
3078,80.0,73.67500704293435
3079,76.0,74.2640180472562
3080,76.0,75.38406758776948
3081,83.0,75.86348437594786
3082,79.0,79.57750562297757
3083,80.0,80.46696404330446
3084,79.0,81.86199310046298
3085,80.0,83.04282717611538
3086,78.0,84.46398244889875
3087,76.0,83.843586826193
3088,76.0,82.61658933837452
3089,76.0,82.03102433524253
3090,77.0,81.94258807876317
3091,77.0,82.26647561748445
3092,76.0,78.68420052254888
3093,76.0,77.59179701422295
3094,75.0,76.64478549760858
3095,75.0,76.21849727022769
3096,75.0,75.71171078014603
3097,75.0,75.519695367619
3098,75.0,75.57284505955585
3099,75.0,75.34663133616394
3100,73.0,75.14782470053726
3101,73.0,75.18370374971832
3102,73.0,74.88391302450606
3103,73.0,74.67522839395919
3104,74.0,74.3048564123006
3105,74.0,74.16904170314125
3106,76.0,73.98953917606684
3107,74.0,74.70210720324012
3108,74.0,74.18326133446621
3109,72.0,74.19368386259329
3110,71.0,74.05458732494228
3111,72.0,73.46034229994527
3112,70.0,73.50608959121296
3113,71.0,73.17335704519232
3114,72.0,73.1252186842311
3115,71.0,72.8951444642232
3116,71.0,72.48532064535743
3117,71.0,71.2216833873405
3118,70.0,70.87219384779803
3119,71.0,70.72608664829237
3120,72.0,70.7679474353879
3121,71.0,70.92629444100662
3122,71.0,70.85263454010104
3123,71.0,71.04652899855991
3124,71.0,71.09664393378853
3125,71.0,71.01897236734682
3126,72.0,71.07874748421287
3127,72.0,71.12022953627198
3128,72.0,71.20156654265855
3129,72.0,71.3351966171013
3130,72.0,71.37513609598628
3131,72.0,71.33529739638139
3132,71.0,71.45581641158006
3133,72.0,71.55582359233776
3134,72.0,71.73383556135033
3135,72.0,71.7962585725269
3136,72.0,71.63738003747936
3137,71.0,71.71890072223125
3138,71.0,71.41062178088056
3139,71.0,71.24550468330156
3140,71.0,71.16417255333177
3141,71.0,71.09215925582492
3142,71.0,70.98593789461967
3143,71.0,70.82644493105809
3144,71.0,70.6183649761917
3145,71.0,70.73389379155411
3146,70.0,70.59695100464677
3147,69.0,70.29777145700403
3148,70.0,70.16276785850211
3149,70.0,70.30878403156126
3150,71.0,70.25489474974638
3151,75.0,70.06519400971669
3152,82.0,72.22195350253313
3153,81.0,76.61336349336271
3154,78.0,76.09103911395376
3155,78.0,76.54386967785788
3156,79.0,77.67522112699056
3157,79.0,79.46660371440144
3158,79.0,80.55929168037277
3159,80.0,81.01307802196541
3160,78.0,82.31907264885311
3161,77.0,82.54553019308392
3162,75.0,83.49923377899013
3163,73.0,82.93709508206018
3164,75.0,81.2465356624812
3165,75.0,81.07333671682862
3166,76.0,81.11986829846145
3167,77.0,79.86568234889663
3168,75.0,79.35397717975813
3169,75.0,79.53218989459474
3170,76.0,77.90711425045671
3171,79.0,78.9205198069773
3172,78.0,80.37168861229378
3173,81.0,80.68299255751916
3174,81.0,82.43978509525066
3175,79.0,81.02479930242772
3176,78.0,81.19965785525712
3177,79.0,81.43380063233023
3178,78.0,81.36405974504198
3179,78.0,82.00848797510251
3180,78.0,82.36748977830682
3181,78.0,82.82259925431859
3182,77.0,83.22420631091323
3183,78.0,83.17262682517892
3184,77.0,80.06936215035691
3185,76.0,78.28366465217317
3186,76.0,77.87392210692039
3187,76.0,77.61089306232603
3188,76.0,77.24039917024798
3189,75.0,77.00964875378017
3190,76.0,76.7237883258307
3191,77.0,76.82224155510845
3192,78.0,76.27203057361774
3193,77.0,75.79391091230234
3194,75.0,75.33276118137475
3195,70.0,75.20115807083943
3196,69.0,75.34791545924884
3197,71.0,74.26908952070544
3198,69.0,73.79390221134592
3199,71.0,73.00703547266913
3200,71.0,72.6683699529018
3201,70.0,71.95597097484348
3202,70.0,71.24482848684167
3203,70.0,70.4878411792366
3204,70.0,69.6969741533295
3205,70.0,69.01834598693185
3206,71.0,69.10520147163899
3207,73.0,69.5075855039736
3208,75.0,69.79289002041037
3209,72.0,73.06846369482295
3210,72.0,72.4647990580829
3211,70.0,72.6924854593418
3212,70.0,72.92911845991627
3213,70.0,72.97376855740887
3214,69.0,72.91643815082092
3215,68.0,72.78312504346874
3216,69.0,72.84632340491302
3217,69.0,72.50753434925397
3218,68.0,71.53110178474502
3219,68.0,69.17226845706057
3220,69.0,68.88246138246535
3221,69.0,68.51429029024595
3222,69.0,68.33584269466786
3223,69.0,68.19610897189118
3224,70.0,67.80744880184241
3225,68.0,67.90982754662653
3226,67.0,67.82745348893847
3227,66.0,67.7307021291163
3228,66.0,67.24944368086804
3229,66.0,66.87011047064355
3230,67.0,66.63864972279839
3231,66.0,66.57967433828395
3232,65.0,66.3430413377095
3233,65.0,65.9620680259753
3234,65.0,65.4695336766638
3235,65.0,65.03288631457394
3236,68.0,64.76307092329671
3237,67.0,65.42560691432661
3238,65.0,64.99857259517864
3239,64.0,64.8420591222685
3240,63.0,64.80896125612321
3241,63.0,64.2232418331266
3242,62.0,63.93650527562933
3243,62.0,63.6392941748927
3244,62.0,63.33590627957045
3245,66.0,62.90376472658356
3246,67.0,63.19358643042911
3247,65.0,63.65398844411739
3248,79.0,62.78999467220578
3249,72.0,72.73582217524884
3250,68.0,66.90462412312674
3251,69.0,69.08335837541759
3252,67.0,71.53169670759195
3253,68.0,70.73794771936898
3254,69.0,71.39017008891318
3255,72.0,72.20712106816637
3256,71.0,73.08022886303627
3257,70.0,75.86978470642518
3258,69.0,74.2582931339587
3259,69.0,70.8138182625473
3260,70.0,70.62425568765966
3261,69.0,71.05496357411377
3262,70.0,71.11318148855536
3263,69.0,71.7069811341533
3264,68.0,71.7479787954791
3265,68.0,71.57617613049733
3266,65.0,71.10895200973647
3267,64.0,68.27884225894856
3268,64.0,67.65415701495034
3269,66.0,67.1562634835997
3270,67.0,66.88159443215599
3271,68.0,66.48181440638089
3272,68.0,66.53123201401024
3273,65.0,66.23134050951789
3274,67.0,65.8542195670384
3275,69.0,65.83646128260479
3276,68.0,65.85951373018716
3277,67.0,66.27888719857671
3278,68.0,66.78528845173288
3279,69.0,67.25523361305592
3280,70.0,67.82860107235359
3281,72.0,67.79394437831158
3282,73.0,69.59245791252431
3283,73.0,69.20783541556783
3284,76.0,70.28411098813629
3285,79.0,78.59405995840555
3286,77.0,76.34202991099522
3287,78.0,74.62282479378938
3288,80.0,75.70246509393473
3289,77.0,77.54953148453484
3290,78.0,76.70991492009699
3291,78.0,77.30462320468791
3292,74.0,78.11222934392201
3293,72.0,79.60126027457599
3294,73.0,78.77978641876109
3295,73.0,77.30409655167588
3296,72.0,76.80318776928412
3297,71.0,76.57274131612881
3298,71.0,76.18082369967227
3299,71.0,75.47938365558663
3300,71.0,74.88582945629986
3301,71.0,74.05928331429959
3302,73.0,73.8606571060937
3303,71.0,71.63944438724876
3304,71.0,71.2386061790328
3305,67.0,70.83070204290537
3306,68.0,70.86166078755733
3307,69.0,70.05550944599537
3308,68.0,69.77684498373813
3309,68.0,69.38374077253226
3310,67.0,69.11592146118953
3311,67.0,68.67946427935402
3312,68.0,70.08970450591572
3313,68.0,68.29454432097407
3314,69.0,68.01565716901729
3315,68.0,68.20960526806073
3316,68.0,68.44319050814887
3317,67.0,68.10856103600155
3318,67.0,67.8192676106403
3319,67.0,67.91270300705337
3320,67.0,67.80639224487383
3321,68.0,67.89228219905891
3322,67.0,66.5498843081865
3323,67.0,66.56260037767154
3324,66.0,66.63409352405539
3325,64.0,66.46599693582496
3326,66.0,66.41783419277985
3327,66.0,66.10772659513738
3328,66.0,65.9747775935713
3329,67.0,65.98166797047877
3330,66.0,65.6336543597478
3331,66.0,65.37758071095128
3332,66.0,65.10826596512993
3333,66.0,65.02504178545021
3334,66.0,64.90354748689592
3335,67.0,65.19512144983707
3336,66.0,65.4737143913149
3337,65.0,65.74062018724786
3338,65.0,65.03863398448307
3339,66.0,64.93456799949372
3340,65.0,64.72092242761126
3341,68.0,64.63929121074574
3342,68.0,65.74285521160448
3343,67.0,65.41071108654174
3344,67.0,65.55455237771784
3345,67.0,65.15558021165565
3346,67.0,64.98718778747403
3347,67.0,65.37715808816384
3348,66.0,65.55464990605341
3349,70.0,65.78165035801885
3350,68.0,66.68225301615598
3351,67.0,68.23437096340447
3352,68.0,66.8035782655953
3353,67.0,66.82739468513958
3354,66.0,66.87961460694407
3355,66.0,67.10169963079719
3356,65.0,67.10934097588849
3357,65.0,66.98525892549728
3358,64.0,66.85086000267583
3359,63.0,66.74655669873663
3360,63.0,65.01106272401964
3361,63.0,64.58524100717719
3362,61.0,64.21957476770946
3363,62.0,63.56202572557132
3364,62.0,63.18454230277798
3365,62.0,62.85251358624565
3366,62.0,62.43350584911446
3367,64.0,62.28729461938419
3368,64.0,62.10542052828336
3369,63.0,62.361829024365306
3370,62.0,62.3439748370684
3371,64.0,62.31642308227209
3372,64.0,62.30928400810894
3373,62.0,62.54322847756641
3374,62.0,62.323188297815584
3375,62.0,62.139409153226765
3376,61.0,62.31392960782621
3377,61.0,61.96018133096419
3378,60.0,61.60993757229336
3379,60.0,61.25934271161452
3380,60.0,60.458505038868445
3381,59.0,60.22353327094305
3382,61.0,59.7171791564824
3383,60.0,59.54543825944648
3384,60.0,59.45289687277606
3385,59.0,59.25024599525597
3386,60.0,58.998567623448785
3387,59.0,58.962842994132366
3388,60.0,58.73355387722573
3389,59.0,59.2349665560179
3390,59.0,59.214001214816555
3391,59.0,59.11264976850036
3392,59.0,59.10096262295549
3393,59.0,58.837740147162265
3394,59.0,58.73547843638082
3395,59.0,58.74525727749319
3396,58.0,58.81656024362268
3397,58.0,58.735819785555286
3398,58.0,58.63614257566624
3399,58.0,58.40130734741064
3400,58.0,58.253415379364185
3401,58.0,58.153981990314044
3402,57.0,58.01896376256179
3403,56.0,57.872830555499974
3404,56.0,57.59608089956427
3405,56.0,57.17802894012159
3406,55.0,56.83754776784054
3407,55.0,56.288889112357545
3408,53.0,55.935791024399265
3409,51.0,55.50365597330141
3410,51.0,54.872007206144055
3411,51.0,53.83286554734089
3412,50.0,53.01460281197437
3413,50.0,53.259984104248765
3414,50.0,52.46724778524339
3415,50.0,51.704117817970165
3416,50.0,51.02544738929377
3417,50.0,50.574144769313435
3418,50.0,50.17216222862688
3419,50.0,49.91331877510039
3420,50.0,50.112643936377815
3421,50.0,50.21507144532971
3422,50.0,50.10357705211506
3423,50.0,50.455768126552606
3424,51.0,50.62459942824426
3425,51.0,50.71409467990061
3426,51.0,50.72107120683783
3427,51.0,50.78984493813174
3428,51.0,50.92510048483386
3429,51.0,50.91876439396684
3430,52.0,50.955057938574036
3431,52.0,51.14334289226582
3432,52.0,51.290838245081
3433,51.0,51.52836850634263
3434,51.0,51.65281466251995
3435,53.0,51.84094682181935
3436,53.0,51.907529416507636
3437,53.0,51.979157477089004
3438,51.0,52.218215682274455
3439,51.0,52.20920081312399
3440,51.0,52.03664717995838
3441,51.0,51.81695810221558
3442,51.0,51.739468588666924
3443,51.0,51.6463875452064
3444,52.0,51.6282050125131
3445,51.0,51.72255067339141
3446,51.0,51.58972033130027
3447,51.0,51.44028741555193
3448,51.0,51.28972642205559
3449,52.0,51.63317245573773
3450,52.0,51.878963367021484
3451,51.0,51.91105018942143
3452,51.0,51.92220418006522
3453,51.0,51.90852420553037
3454,51.0,51.92467814884399
3455,51.0,51.845124285525934
3456,52.0,51.93527297703056
3457,51.0,51.803983582641294
3458,51.0,51.72953695316218
3459,51.0,51.758142013982564
3460,51.0,51.66725535807218
3461,50.0,51.58199608712375
3462,51.0,51.5210408773974
3463,51.0,51.489757038293575
3464,51.0,51.46371047080944
3465,51.0,51.45856097469176
3466,50.0,51.624492433872696
3467,51.0,51.594320417794286
3468,51.0,51.81468244105246
3469,52.0,50.298887296911836
3470,50.0,50.252801907414195
3471,51.0,50.18763347359156
3472,51.0,50.25897545105528
3473,52.0,50.2803699169331
3474,52.0,50.26655015178394
3475,51.0,50.32948843766672
3476,52.0,50.36564219165961
3477,51.0,50.46323229516763
3478,51.0,52.0271089087404
3479,51.0,52.0818093012127
3480,51.0,51.99221652122078
3481,53.0,52.06808056251006
3482,52.0,52.058649572461206
3483,52.0,51.82458481805654
3484,53.0,51.72448498538006
3485,52.0,51.72562281596162
3486,52.0,51.884112863139165
3487,51.0,51.87959405025812
3488,52.0,51.91398904326637
3489,51.0,51.90332594524491
3490,51.0,51.90893707548425
3491,51.0,51.867481030981295
3492,52.0,52.01247965840608
3493,51.0,52.21640815712203
3494,52.0,52.181889628222066
3495,52.0,52.109110733281064
3496,52.0,52.0853495797936
3497,50.0,52.07806746407163
3498,51.0,52.16479941288706
3499,50.0,52.085918495084385
3500,50.0,52.036166040169604
3501,51.0,51.71646490525233
3502,51.0,51.58336148382162
3503,50.0,51.37120809547325
3504,50.0,51.261339174517964
3505,50.0,51.066077693888964
3506,51.0,50.886814111236674
3507,51.0,50.78406150783291
3508,50.0,50.850575832686296
3509,50.0,50.75289470273176
3510,51.0,50.986156473840296
3511,51.0,51.0981450106218
3512,50.0,51.13495220446296
3513,50.0,51.06734556225127
3514,51.0,51.09846685412916
3515,51.0,51.10629512853028
3516,51.0,51.16482188270113
3517,51.0,51.1656313678863
3518,51.0,51.251921188247174
3519,50.0,51.341627751297246
3520,50.0,51.321257332942835
3521,50.0,51.18304017578414
3522,50.0,51.04742377424044
3523,51.0,51.03765143501711
3524,52.0,51.15890191273251
3525,51.0,51.23002607691347
3526,51.0,51.11609672625428
3527,51.0,51.10066449262382
3528,51.0,51.112328881557055
3529,51.0,51.16150591929202
3530,53.0,51.310971344485544
3531,51.0,51.66346475676334
3532,53.0,51.63300665756727
3533,52.0,51.83114522409536
3534,53.0,51.90804631668612
3535,52.0,51.97832523529221
3536,52.0,52.046185451176356
3537,52.0,52.0606619071183
3538,51.0,52.11875628566816
3539,50.0,52.17634676781762
3540,51.0,52.079800217500114
3541,51.0,52.120836890160156
3542,51.0,52.11666917928713
3543,51.0,51.87539382993991
3544,51.0,51.9198569981227
3545,51.0,51.66540557064102
3546,52.0,51.597873700153265
3547,51.0,51.59078013921338
3548,54.0,51.456694932538
3549,53.0,51.934606533404214
3550,52.0,51.78074583122135
3551,52.0,51.46084638868843
3552,50.0,51.729836040057904
3553,52.0,51.78255335637377
3554,53.0,52.00663120921687
3555,52.0,52.67960598309643
3556,53.0,52.69376709742006
3557,52.0,54.059176799068354
3558,52.0,53.83019977283552
3559,52.0,52.39385771273286
3560,52.0,51.492224505183295
3561,52.0,51.40793726664596
3562,52.0,51.39034640585507
3563,52.0,51.89035142567062
3564,53.0,51.95854973978472
3565,53.0,53.78626650860929
3566,52.0,52.97243806156633
3567,53.0,52.23266613066024
3568,53.0,52.03834092205264
3569,52.0,51.946771567793334
3570,51.0,52.0787566643096
3571,51.0,52.105885796318475
3572,51.0,51.911277755537746
3573,52.0,51.436971452142814
3574,51.0,51.372645012950535
3575,51.0,51.87628133779352
3576,51.0,51.747124563008555
3577,51.0,52.02614662916285
3578,50.0,51.347017817309315
3579,50.0,51.04156557221767
3580,51.0,50.86885264277065
3581,51.0,50.810043056426665
3582,50.0,50.77847313420519
3583,51.0,50.708607085552984
3584,50.0,50.63445629202507
3585,50.0,50.551391408626785
3586,50.0,50.43386651332986
3587,50.0,50.741435123303205
3588,50.0,50.692056527008084
3589,51.0,50.727365035426104
3590,51.0,50.86992870540635
3591,50.0,50.96203771645577
3592,50.0,50.95803905469772
3593,50.0,50.96838356015635
3594,51.0,50.94351058364348
3595,51.0,51.05617531688488
3596,50.0,51.09074586089715
3597,51.0,51.12028719373893
3598,51.0,51.207259712448746
3599,51.0,51.24090698821769
3600,53.0,51.244105917624125
3601,53.0,51.73121118958933
3602,53.0,50.931566613481635
3603,58.0,51.04987823735209
3604,58.0,54.97532222294957
3605,58.0,53.5766423550965
3606,55.0,54.21302774841766
3607,55.0,55.098136404978476
3608,55.0,55.44494716623751
3609,55.0,55.658888574071185
3610,55.0,56.006447052569534
3611,53.0,55.04908290313523
3612,53.0,55.5427063188605
3613,59.7400016784668,55.41152745658488
3614,52.0,54.6220875953215
3615,57.4379997253418,54.24779334910105
3616,51.0,53.97902151101434
3617,50.0,53.82352883468307
3618,51.0,53.43316842065101
3619,51.0,53.09444600935459
3620,51.0,52.73158533500654
3621,58.5867805480957,52.41023597121827
3622,50.0,52.7322712843
3623,51.0,52.75195575336096
3624,56.0,52.14238415043035
3625,56.0,52.46055083953478
3626,53.0,52.86059256634365
3627,54.0,52.750470071715895
3628,53.0,53.28517567332447
3629,53.0,53.71034720126318
3630,52.0,53.87512782608449
3631,52.0,54.08593857434661
3632,52.0,53.60761410352652
3633,54.0,53.62702874419243
3634,54.0,54.43158549746794
3635,54.0,52.954817942274765
3636,57.0,52.071240480582276
3637,55.0,53.77631536743743
3638,55.0,53.07006067451953
3639,53.0,53.36871194367798
3640,54.0,53.63103715878403
3641,54.0,53.73939113959359
3642,54.0,53.839445459046814
3643,54.0,54.091874799037825
3644,54.0,53.09195253490872
3645,54.0,52.98171300627829
3646,54.0,52.97469096611782
3647,54.0,53.17338869510312
3648,53.0,53.15356768637238
3649,53.0,53.19535532721624
3650,51.0,53.75999237500884
3651,52.0,53.43700453518312
3652,52.0,52.991914470178095
3653,51.0,52.676657376417936
3654,50.0,52.431893763602105
3655,50.0,52.28253236863318
3656,51.0,51.4603554960661
3657,51.0,51.05756997208342
3658,50.0,50.763525291308035
3659,50.0,50.38149379713298
3660,50.0,50.13873276614069
3661,50.0,50.26727511241162
3662,50.0,50.21686921764858
3663,50.0,50.01259611881363
3664,50.0,49.90692091628752
3665,50.0,50.27876069939632
3666,50.0,50.30083136173404
3667,50.0,50.230734496021
3668,50.0,50.47503322377065
3669,50.0,50.592128994391096
3670,50.0,50.599391604445955
3671,50.0,50.585428797737976
3672,50.0,50.610737400816355
3673,50.0,50.69050257552813
3674,50.0,50.70353561210375
3675,50.0,50.78301795464239
3676,50.0,51.11429245204638
3677,50.0,50.33232651223158
3678,50.0,50.062936994686304
3679,50.0,49.982320072510625
3680,50.0,49.95564282178985
3681,51.0,49.93576004511325
3682,50.0,50.01191667140922
3683,50.0,50.02956930014597
3684,50.0,50.03619147413064
3685,50.0,50.03439045086726
3686,50.0,50.437237742795794
3687,50.0,50.777146748841545
3688,50.0,50.85236710311612
3689,50.0,50.887418786917166
3690,50.0,50.90434320408172
3691,50.0,50.92110507402033
3692,50.0,50.882565126750684
3693,50.0,50.895195046205984
3694,50.0,50.92132288730309
3695,50.0,50.90376453595738
3696,50.0,50.902408892093064
3697,50.0,50.92067269839934
3698,50.0,50.91921302431043
3699,50.0,50.91746076521483
3700,50.0,50.91563373439529
3701,50.0,50.911225453627885
3702,50.0,50.911443266910645
3703,50.0,50.91638470257912
3704,50.0,50.91589380995679
3705,50.0,50.91597833451428
3706,50.0,50.91512983799489
3707,50.0,50.915480940002915
3708,50.0,50.91825724662192
3709,50.0,50.91777285588863
3710,50.0,50.92456082804375
3711,50.0,50.829994102938166
3712,51.0,50.63744065909327
3713,51.0,50.62933605440806
3714,50.0,50.55119635195566
3715,50.0,50.6000417933497
3716,50.0,50.44812190504453
3717,50.0,50.423782083432734
3718,50.0,50.39603852290982
3719,50.0,50.41620088081503
3720,50.0,50.40173742865117
3721,50.0,50.48130104480278
3722,50.0,50.478625517463854
3723,50.0,50.40983553144735
3724,50.0,50.40245913833433
3725,50.0,50.75857735375051
3726,50.0,50.850253989178945
3727,50.0,50.86547166047116
3728,50.0,50.903676760455376
3729,50.0,50.88647276206221
3730,50.0,50.8973829318671
3731,50.0,50.896573446681934
3732,50.0,50.91397250174622
3733,50.0,50.91341008834448
3734,50.0,50.91296795988993
3735,50.0,50.923848871194146
3736,50.0,50.92356603902102
3737,50.0,50.922031593208175
3738,50.0,50.91915450730909
3739,50.0,50.91820523150962
3740,50.0,50.91946659798289
3741,50.0,50.91991197738196
3742,50.0,50.920058269885295
3743,50.0,50.874714095737936
3744,50.0,50.78462392123465
3745,50.0,50.7708236617526
3746,50.0,50.76403568959748
3747,50.0,50.788369009320235
3748,50.0,50.7845816589559
3749,50.0,50.78004008946323
3750,50.0,50.77701020917176
3751,50.0,50.77242312645582
3752,50.0,50.76578469774856
3753,50.0,50.937639377842636
3754,50.0,50.93830582146898
3755,50.0,50.92722010066008
3756,50.0,50.92371558246888
3757,50.0,50.899239221187294
3758,50.0,50.899313992911225
3759,50.0,50.8988751154012
3760,50.0,50.898738575731414
3761,50.0,50.90327689427957
3762,50.0,50.90262670537582
3763,50.0,50.90241864492662
3764,50.0,50.9220706045424
3765,50.0,50.923718833413396
3766,50.0,50.9215504534194
3767,50.0,50.92153744964133
3768,50.0,50.92100754568477
3769,50.0,50.92064669084319
3770,50.0,50.92015904916538
3771,50.0,50.920090779330486
3772,50.0,50.91935931681377
3773,50.0,50.91866361468676
3774,50.0,50.91831251267874
3775,50.0,50.92596848702036
3776,50.0,50.92592297379711
3777,50.0,50.92572141523694
3778,50.0,50.92609202291208
3779,50.0,50.926950272265024
3780,50.0,50.92680072881716
3781,50.0,50.92731437805112
3782,50.0,50.92805884434591
3783,50.0,50.92801008017813
3784,50.0,50.92828641046223
3785,50.0,50.92814011795888
3786,50.0,50.928289661406744
3787,50.0,50.92820188590474
3788,50.0,50.928153121736955
3789,50.0,50.928185631182146
3790,50.0,50.92616679463601
3791,50.0,50.922093361154026
3792,50.0,50.92107906646418
3793,50.0,50.92004526610722
3794,50.0,50.91810770317406
3795,50.0,50.89825743594264
3796,50.0,50.76435753310483
3797,50.0,50.70845104021608
3798,50.0,50.69363973698871
3799,50.0,50.663633519080754
3800,50.0,50.56126452713019
3801,50.0,50.43754333158056
3802,50.0,50.42816760758851
3803,50.0,50.3404311169168
3804,50.0,50.40461776549477
3805,51.0,50.54798116782663
3806,51.0,50.42099277303566
3807,50.0,50.486349761640376
3808,50.0,50.50501018317794
3809,50.0,50.472026100090815
3810,50.0,50.50003298711975
3811,51.0,50.469477359588126
3812,51.0,50.551862795582
3813,50.0,50.585900184693195
3814,51.0,50.6429802685532
3815,50.0,50.73947805470292
3816,50.0,50.7562334227525
3817,50.0,50.65732343576988
3818,51.0,50.788089428091624
3819,51.0,50.948042400302604
3820,50.0,51.06968949324928
3821,51.0,51.167643702543394
3822,58.0,51.00119534318398
3823,57.0,54.278043387847916
3824,54.0,55.113552383886336
3825,52.0,54.82254083434693
3826,52.0,54.98630066258935
3827,50.0,55.20319067710152
3828,51.0,55.37992827586274
3829,51.0,55.23122032074208
3830,50.0,55.33501647733637
3831,50.0,55.197332475078746
3832,50.0,55.189913819686986
3833,50.0,53.62493188497784
3834,50.0,51.52080680939205
3835,50.0,50.31997292306038
3836,50.0,50.17591381860151
3837,50.0,50.20703185953487
3838,50.0,50.36086005227255
3839,50.0,50.38343461101067
3840,50.0,50.40650331331564
3841,50.0,50.42794979430576
3842,50.0,50.701038886713356
3843,50.0,50.773860043933105
3844,50.0,50.81182132307841
3845,50.0,50.798368914659875
3846,50.0,50.764318521770605
3847,50.0,50.7730440568589
3848,50.0,50.77066111452667
3849,50.0,50.79402565278284
3850,50.0,50.79387610933498
3851,50.0,50.851047219641515
3852,50.0,50.861560774215114
3853,50.0,50.87203531745449
3854,50.0,50.872932578141665
3855,50.0,50.90636529157237
3856,50.0,50.90438221541594
3857,50.0,50.90484710048212
3858,50.0,50.908829507517574
3859,50.0,50.9186538618532
3860,50.0,50.91879365246751
3861,50.0,50.917366487823784
3862,50.0,50.914203318807054
3863,50.0,50.913595392182046
3864,50.0,50.91192440669941
3865,50.0,50.91149528202294
3866,50.0,50.91153104241265
3867,50.0,50.912564842769605
3868,50.0,50.909684505926
