,y_actual,y_predict
0,83.3130874633789,81.54931898222827
1,84.99617767333984,81.69391432097527
2,85.83773040771484,83.16125553324798
3,84.99617767333984,84.69257492327904
4,84.99617767333984,84.51562646152681
5,86.67926788330078,84.18448003110773
6,85.83773040771484,84.63260440049407
7,85.83773040771484,84.18346335922413
8,85.83773040771484,83.6063577634707
9,86.67926788330078,83.64031296458927
10,86.67926788330078,92.15859139952684
11,87.52082061767578,89.12924247442722
12,86.67926788330078,87.60072221166276
13,86.67926788330078,87.25474385029678
14,85.83773040771484,86.18243377797992
15,85.83773040771484,85.49773806024884
16,85.83773040771484,86.21854530736773
17,90.04545593261719,86.39949978429998
18,88.36236572265625,88.25417822608048
19,89.20390319824219,88.70828456164642
20,94.25318908691406,88.3306319517265
21,92.57009887695312,89.04660180843155
22,93.4116439819336,87.94584296110114
23,91.72854614257812,95.14687088001281
24,89.20390319824219,93.99679729710314
25,89.20390319824219,93.79135045658818
26,90.04545593261719,93.76902303018984
27,90.04545593261719,90.43022501047065
28,91.72854614257812,89.88382618518837
29,90.04545593261719,93.49444988066084
30,90.88700103759766,93.51799813321617
31,90.88700103759766,91.71136358716042
32,90.88700103759766,90.99474437228457
33,88.36236572265625,92.5540042013874
34,87.52082061767578,91.79718586222405
35,88.36236572265625,90.54605509408547
36,89.20390319824219,89.55114490818374
37,87.52082061767578,89.17541577587585
38,87.52082061767578,88.50360391457922
39,86.67926788330078,86.5318491462298
40,87.52082061767578,86.34491270311797
41,85.83773040771484,86.92344163950843
42,85.83773040771484,86.93790625674255
43,85.83773040771484,86.60595140819667
44,86.67926788330078,86.05895733792448
45,86.67926788330078,85.98342353635378
46,85.83773040771484,85.90236199136439
47,86.67926788330078,86.30527889759153
48,87.52082061767578,86.45431643655249
49,86.67926788330078,86.34200698928294
50,84.15462493896484,86.28041143127759
51,84.15462493896484,88.26430231028903
52,84.15462493896484,88.7082812820597
53,84.15462493896484,87.38231649416707
54,83.3130874633789,85.80785250102447
55,84.15462493896484,84.24519665987178
56,84.15462493896484,83.63163025874474
57,84.15462493896484,83.17338508473657
58,83.3130874633789,83.39964377263631
59,82.47154235839844,83.24041983731912
60,82.47154235839844,83.30578528026057
61,84.15462493896484,83.27777269028093
62,84.15462493896484,82.8846929044242
63,84.99617767333984,82.40031926300776
64,84.99617767333984,83.1624837384751
65,84.15462493896484,83.60176962164766
66,84.99617767333984,83.44508900583281
67,84.99617767333984,83.8307520063194
68,84.99617767333984,86.7575716217006
69,84.99617767333984,84.94212523607318
70,84.99617767333984,85.27641187077786
71,87.52082061767578,85.98664737010078
72,86.67926788330078,86.47377422456972
73,89.20390319824219,85.41630264237322
74,88.36236572265625,86.72516274572112
75,87.52082061767578,93.38713606386445
76,86.67926788330078,96.00592531334428
77,86.67926788330078,92.79710151735911
78,87.52082061767578,93.56943148181735
79,87.52082061767578,86.21420477434214
80,86.67926788330078,88.3389375050981
81,86.67926788330078,88.61313227230914
82,87.52082061767578,87.06841413072837
83,86.67926788330078,88.93242627631759
84,84.99617767333984,90.30546297242047
85,84.99617767333984,92.45781843228458
86,84.99617767333984,90.66631712920575
87,84.99617767333984,89.18794707673777
88,81.62999725341797,86.92425333722194
89,83.3130874633789,86.50017981705595
90,82.47154235839844,84.35555311324882
91,82.47154235839844,82.92985281357595
92,83.3130874633789,81.67881838329731
93,84.15462493896484,81.66033463253629
94,84.99617767333984,82.23988024081035
95,84.15462493896484,82.85179045064315
96,83.3130874633789,85.1173453556233
97,83.3130874633789,84.62504331330821
98,83.3130874633789,84.10298066129104
99,84.99617767333984,84.03269091888764
100,84.99617767333984,84.92722443380512
101,84.99617767333984,85.34039332812293
102,84.99617767333984,85.36599214227573
103,84.99617767333984,85.2291579455046
104,84.99617767333984,85.48622343127049
105,84.15462493896484,85.46997963824009
106,84.15462493896484,85.35140945991965
107,84.15462493896484,85.50234751938557
108,86.67926788330078,84.82271056417201
109,89.20390319824219,84.76300076853138
110,85.83773040771484,85.68952337232805
111,84.99617767333984,85.53560908791259
112,85.83773040771484,85.63070398448224
113,86.67926788330078,86.08299506879796
114,86.67926788330078,87.76026918627198
115,86.67926788330078,92.31930098762876
116,88.36236572265625,88.89183155188184
117,87.52082061767578,86.93736348514018
118,88.36236572265625,87.45338677821015
119,89.20390319824219,87.1811040100576
120,89.20391082763672,88.33693203781804
121,89.20391082763672,88.68736243815815
122,89.20391082763672,87.97629720339475
123,90.08712005615234,88.23539603292784
124,88.3207015991211,91.36184737161886
125,89.20391082763672,90.62409449991122
126,88.3207015991211,89.80487013487404
127,88.3207015991211,89.16081341599943
128,88.3207015991211,89.0441175214902
129,88.3207015991211,88.93746044193473
130,88.3207015991211,86.69468554632044
131,88.3207015991211,87.54553168652403
132,88.3207015991211,88.53684580558591
133,88.3207015991211,88.3588134404223
134,89.20391082763672,88.33163878484993
135,90.08712005615234,92.82717696738644
136,89.20391082763672,95.54307775180826
137,89.20391082763672,94.27598544007148
138,89.20391082763672,95.5709751463043
139,89.20391082763672,92.42483603857721
140,90.97032165527344,94.52524899400167
141,90.08712005615234,87.2112712885131
142,90.08712005615234,87.70351757785394
143,90.97032165527344,87.95474703904935
144,90.08712005615234,89.90656355992687
145,88.3207015991211,89.39100596817133
146,89.20391082763672,89.58211568538596
147,88.3207015991211,89.42031071531915
148,88.3207015991211,88.71153299229383
149,88.3207015991211,87.9326573826883
150,88.3207015991211,93.01655875234731
151,88.3207015991211,92.03535149966368
152,89.20391082763672,90.42770874755877
153,90.08712005615234,89.29465826947414
154,90.08712005615234,88.20299863550187
155,90.08712005615234,87.46323209754736
156,88.3207015991211,87.03437530014841
157,88.3207015991211,87.45129440188198
158,88.3207015991211,92.78958798418071
159,88.3207015991211,92.17543166739217
160,88.3207015991211,90.7684221423921
161,88.3207015991211,90.95542827672176
162,88.3207015991211,90.12308351505783
163,90.08712005615234,89.07073956670001
164,89.20391082763672,88.98409124573097
165,88.3207015991211,88.25946491987516
166,88.3207015991211,88.05337241072445
167,90.08712005615234,88.08646344074197
168,91.85353088378906,87.69313932567451
169,89.20391082763672,87.33828476284744
170,89.20391082763672,87.48672377723176
171,88.3207015991211,87.8054094179034
172,88.3207015991211,87.73071847012007
173,88.3207015991211,88.22003936810553
174,88.3207015991211,87.84843431609963
175,88.3207015991211,87.25744622975509
176,90.97032165527344,86.92875129041015
177,89.20391082763672,89.72273452523343
178,89.20391082763672,90.35580134900509
179,89.20391082763672,90.91364101256448
180,88.3207015991211,91.2313308887179
181,88.3207015991211,90.60480520066179
182,88.3207015991211,90.45183092779031
183,88.3207015991211,87.91615778189365
184,88.3207015991211,88.4622237291237
185,89.20391082763672,88.33903425290637
186,88.3207015991211,88.1950210408024
187,89.20391082763672,88.20693085998066
188,89.20391082763672,88.84144234170303
189,88.3207015991211,89.15844391459332
190,88.3207015991211,90.9101375940495
191,88.3207015991211,88.8671133067637
192,88.3207015991211,88.4464341588542
193,93.61994171142578,86.98203637566382
194,90.08712005615234,90.59113383346588
195,90.08712005615234,89.48290654727448
196,88.3207015991211,90.97869653456077
197,88.3207015991211,90.40414245727646
198,89.20391082763672,90.27870318456834
199,89.20391082763672,89.77986328612442
200,89.20391082763672,88.91809612213905
201,88.3207015991211,93.56773470563743
202,89.20391082763672,92.01361193918511
203,89.20391082763672,90.93596884891116
204,89.20391082763672,90.15624587608653
205,88.3207015991211,90.77568642697969
206,89.20391082763672,91.35928109500948
207,88.3207015991211,93.13769151774207
208,88.3207015991211,91.17241311327047
209,89.20391082763672,91.07222378867766
210,89.20391082763672,91.4772006853141
211,88.3207015991211,88.79183203337053
212,88.3207015991211,88.12476081467948
213,88.3207015991211,87.73278133016774
214,88.3207015991211,87.08731110941628
215,88.3207015991211,86.39910295430671
216,88.3207015991211,86.34984192196002
217,88.3207015991211,86.42438200875418
218,89.20391082763672,86.52388303008385
219,89.20391082763672,86.77596190424008
220,88.3207015991211,87.61945193142788
221,88.3207015991211,87.66087639130411
222,88.3207015991211,87.65174110249204
223,88.3207015991211,88.25811536993936
224,88.3207015991211,88.13804150110722
225,88.3207015991211,87.22585725045592
226,88.3207015991211,87.19250713308742
227,87.43749237060547,86.66027776223434
228,88.3207015991211,88.96312484782194
229,88.3207015991211,87.95485034603107
230,88.3207015991211,86.98196422475596
231,88.3207015991211,88.21519213893151
232,88.3207015991211,89.54995605799728
233,88.3207015991211,90.27108798420159
234,89.20391082763672,90.73187729760876
235,88.3207015991211,91.34371207694699
236,89.20391082763672,88.76794680327959
237,88.3207015991211,89.3348824006104
238,89.20391082763672,89.2637760411134
239,91.85353088378906,89.26792143872908
240,90.08712005615234,94.41719214583874
241,89.20391082763672,91.90570861667557
242,90.97032165527344,90.60026584269123
243,90.08712005615234,89.73041367754126
244,91.85353088378906,89.50221019471581
245,91.85353088378906,89.67697937109178
246,90.97032165527344,89.85155177226446
247,90.97032165527344,90.58195304038806
248,90.08712005615234,90.86031083299339
249,90.97032165527344,90.29344984626049
250,90.08712005615234,90.58658258699344
251,90.97032165527344,90.29681798182322
252,88.3207015991211,89.94030558790855
253,89.20391082763672,90.26366627945137
254,89.20391082763672,92.56524457492618
255,89.20391082763672,91.57285844095479
256,89.20391082763672,90.98172851248457
257,89.20391082763672,90.25027244728174
258,88.3207015991211,90.21191440098988
259,89.20391082763672,88.69869668986682
260,89.20391082763672,88.72878689803439
261,88.3207015991211,88.79325045462747
262,88.3207015991211,88.39292442191012
263,87.43749237060547,86.87686166930636
264,87.43749237060547,86.42514123308015
265,87.43749237060547,85.98310869602854
266,88.3207015991211,85.77547970049892
267,87.43749237060547,86.29106844832832
268,87.43749237060547,86.51502814593645
269,86.55429077148438,86.54254551832119
270,85.67108154296875,87.81007790960112
271,85.67108154296875,88.2066750522164
272,86.55429077148438,87.6349742153796
273,86.55429077148438,87.18695971214841
274,87.43749237060547,86.77688018852203
275,84.78787231445312,86.9637149644455
276,86.55429077148438,88.31719712472287
277,86.55429077148438,90.16651918149088
278,85.67108154296875,90.82633267476777
279,86.55429077148438,89.93829520124842
280,86.55429077148438,88.56463866325522
281,86.55429077148438,87.51935730490165
282,87.43749237060547,86.23189322532326
283,86.55429077148438,86.32135871128588
284,86.55429077148438,85.95651780689256
285,85.67108154296875,86.20345428906985
286,85.67108154296875,86.05103221661255
287,83.02145385742188,85.89480418376525
288,83.90467071533203,87.00411947285143
289,82.13825225830078,92.6757498395507
290,82.13825225830078,89.3548583633296
291,83.90467071533203,88.14182942377028
292,83.90467071533203,85.46377957954354
293,83.90467071533203,84.85564253423354
294,83.90467071533203,84.9623619259367
295,81.25504302978516,83.85784303243037
296,80.37184143066406,84.03257777314576
297,79.48863220214844,83.00682143433721
298,75.95580291748047,81.87106119772415
299,75.95580291748047,80.4996183807678
300,73.3061752319336,78.83948338349907
301,68.89014434814453,77.38496043592642
302,68.89014434814453,75.74834827441593
303,67.12373352050781,73.8279370759812
304,67.12373352050781,71.97041195292664
305,67.12373352050781,69.72989013338987
306,70.65656280517578,68.21842044198924
307,72.4229736328125,68.60699243589758
308,73.3061752319336,68.97414216934267
309,72.4229736328125,69.93336881192374
310,73.3061752319336,71.2959682232862
311,72.4229736328125,72.8812532128156
312,72.4229736328125,72.99956430378506
313,73.3061752319336,72.90362983301475
314,80.37184143066406,72.86053278391067
315,77.72221374511719,75.77988314053421
316,77.72221374511719,76.91983960835712
317,76.8390121459961,77.69983847641468
318,77.72221374511719,78.41851071257804
319,77.72221374511719,79.18561260585425
320,77.72221374511719,77.68212050915308
321,77.72221374511719,77.2492167017401
322,78.60542297363281,77.46018431655196
323,77.72221374511719,77.8339079815798
324,75.95580291748047,77.96044591583954
325,78.60542297363281,78.20197599930684
326,78.60542297363281,78.36087853512534
327,79.48863220214844,78.43872772492125
328,79.48863220214844,79.24988266683079
329,78.60542297363281,79.4178975343543
330,79.48863220214844,79.77129268109042
331,80.37184143066406,79.94491236232057
332,77.72221374511719,80.31155375982385
333,78.60542297363281,79.58127998563404
334,77.72221374511719,79.46887870993629
335,78.60542297363281,79.35240582732409
336,78.60542297363281,79.51420587801083
337,77.72221374511719,78.89715163640572
338,77.72221374511719,78.69067541560862
339,77.72221374511719,78.36961043477069
340,77.72221374511719,78.28253576752788
341,77.72221374511719,77.75214952441215
342,78.60542297363281,77.62500650640233
343,76.8390121459961,77.82100936700509
344,75.95580291748047,78.17113640557346
345,76.8390121459961,78.38397174502309
346,77.72221374511719,78.43726994862365
347,76.8390121459961,78.45532899290427
348,76.8390121459961,77.89588233185145
349,74.18939208984375,77.51426306179218
350,75.07260131835938,76.56387326563154
351,75.95580291748047,75.97753235367104
352,75.95580291748047,75.57387262105154
353,76.8390121459961,75.13963730142972
354,77.72221374511719,75.13699067494565
355,77.72221374511719,75.48954296789441
356,76.8390121459961,76.14620969771225
357,76.8390121459961,76.28551178349115
358,75.95580291748047,76.56472923776579
359,76.8390121459961,76.49029573754007
360,75.95580291748047,76.39804916203782
361,75.95580291748047,75.785797875186
362,75.07260131835938,75.45449566439765
363,75.07260131835938,75.11595048633541
364,75.07260131835938,74.8941307190629
365,75.07260131835938,74.46889786499094
366,75.95580291748047,74.53410916735648
367,75.95580291748047,74.68927625389946
368,75.95580291748047,74.9794360492696
369,75.07260131835938,75.22294864290988
370,75.07260131835938,75.21593688649983
371,74.18939208984375,75.1377302217513
372,75.07260131835938,74.88945402839838
373,75.95580291748047,74.60557628139281
374,75.95580291748047,74.65607371793342
375,76.8390121459961,74.76780595794003
376,74.18939208984375,75.14637193276182
377,75.95580291748047,75.49901277455204
378,75.95580291748047,75.79905232491998
379,75.95580291748047,75.7069156155729
380,77.72221374511719,75.72067676145531
381,77.72221374511719,75.50148722273323
382,77.72221374511719,75.91393952735244
383,78.60542297363281,76.28968013821387
384,80.37184143066406,76.84578162081098
385,79.48863220214844,78.16101396115829
386,77.72221374511719,78.70109138303535
387,78.60542297363281,78.62725476759289
388,80.37184143066406,78.76473832253484
389,80.37184143066406,79.16587113358563
390,79.48863220214844,78.66374180966027
391,76.8390121459961,78.724638815694
392,76.8390121459961,78.87190537782546
393,79.48863220214844,78.67617636271393
394,79.48863220214844,78.63376638702795
395,79.48863220214844,78.24528458175443
396,80.37184143066406,77.9913691390343
397,80.37184143066406,78.17185299527206
398,82.13825225830078,79.08579838399268
399,86.55429077148438,79.56306680077752
400,89.20391082763672,80.30321541058504
401,85.67108154296875,81.85986468865777
402,90.97032165527344,84.99193559919567
403,94.5031509399414,86.21696618636145
404,92.73673248291016,87.22159050813156
405,92.73673248291016,93.75643884599202
406,92.73673248291016,92.92665380176403
407,92.73673248291016,91.61161126749822
408,93.67346954345705,90.34557067822811
409,92.73673248291016,89.6051301852024
410,93.67346954345705,89.1009625981298
411,92.73673248291016,89.16488994229395
412,90.86326599121094,89.83212022094098
413,91.8000030517578,90.18076652610472
414,89.92652893066406,96.83692964642299
415,88.98979949951172,95.26717431991544
416,84.30612182617188,93.78795690422835
417,87.11632537841797,92.7865121417845
418,87.11632537841797,92.72948299834017
419,87.11632537841797,91.8910320561496
420,86.17959594726562,89.88829462209608
421,86.17959594726562,87.2057320665409
422,86.17959594726562,87.21614311458754
423,88.05306243896484,90.56353447141312
424,87.11632537841797,87.5901701413871
425,88.05306243896484,88.52075123375133
426,87.11632537841797,88.23457449645416
427,88.05306243896484,92.2686100554716
428,88.05306243896484,91.85738267649279
429,86.17959594726562,92.87366838874702
430,87.11632537841797,91.4273608059111
431,88.05306243896484,90.84385304692942
432,87.11632537841797,90.40928320946205
433,87.11632537841797,87.39961631412172
434,88.05306243896484,86.91330279715964
435,88.05306243896484,87.26738829690059
436,87.11632537841797,87.05955268740753
437,88.05306243896484,86.62461225664065
438,87.11632537841797,86.60840289927081
439,87.11632537841797,86.71876427202794
440,88.05306243896484,86.59048979659929
441,88.05306243896484,86.73117422818119
442,87.11632537841797,87.0242758128403
443,87.11632537841797,87.26155063253675
444,87.11632537841797,87.0045245018115
445,89.92652893066406,87.04231353980722
446,91.8000030517578,88.80162651911357
447,90.86326599121094,90.0053373329011
448,91.8000030517578,92.00286514344789
449,91.8000030517578,93.53442066372287
450,90.86326599121094,92.0588271913628
451,92.73673248291016,91.57387470289004
452,91.8000030517578,90.42413399803259
453,91.8000030517578,89.84887071011983
454,92.73673248291016,89.4463276767789
455,90.86326599121094,89.0203093616872
456,89.92652893066406,89.10973057322909
457,90.86326599121094,89.06460345994454
458,91.8000030517578,89.02332986105748
459,93.67346954345705,89.0917994328306
460,92.73673248291016,88.22317629280442
461,92.73673248291016,88.94119917079696
462,91.8000030517578,92.59715946315579
463,93.67346954345705,92.29752412185125
464,92.73673248291016,90.83523798256101
465,93.67346954345705,91.08239009756522
466,94.6102066040039,91.41707766174659
467,92.73673248291016,90.59823782825246
468,94.6102066040039,89.88934572964025
469,94.6102066040039,90.59876215217953
470,93.67346954345705,91.44846945589416
471,94.6102066040039,91.52103277179208
472,93.67346954345705,91.47934553502981
473,93.67346954345705,92.2605984350599
474,93.67346954345705,92.54754587523657
475,93.67346954345705,93.30219927721554
476,94.6102066040039,92.92440359532492
477,93.67346954345705,93.19516381534211
478,95.54694366455078,91.98188439734696
479,93.67346954345705,91.20548856525104
480,93.67346954345705,90.9224786788816
481,93.67346954345705,90.70004849853059
482,91.8000030517578,94.05990781919955
483,90.86326599121094,97.10588647807006
484,92.73673248291016,93.46087347180857
485,91.8000030517578,91.72736715046348
486,92.73673248291016,89.80239404689948
487,93.67346954345705,91.28006308770578
488,96.48368072509766,89.48221127488956
489,92.73673248291016,90.00805938987975
490,94.6102066040039,90.49800258944558
491,93.67346954345705,90.99579384003538
492,93.67346954345705,90.40812387555607
493,93.67346954345705,93.2116494778932
494,97.42041015625,90.84645211940602
495,103.97754669189452,89.89280733342454
496,102.10408782958984,90.7907204624583
497,103.04082489013672,91.29772817163152
498,100.2306137084961,93.69196668048379
499,97.42041015625,95.69785067302217
500,96.48368072509766,92.77031385301986
501,93.67346954345705,93.34923510997186
502,94.6102066040039,91.21816170823868
503,97.42041015625,90.92786621996795
504,98.35713958740234,90.18774384685419
505,94.6102066040039,89.76180260205044
506,94.6102066040039,89.59325480168472
507,93.67346954345705,89.72024367911864
508,92.73673248291016,90.283648801344
509,91.8000030517578,89.88051544239326
510,90.86326599121094,89.88885707121878
511,91.8000030517578,90.64747221395704
512,92.73673248291016,90.30633862207505
513,91.8000030517578,89.81692425586803
514,92.73673248291016,89.47563898310017
515,92.73673248291016,89.67056777905171
516,93.67346954345705,90.350069451313
517,93.67346954345705,91.16130392320053
518,92.73673248291016,91.23233403230627
519,93.67346954345705,91.07008836777378
520,93.67346954345705,94.72763106072561
521,94.6102066040039,93.38353056821275
522,95.54694366455078,92.55131043084423
523,95.54694366455078,93.11302123657973
524,95.54694366455078,93.01872655917006
525,95.54694366455078,91.12389121778108
526,98.35713958740234,91.53794355077191
527,99.29387664794922,92.11865382228035
528,98.35713958740234,91.68618988943636
529,101.16735076904295,91.76926838025932
530,100.2306137084961,92.904224298229
531,101.16735076904295,93.89430693247704
532,101.16735076904295,94.69865591204328
533,101.16735076904295,95.10457568986207
534,102.10408782958984,92.44168901484109
535,99.29387664794922,93.6051096958096
536,100.2306137084961,94.341185878806
537,100.2306137084961,95.2616133706812
538,100.2306137084961,95.76192611102422
539,98.35713958740234,96.47957275892759
540,99.29387664794922,96.29880767812848
541,98.35713958740234,95.98181440669208
542,97.42041015625,95.74157986246678
543,97.42041015625,95.12829981025533
544,99.29387664794922,94.78044532031062
545,98.35713958740234,95.01157234972389
546,98.35713958740234,94.81918031410125
547,97.42041015625,94.86823657725203
548,98.35713958740234,95.22163151901397
549,98.35713958740234,96.07265096487836
550,100.2306137084961,95.83478120765325
551,103.04082489013672,93.76906074543713
552,109.59796142578124,92.51045702900583
553,105.85102081298828,93.34599733798129
554,105.85102081298828,90.65337465015864
555,103.97754669189452,90.45860163457635
556,103.04082489013672,92.34778460825125
557,101.16735076904295,96.06324869720976
558,101.16735076904295,100.67643241958547
559,102.10408782958984,100.61078042275426
560,101.16735076904295,99.2063986666146
561,100.2306137084961,98.15784151356192
562,101.16735076904295,97.96159247898089
563,100.2306137084961,97.87622022470767
564,101.16735076904295,97.72823420323923
565,101.16735076904295,97.43036512435825
566,100.2306137084961,97.45338044407137
567,99.29387664794922,97.88162621346932
568,98.35713958740234,97.62994785884143
569,98.35713958740234,97.0184272536624
570,101.16735076904295,96.40381615043401
571,117.09183502197266,95.82806502399644
572,157.37142944335938,105.27800947958048
573,147.0673370361328,168.69219998905606
574,137.6999969482422,155.2995550298225
575,172.35919189453125,152.26501902837487
576,171.42245483398438,142.3569841542811
577,180.789794921875,166.54865554886695
578,177.04286193847656,178.14731409818364
579,164.8653106689453,185.0266014413928
580,191.0938873291016,175.9012760137817
581,211.70204162597656,186.70363778882955
582,198.58775329589844,192.69687262838238
583,185.4734649658203,198.51644023269762
584,204.2081756591797,193.0843426811524
585,191.0938873291016,180.30768281825283
586,192.9673614501953,186.8492055250394
587,180.789794921875,194.00032469322693
588,177.97959899902344,171.46227667647472
589,183.6000061035156,158.51257269981457
590,177.97959899902344,184.5633270211476
591,182.66326904296875,195.583407440273
592,182.66326904296875,189.55903620438852
593,178.9163360595703,152.36873923802145
594,179.85305786132812,169.09492667925338
595,173.29591369628906,175.00045881070628
596,168.61224365234375,175.28801297442638
597,166.73876953125,177.41012203580533
598,166.73876953125,188.30326277129763
599,181.72653198242188,158.69352061757337
600,171.42245483398438,165.59380387497202
601,166.73876953125,175.56464611436468
602,158.30816650390625,185.38179380165218
603,168.61224365234375,186.02091966189136
604,163.92857360839844,182.08427430020012
605,162.0550994873047,178.20553332165946
606,162.0550994873047,176.1362256064928
607,154.5612335205078,173.87594755654715
608,150.8142852783203,172.75414524101978
609,150.8142852783203,169.81471725448867
610,154.5612335205078,166.7090470170569
611,161.11837768554688,143.98680757127855
612,154.5612335205078,145.92773586424147
613,155.49795532226562,148.2692295997524
614,154.5612335205078,151.5228354350068
615,155.49795532226562,153.73820938356494
616,159.24490356445312,166.5339302044885
617,162.99183654785156,149.97092188015958
618,166.73876953125,159.78189082606423
619,179.85305786132812,169.2370508494059
620,168.61224365234375,173.0175485281245
621,174.23265075683594,153.41646880786243
622,167.67552185058594,165.6900072718535
623,165.8020477294922,173.20784982721233
624,171.42245483398438,180.48011692888323
625,181.72653198242188,141.81213329393125
626,177.04286193847656,155.22629562164298
627,207.95509338378906,181.46188745058623
628,196.7142791748047,194.24229916069496
629,198.58775329589844,211.42777960389247
630,192.9673614501953,209.99561031941192
631,189.2204132080078,205.5105721437119
632,206.08164978027344,207.82508799885375
633,222.9428558349609,218.27933476178669
634,207.95509338378906,219.95957198586336
635,198.58775329589844,212.47602734843545
636,196.7142791748047,178.18868936425906
637,192.85714721679688,214.06994585000857
638,187.0714263916016,209.26910315057148
639,200.5714263916016,179.69087782523854
640,187.0714263916016,121.66321009043618
641,176.46429443359375,155.45269861135847
642,168.75,149.434656977846
643,177.42857360839844,171.22202071244863
644,182.25,184.11973668040338
645,190.92857360839844,146.93965234708634
646,186.10714721679688,148.28503064857546
647,185.14285278320312,134.89008013987683
648,182.25,142.8451080031133
649,187.0714263916016,140.2468095089808
650,183.21429443359372,185.4505798535439
651,185.14285278320312,194.4934367934622
652,184.17857360839844,196.32414801548373
653,189.96429443359372,196.48270947428318
654,189.0,157.52807356195945
655,189.0,128.11196804701856
656,180.3214263916016,144.62488396376693
657,177.42857360839844,150.14634369429308
658,173.57142639160156,147.83909212373882
659,178.39285278320312,145.27451761986106
660,173.57142639160156,127.10934591294178
661,176.46429443359375,136.87397101888828
662,176.46429443359375,133.64642805930777
663,176.46429443359375,143.2726546056171
664,176.46429443359375,131.54060870517333
665,174.5357208251953,181.09820096071883
666,175.5,190.74759778721386
667,175.5,189.29575754157918
668,175.5,188.31449863540468
669,174.5357208251953,186.82702895963024
670,174.5357208251953,186.4924783181945
671,165.85714721679688,186.50640344341295
672,163.92857360839844,164.08083213285306
673,161.0357208251953,147.05673687262203
674,164.89285278320312,150.05628296334055
675,162.96429443359375,147.444725100094
676,163.92857360839844,143.85381377055802
677,166.82142639160156,166.9778157080376
678,167.7857208251953,177.27058873916258
679,170.67857360839844,179.0822455623336
680,175.5,180.49088053250242
681,174.5357208251953,182.5909179752473
682,173.57142639160156,185.47582611212414
683,171.64285278320312,186.38794477104102
684,173.57142639160156,186.7728305094747
685,174.5357208251953,186.54231491801073
686,172.60714721679688,184.89950433759708
687,171.64285278320312,184.01212032173194
688,171.64285278320312,183.28529831256628
689,172.60714721679688,182.68828234582804
690,171.64285278320312,182.09060390257216
691,164.89285278320312,181.10705584486624
692,176.46429443359375,180.41002560147646
693,173.57142639160156,158.83063357921583
694,169.71429443359375,166.84705202628754
695,180.3214263916016,173.3428835308735
696,178.39285278320312,171.95166972536805
697,174.5357208251953,184.92383887106882
698,175.5,187.93680831023747
699,177.42857360839844,193.8521070509463
700,179.35714721679688,189.94139666104678
701,180.3214263916016,188.9972823540773
702,178.39285278320312,183.28537046347412
703,171.64285278320312,192.81994895885785
704,171.64285278320312,191.66398646804183
705,170.67857360839844,190.5965072269654
706,177.42857360839844,189.19803897563253
707,173.57142639160156,186.82357883439948
708,174.5357208251953,186.60214769815343
709,178.39285278320312,186.6761286154116
710,175.5,175.35736311523414
711,175.5,186.98290115731828
712,170.67857360839844,194.57489516844484
713,169.71429443359375,192.57950933797537
714,169.71429443359375,182.87098156289602
715,169.71429443359375,186.09207357539583
716,168.75,182.84817531683638
717,171.64285278320312,180.27961611509227
718,169.71429443359375,179.02168471393884
719,168.75,178.3026287661291
720,167.7857208251953,178.0640257138105
721,169.71429443359375,177.63148102114351
722,169.71429443359375,178.12339279263875
723,170.67857360839844,177.94859082039562
724,168.75,178.0464208922908
725,176.46429443359375,177.94468155302386
726,169.71429443359375,179.41091262519143
727,168.75,180.70549668754168
728,167.7857208251953,180.94267639922322
729,166.82142639160156,180.47978241103766
730,166.82142639160156,179.93798156633858
731,166.82142639160156,177.73038023830983
732,166.82142639160156,175.1031098750817
733,182.25,175.9077236812757
734,177.42857360839844,179.48976044914397
735,179.35714721679688,185.7421351130639
736,172.60714721679688,192.65764877119614
737,170.67857360839844,193.29224880175997
738,172.60714721679688,185.2095236703578
739,168.75,187.42327750307567
740,166.82142639160156,185.473274593655
741,165.85714721679688,183.95094291103356
742,165.85714721679688,182.63203743355842
743,163.92857360839844,180.83206249828856
744,162.0,179.21473430669909
745,162.0,176.05426217515506
746,162.0,174.23663650415136
747,158.14285278320312,173.03773110480714
748,159.10714721679688,172.42279547622397
749,157.17857360839844,150.77412546406342
750,157.17857360839844,156.95263727584714
751,157.17857360839844,161.06298922781664
752,159.10714721679688,160.34379553736463
753,155.25,157.81388298554384
754,154.2857208251953,163.8690823366082
755,153.32142639160156,162.97366333327597
756,154.2857208251953,162.10470403561087
757,158.14285278320312,161.30546875163975
758,161.0357208251953,161.15642465350535
759,159.10714721679688,161.80847864459975
760,160.07142639160156,162.94198252554858
761,160.07142639160156,164.05358532637285
762,163.92857360839844,165.57278172408877
763,162.0,168.04513752895144
764,163.92857360839844,169.15325084950427
765,163.92857360839844,170.09398718215087
766,157.17857360839844,170.99330233450797
767,161.0357208251953,170.8509289157646
768,164.89285278320312,168.90646194872943
769,160.07142639160156,168.67114504230557
770,162.96429443359375,168.00398527477307
771,173.57142639160156,167.97257339315684
772,168.75,170.1696734845041
773,170.67857360839844,172.90362224460137
774,159.10714721679688,175.32714500318446
775,162.0,175.93881416339326
776,162.96429443359375,176.26267991129114
777,161.0357208251953,174.76940536702006
778,162.96429443359375,172.25592354467278
779,162.96429443359375,169.37349477535722
780,161.0357208251953,168.554188420652
781,162.96429443359375,168.63918874929362
782,162.0,168.5232815953908
783,162.0,168.68528662024764
784,168.75,167.90775564119784
785,165.85714721679688,169.73527254575288
786,167.7857208251953,171.40227335782254
787,165.85714721679688,172.56507050736568
788,169.71429443359375,173.45767562529107
789,180.3214263916016,176.170320190047
790,184.17857360839844,177.97195459619786
791,179.35714721679688,163.9852256207549
792,180.3214263916016,176.53275387778692
793,186.10714721679688,186.32518004036956
794,202.5,173.5569487153436
795,198.6428680419922,201.22141712369927
796,210.21429443359375,197.02149309919872
797,204.42857360839844,186.19843713193973
798,217.92857360839844,197.15639561939105
799,216.0,137.83969124317744
800,217.92857360839844,168.22714803280792
801,225.6428680419922,190.6676349037761
802,216.0,196.3265814688309
803,219.85714721679688,200.74236133215135
804,217.92857360839844,222.45053616578247
805,216.0,222.45612458155546
806,212.1428680419922,222.164621795423
807,217.92857360839844,221.69223012409265
808,221.7857208251953,220.66439452730282
809,214.0714263916016,221.23888629243942
810,212.1428680419922,220.66781841583983
811,219.85714721679688,219.3952338212158
812,208.2857208251953,219.96895160388618
813,200.5714263916016,235.11366329556546
814,202.5,192.24600816429043
815,206.35714721679688,203.11263672072806
816,210.21429443359375,204.63244968074758
817,210.21429443359375,190.45059185456307
818,216.0,189.96733819201194
819,216.0,214.9465924989483
820,216.0,217.52220937131653
821,231.42857360839844,216.84340051175013
822,254.57142639160162,219.41123820441555
823,244.92857360839844,198.34239256540036
824,243.0,221.51346641109023
825,243.0,232.31317172089382
826,246.85714721679688,237.34214247266175
827,266.1428527832031,230.83503574892808
828,268.0714416503906,232.89041833887626
829,256.5,235.6819632009723
830,244.92857360839844,234.83556745994946
831,229.5,236.37146351325003
832,229.5,235.36375146058185
833,233.35714721679688,234.48050628315895
834,221.7857208251953,232.09640415696543
835,225.6428680419922,229.2224367213907
836,217.92857360839844,226.79340425711587
837,214.0714263916016,225.94719217294943
838,210.21429443359375,224.4871857563788
839,206.35714721679688,221.38937996790463
840,210.21429443359375,218.88193914429792
841,210.21429443359375,217.58932283398042
842,216.0,216.1982402119438
843,212.1428680419922,216.63323147630487
844,212.1428680419922,216.72324957263004
845,217.92857360839844,215.92101018722224
846,217.92857360839844,216.9393612192142
847,221.7857208251953,217.40023498197945
848,237.21429443359375,218.48631603893887
849,231.42857360839844,221.37332311131732
850,243.0,224.3630206031119
851,243.0,227.37915156387982
852,227.57142639160162,229.9703399140006
853,212.1428680419922,230.67280115300076
854,214.0714263916016,228.60733055429802
855,210.21429443359375,227.40258093141648
856,208.2857208251953,223.82982539396943
857,212.1428680419922,219.26419465418113
858,216.0,215.9511299116703
859,222.0,213.96518273178464
860,228.0,215.02355784012283
861,236.0,216.62957145752395
862,232.0,221.1025473132632
863,244.0,224.5575263323764
864,244.0,227.54795845159651
865,240.0,230.96076198547433
866,236.0,232.21620090071963
867,234.0,231.84171145219233
868,236.0,231.80057231636084
869,238.0,230.34827948775865
870,238.0,228.9968405100086
871,226.0,228.5715437039956
872,224.0,228.13037369825167
873,220.0,227.29596812628176
874,226.0,225.75671377617863
875,222.0,224.5238515359225
876,226.0,222.1561079882946
877,226.0,220.61833601138946
878,224.0,220.4212328494417
879,222.0,220.44945041359142
880,222.0,220.07149772148654
881,218.0,220.15894462182223
882,220.0,219.70881478515582
883,220.0,219.11460614465102
884,206.0,218.5336076794594
885,204.0,218.02599324674276
886,220.0,216.98219262179384
887,208.0,216.930939240514
888,210.0,216.4500206437084
889,208.0,215.2340417158933
890,214.0,214.29840186101154
891,218.0,214.70290608721177
892,226.0,214.88363755224697
893,228.0,216.24399700587884
894,230.0,218.43605965202227
895,230.0,221.581616223158
896,228.0,224.0926514738112
897,226.0,225.4961046969604
898,230.0,225.66460986269874
899,228.0,225.77586656263077
900,230.0,225.13932501672795
901,230.0,224.39041171140786
902,226.0,223.31451049163124
903,220.0,223.46464997173052
904,222.0,221.91360222777774
905,222.0,221.10505291751824
906,224.0,220.07652204834352
907,226.0,218.92202881237858
908,226.0,218.92766970153917
909,220.0,219.2872829446988
910,218.0,219.29221544312756
911,218.0,218.98612505525892
912,218.0,218.29788410428213
913,212.0,217.11270705495312
914,214.0,215.56690664975434
915,212.0,214.20570762192185
916,204.0,213.4400946610171
917,200.0,212.05008774342505
918,206.0,210.14565797108304
919,212.0,209.10188358282787
920,212.0,208.56338856154383
921,210.0,208.3298032769088
922,212.0,208.54600675192114
923,210.0,209.8849701817835
924,210.0,210.75794369359542
925,208.0,210.69285045635183
926,204.0,210.33096773918112
927,198.0,209.79440111488918
928,195.0,208.2385258192827
929,204.0,206.84787610269328
930,202.0,205.95662873367047
931,200.0,205.05395528451083
932,204.0,203.99971901461487
933,210.0,204.25009578326274
934,210.0,205.75073627930976
935,206.0,206.75009850418564
936,212.0,207.35884883221252
937,212.0,209.45749573018756
938,212.0,211.02559732509093
939,218.0,211.00283699324535
940,218.0,212.36016610874677
941,220.0,214.272558717648
942,214.0,214.475224058675
943,212.0,214.91481986279274
944,214.0,214.9258786292168
945,212.0,213.94585940682296
946,208.0,212.95001945808576
947,208.0,211.49751673593337
948,208.0,210.41892625504533
949,206.0,209.83308711985316
950,206.0,209.04413661983992
951,208.0,208.09234807994267
952,208.0,207.65792090449764
953,216.0,207.6533294830879
954,214.0,208.60460640745663
955,214.0,209.84063016931208
956,216.0,210.84379015561115
957,216.0,212.17060599625793
958,214.0,213.45745023394602
959,210.0,213.28541623289559
960,212.0,212.8001948183117
961,214.0,212.395743065499
962,212.0,212.10464694811995
963,212.0,211.52936808217027
964,210.0,211.0566353338209
965,210.0,210.95971698703426
966,210.0,210.69300787651446
967,210.0,210.15801545384875
968,214.0,209.86538448988415
969,218.0,209.8908340828411
970,226.0,211.40027043047456
971,222.0,214.10274171722116
972,222.0,216.31583307342132
973,224.0,218.08510451780677
974,220.0,219.60546844839547
975,222.0,219.53285839838674
976,220.0,218.3709795331256
977,222.0,217.80748094267864
978,222.0,217.2078806616041
979,220.0,217.00747167624132
980,218.0,216.9679460970767
981,214.0,216.57712430667755
982,226.0,215.9270183900956
983,234.0,217.09823751833892
984,232.0,219.2394796886497
985,228.0,220.95736656828643
986,216.0,222.27628516410846
987,222.0,222.83679277146558
988,216.0,221.2267124665301
989,216.0,219.37856040232492
990,220.0,217.21100282816275
991,218.0,215.58855192211465
992,222.0,215.34397346278996
993,218.0,215.2754432186625
994,218.0,215.56091156522785
995,218.0,215.681626593264
996,218.0,215.44895959291094
997,220.0,215.44439440819494
998,218.0,215.27588924245657
999,218.0,215.28269766448994
1000,216.0,215.24773727004128
1001,218.0,215.1639897435272
1002,216.0,215.13540486566467
1003,216.0,214.63099130958798
1004,216.0,214.35154428424283
1005,216.0,214.0748914667842
1006,216.0,214.04899585003315
1007,212.0,213.88514769743898
1008,210.0,213.59613739721465
1009,208.0,212.83443370368167
1010,212.0,211.8179454769474
1011,212.0,211.25313505181194
1012,212.0,210.62564516525978
1013,212.0,210.29339679370236
1014,212.0,210.3547381837368
1015,212.0,210.91840731269326
1016,212.0,210.89495170846277
1017,212.0,211.01062929129506
1018,212.0,211.24736297918253
1019,210.0,211.0381515830599
1020,208.0,210.85812850875647
1021,208.0,210.42995878477564
1022,208.0,209.91169225438833
1023,210.0,209.27647566152086
1024,208.0,208.90088427185526
1025,208.0,208.54220243132448
1026,210.0,208.44217503632606
1027,208.0,208.47170443516427
1028,210.0,208.44645161741056
1029,208.0,208.3663903463712
1030,206.0,208.36858111030097
1031,208.0,208.2324520246749
1032,206.0,207.90269613902564
1033,204.0,207.73572581987284
1034,206.0,207.00677863851178
1035,204.0,206.69875985365104
1036,208.0,206.34882795049256
1037,204.0,206.10552852998916
1038,204.0,206.00754759710478
1039,206.0,205.80673850216203
