,y_actual,y_predict
0,30.031949996948242,133.37843964114774
1,30.609495162963867,29.586589560749076
2,30.609495162963867,30.056078302762216
3,30.609495162963867,30.381261379039643
4,30.609495162963867,30.57117853237196
5,30.609495162963867,30.361283134698624
6,28.87687110900879,30.96545991655603
7,28.87687110900879,30.62261012834074
8,28.87687110900879,30.868705774541013
9,28.87687110900879,30.906268176091203
10,30.031949996948242,30.75535813206102
11,30.609495162963867,30.65629245764285
12,28.87687110900879,30.61877133345706
13,28.87687110900879,30.0626826810568
14,28.87687110900879,30.23699699066833
15,28.87687110900879,30.231589655939615
16,30.031949996948242,30.167362077025246
17,28.299341201782227,29.9968040075687
18,28.588104248046875,29.94301960183259
19,28.299341201782227,29.875654943228255
20,28.87687110900879,29.824140792530898
21,28.588104248046875,29.639672251291472
22,28.299341201782227,29.595588026175392
23,30.031949996948242,29.71917245501197
24,29.454416275024414,30.21999071655989
25,28.87687110900879,30.18143765826551
26,28.87687110900879,29.887047495786305
27,31.187028884887695,29.921968146018685
28,30.609495162963867,29.751533908655233
29,32.91963195800781,29.269455570518176
30,33.49717330932617,29.391430182145427
31,33.49717330932617,29.224091747107536
32,34.652252197265625,29.51299202012933
33,35.80732345581055,29.693456657027696
34,35.80732345581055,29.5901394140825
35,35.80732345581055,29.88411680291813
36,36.384864807128906,30.016617142452333
37,36.384864807128906,30.47417672617098
38,36.962406158447266,30.69645533314656
39,36.962406158447266,30.909529087874148
40,38.695011138916016,31.08260507655541
41,38.695011138916016,31.367996773608184
42,37.539939880371094,31.653182083839283
43,37.539939880371094,32.04259273903108
44,36.962406158447266,32.25574904848736
45,36.384864807128906,32.774316576701835
46,37.539939880371094,33.11258457747522
47,37.539939880371094,33.624258785844745
48,37.539939880371094,33.7672848532859
49,38.11748123168945,34.03628943669537
50,37.539939880371094,34.52117463560762
51,36.962406158447266,34.64083771483172
52,36.962406158447266,35.080028871418676
53,36.962406158447266,36.51334407079116
54,36.962406158447266,36.986547775595
55,36.384864807128906,38.17372605140281
56,36.384864807128906,38.14532722473632
57,36.962406158447266,38.24530100116988
58,36.962406158447266,39.03534975465425
59,36.962406158447266,39.08587324860741
60,36.962406158447266,39.245823035428316
61,36.962406158447266,39.38084129418735
62,36.962406158447266,39.40358512193916
63,36.962406158447266,39.468514416047356
64,36.962406158447266,39.69508586891436
65,36.384864807128906,39.71217469775149
66,36.962406158447266,39.63824693821698
67,35.229793548583984,38.42366049248676
68,35.80732345581055,37.221415978694495
69,36.384864807128906,36.89767761016901
70,28.87687110900879,35.124030541806064
71,35.80732345581055,34.32077303173264
72,33.49717330932617,33.81165801995235
73,33.49717330932617,33.5204874918918
74,32.91963195800781,31.920618127403827
75,33.49717330932617,32.24472799220837
76,33.49717330932617,32.19907522724736
77,34.07471466064453,30.98989611624586
78,33.49717330932617,30.797708707874676
79,33.49717330932617,30.903131096401353
80,33.49717330932617,30.328591462140707
81,34.07471466064453,29.89109267749177
82,34.07471466064453,30.015543930979447
83,33.49717330932617,30.086169501366726
84,33.49717330932617,29.365012668967324
85,34.241031646728516,29.544858145400553
86,34.241031646728516,29.437908494393355
87,34.241031646728516,29.37277281346337
88,34.241031646728516,29.30540815485915
89,35.42176055908203,29.244069991448555
90,36.60248565673828,29.18231905439461
91,35.42176055908203,29.14776990044129
92,36.012123107910156,29.26512144726246
93,36.012123107910156,29.302766403541227
94,36.012123107910156,29.563598068811302
95,37.78321075439453,29.834666520437736
96,37.78321075439453,30.220733709118008
97,36.012123107910156,30.42782224601615
98,37.78321075439453,31.37043213810432
99,38.96393966674805,31.499382624305213
100,37.78321075439453,31.663171206009793
101,38.373573303222656,32.62547040088862
102,38.373573303222656,33.19551080243605
103,38.373573303222656,33.38030956259013
104,38.373573303222656,34.43820713328239
105,38.373573303222656,36.133385932033434
106,38.373573303222656,36.26336835234281
107,38.373573303222656,36.35471515962922
108,38.373573303222656,38.95060732566242
109,38.373573303222656,38.94941028209655
110,38.373573303222656,39.04236690659218
111,37.78321075439453,39.11096988612667
112,38.373573303222656,39.1573243662815
113,40.144657135009766,39.02259504907295
114,40.73501968383789,37.666427243653516
115,39.55429458618164,37.91045902163671
116,39.55429458618164,37.29575651187247
117,39.55429458618164,36.20000759807965
118,38.96393966674805,36.21305124521132
119,39.55429458618164,36.28561685172258
120,39.55429458618164,35.96757475947618
121,39.55429458618164,36.144778484591484
122,39.55429458618164,36.20710730474627
123,39.55429458618164,36.32189965497821
124,39.55429458618164,36.384434861954674
125,38.96393966674805,36.48168433234173
126,38.96393966674805,36.530432899628295
127,37.19284439086914,36.427776094512524
128,37.19284439086914,36.35017464955172
129,37.78321075439453,36.2516043035057
130,35.42176055908203,36.26171725776919
131,37.78321075439453,36.1939811028858
132,38.373573303222656,36.088434882266256
133,40.73501968383789,35.97690344381715
134,40.73501968383789,35.437697233432345
135,41.91575241088867,35.63801628257863
136,44.86756134033203,35.6857329157566
137,52.54227066040039,36.02730310567733
138,65.53025817871094,33.052649844452276
139,64.93989562988287,33.27047049607904
140,64.93989562988287,36.2314609497073
141,51.361549377441406,35.84935638800391
142,56.6748161315918,38.2249512605498
143,54.903724670410156,39.342618454807734
144,54.903724670410156,39.64212701046506
145,51.95190429687506,42.297830077428216
146,51.361549377441406,44.39187204780512
147,49.000099182128906,46.348295285469476
148,52.54227066040039,47.29957342406925
149,56.6748161315918,48.036993538018976
150,56.084457397460994,49.692050738630655
151,57.26517868041992,51.98377000683598
152,56.084457397460994,53.5224250400064
153,56.084457397460994,54.62680092294647
154,54.903724670410156,55.904294071932156
155,54.31335449218744,57.1154544964221
156,54.903724670410156,58.58781808246107
157,55.49409103393555,59.626645510827814
158,54.903724670410156,59.73037552741647
159,55.49409103393555,60.38965759066889
160,54.31335449218744,61.065161658107286
161,54.903724670410156,61.39851765252416
162,55.49409103393555,55.92410720681579
163,54.31335449218744,50.65876661149389
164,55.49409103393555,45.66243059958151
165,54.903724670410156,42.2568829320021
166,54.31335449218744,42.014295861770734
167,53.722999572753906,42.140976092932874
168,54.31335449218744,41.97908626998799
169,55.49409103393555,42.0063706078173
170,55.49409103393555,42.34690886362955
171,55.49409103393555,42.787792392154415
172,53.722999572753906,43.04007964300581
173,54.31335449218744,42.98844166021536
174,55.49409103393555,42.254530122234655
175,55.49409103393555,42.990918302075784
176,58.445903778076115,42.970444729362725
177,59.03626251220703,43.65020036532826
178,62.578449249267635,42.15571211200256
179,59.03626251220703,43.299384045795136
180,59.62663269042969,42.557629808589695
181,60.216999053955135,42.924461745487065
182,61.4094123840332,42.377330281148716
183,57.8321533203125,42.936349626417154
184,58.428367614746094,43.09584536223031
185,56.63975143432617,43.22954274533038
186,58.428367614746094,43.321549990446215
187,62.005615234375,44.351461508115335
188,59.0245742797851,43.00103125633939
189,59.0245742797851,44.01612420021013
190,59.62078475952154,44.12134020191502
191,58.428367614746094,44.3490261436192
192,60.216999053955135,44.51425943307572
193,61.4094123840332,44.54591917152527
194,61.4094123840332,45.59712980919426
195,62.005615234375,45.091358263925486
196,62.60182189941406,45.65582622128693
197,60.81320571899414,45.55366474454331
198,62.60182189941406,45.485680925473844
199,63.198036193847656,45.69677336671316
200,63.198036193847656,46.81869212949806
201,63.198036193847656,46.24720702019869
202,63.198036193847656,46.48562507663155
203,61.4094123840332,46.58353498484814
204,61.4094123840332,46.264832454772204
205,64.39044189453125,46.16456973678828
206,64.39044189453125,46.210552720664
207,63.198036193847656,46.36096743632214
208,64.39044189453125,46.461808037406854
209,65.58287048339844,46.63343931833623
210,65.58287048339844,46.93517685166802
211,69.75633239746094,46.99048851988482
212,69.75633239746094,48.010823689026836
213,72.73735046386724,48.29150976654478
214,71.5449447631836,48.62292572483767
215,72.73735046386724,48.74882168607735
216,72.73735046386724,49.24935100607479
217,75.1221923828125,49.841020746536856
218,76.9108047485351,50.13578240529506
219,76.31461334228516,51.521463526218156
220,69.1601181030274,51.9753494245104
221,69.75633239746094,52.45288725257001
222,64.39044189453125,52.335907202027954
223,68.5639038085938,51.71988381660475
224,68.5639038085938,51.36493976063758
225,68.5639038085938,53.45126286388273
226,65.58287048339844,53.787755937989516
227,63.198036193847656,53.8646969451209
228,59.62078475952154,52.746039094118885
229,59.62078475952154,53.20483699876769
230,63.794239044189396,53.17544751535701
231,58.428367614746094,53.140444310395935
232,65.58287048339844,53.192701453651466
233,68.5639038085938,52.960268615047994
234,65.58287048339844,53.013557692412064
235,65.58287048339844,53.1891928776825
236,67.9676895141601,53.274595744503756
237,67.9676895141601,52.644042726832595
238,67.9676895141601,52.84394900233542
239,67.9676895141601,52.90446161845915
240,68.5639038085938,52.829089151172695
241,68.5639038085938,52.746782086677
242,68.5639038085938,52.567803434894984
243,68.5639038085938,52.49849874016667
244,68.5639038085938,52.27126684947012
245,68.5639038085938,52.02896872078924
246,70.35252380371094,52.19193175520701
247,79.891845703125,52.988626164350194
248,79.891845703125,54.29984292000239
249,79.891845703125,53.17309470558956
250,79.891845703125,52.67004746636735
251,79.891845703125,52.44256791148479
252,79.891845703125,52.81167010342085
253,79.891845703125,52.69840501566949
254,79.891845703125,52.84110086419594
255,79.891845703125,53.13573869086105
256,69.75633239746094,53.45960089147957
257,70.94873809814453,53.83171633101256
258,70.35252380371094,54.25249778310342
259,71.5449447631836,54.29856332170783
260,73.33356475830084,54.577969800931214
261,70.94873809814453,54.79215804449598
262,71.5449447631836,54.96205567612304
263,67.9676895141601,55.08237919317668
264,67.9676895141601,55.20753216185824
265,67.3714828491211,55.18008271457154
266,67.3714828491211,55.18829691007534
267,65.58287048339844,55.14739104201357
268,66.77527618408203,55.13517294216865
269,66.17906188964844,55.07057386697517
270,68.5639038085938,55.022898511161486
271,66.77527618408203,55.04882069596755
272,76.31461334228516,54.8792945606196
273,77.5070190429688,54.86488876046462
274,73.92977905273438,54.82311606775164
275,73.33356475830084,54.92205791007672
276,82.87288665771484,55.08411284247899
277,84.06531524658203,55.88642097317256
278,83.46910858154297,55.500023565577635
279,83.46910858154297,55.646351822166025
280,83.46910858154297,56.78019974324553
281,83.46910858154297,57.676166213628505
282,83.46910858154297,58.25764044509839
283,84.06531524658203,58.83754613672335
284,85.25773620605469,59.21436719579117
285,85.25773620605469,59.66069933640904
286,84.66151428222656,60.0586544060194
287,84.66151428222656,60.53920548167588
288,84.66151428222656,60.93142299764287
289,85.25773620605469,61.03412108012293
290,91.81600952148438,59.874598638423436
291,93.0084228515625,60.927130151751385
292,97.18186950683594,61.6020150587247
293,95.39326477050776,61.76237761918895
294,89.43118286132812,62.84062493050129
295,95.39326477050776,63.661672984605616
296,98.97048187255865,64.38567795514456
297,95.98945617675781,65.25167705901606
298,98.3742904663086,65.94484783839238
299,100.16293334960943,66.87817032350387
300,98.97048187255865,67.48226455063258
301,98.97048187255865,67.95588102907976
302,101.35533142089844,69.48318478705642
303,95.39326477050776,70.79985015480162
304,96.58566284179688,70.48841244084969
305,100.16293334960943,71.14352549030372
306,99.56672668457026,70.68406714782543
307,101.9515380859375,67.61290740877143
308,90.02736663818354,73.2894531076571
309,94.20083618164062,70.05570183046433
310,96.58566284179688,72.46629990797135
311,96.58566284179688,88.25163085657266
312,96.58566284179688,92.56994488182187
313,99.56672668457026,94.95177263638334
314,103.14395141601562,93.99810041065177
315,104.93256378173828,95.1212162170026
316,104.33637237548834,96.11992204723003
317,104.33637237548834,95.84134111529352
318,106.12499237060547,96.29976752366326
319,104.33637237548834,96.66263683358386
320,104.33637237548834,97.18764363063542
321,103.14395141601562,97.42379143202959
322,103.74016571044916,97.60854891481932
323,103.14395141601562,97.94178107714322
324,107.91359710693365,97.51889447947093
325,110.29846954345703,97.72338254241566
326,113.27950286865229,98.88641356008412
327,105.52877044677734,101.11601039495639
328,106.12499237060547,104.96855064098321
329,110.89466857910156,105.55848673214297
330,110.89466857910156,103.97843050253863
331,107.31741333007812,94.93460125281752
332,108.50981903076178,94.01721183034158
333,112.6832885742187,81.66520821552115
334,108.50981903076178,83.06058951706439
335,109.1060409545899,83.96299525628456
336,110.29846954345703,79.71955836994971
337,110.29846954345703,80.41000484327952
338,110.29846954345703,80.90500299645527
339,113.87570953369146,81.29507408947654
340,112.6832885742187,81.72572083164488
341,111.49087524414062,82.0587053297827
342,113.27950286865229,82.40729267164136
343,112.08707427978516,82.70750294249257
344,112.08707427978516,82.96569285644472
345,113.27950286865229,83.24728703597816
346,115.068115234375,83.49590060140326
347,116.2605209350586,83.89430972202138
348,116.85673522949213,84.18787433721366
349,129.67520141601562,84.7016536911645
350,143.0898895263672,85.545363018292
351,137.1278076171875,86.03730664650652
352,131.16574096679682,86.88968422014557
353,143.0898895263672,89.77183490788275
354,150.54249572753906,90.86704721593912
355,132.65624999999994,92.29111628569927
356,135.63729858398438,93.65318675421946
357,135.63729858398438,94.85456444336057
358,143.0898895263672,94.65841440801273
359,143.0898895263672,97.13216685296129
360,143.0898895263672,99.33555256147713
361,144.5803985595703,100.83511793061678
362,137.1278076171875,102.15058625479605
363,125.20364379882812,103.53742314192073
364,119.24156951904297,103.11862300331825
365,119.24156951904297,103.8023412662605
366,131.16574096679682,103.72288233990429
367,131.16574096679682,104.05417446610414
368,131.16574096679682,104.05892136300338
369,131.16574096679682,104.38154524269163
370,132.65624999999994,104.72885298625573
371,119.24156951904297,105.81292040594008
372,131.16574096679682,106.44541345973533
373,131.16574096679682,106.75449836391977
374,131.16574096679682,107.33646792376175
375,143.0898895263672,108.14703152732352
376,143.0898895263672,108.88866193243598
377,143.0898895263672,109.32401429413915
378,143.0898895263672,109.8427056544466
379,143.0898895263672,110.07617042715856
380,131.16574096679682,110.07972028049187
381,131.16574096679682,110.55647383862896
382,131.16574096679682,111.53986576668598
383,131.16574096679682,111.52533613443796
384,131.16574096679682,111.12639040808341
385,131.16574096679682,110.6675925034346
386,131.16574096679682,110.27393027971573
387,131.16574096679682,109.74388764421457
388,131.16574096679682,110.86919115087545
389,131.16574096679682,111.59435188761591
390,134.14675903320312,112.6922472243545
391,134.14675903320312,114.3132918767493
392,131.16574096679682,116.15578958883287
393,120.73210144042969,116.96936643999146
394,125.20364379882812,110.74304752544975
395,123.71312713623041,111.62923126048395
396,123.71312713623041,111.08680541568054
397,123.71312713623041,111.18698557893583
398,123.71312713623041,110.92875438761934
399,123.71312713623041,110.58152919878387
400,123.71312713623041,110.20512091335945
401,123.71312713623041,109.43930197274324
402,123.71312713623041,108.66791058794098
403,123.71312713623041,107.88582836577444
404,123.71312713623041,107.10494318717377
405,123.71312713623041,106.32463589167389
406,123.71312713623041,105.9357205648542
407,123.71312713623041,105.65586003462306
408,123.71312713623041,105.37612333648497
409,125.20364379882812,105.09667557989724
410,125.20364379882812,104.79782746206934
411,128.18470764160156,104.5893354947836
412,128.18470764160156,104.41295731695504
413,131.16574096679682,104.21119356005681
414,137.1278076171875,104.12797839354562
415,137.1278076171875,104.09004449571637
416,137.1278076171875,104.31149755540514
417,128.18470764160156,104.44647453679983
418,128.18470764160156,113.0921836074532
419,128.18470764160156,113.02481894884892
420,128.18470764160156,113.04091712094186
421,137.1278076171875,113.09730200063149
422,137.1278076171875,113.29588740047541
423,144.5803985595703,113.73161125845769
424,144.5803985595703,114.28072403628431
425,143.0898895263672,114.19878846806768
426,143.0898895263672,114.24633999178837
427,143.0898895263672,114.5838650000037
428,143.0898895263672,112.31257802714714
429,143.0898895263672,111.16081572994369
430,149.05197143554693,112.26515033551948
431,160.97610473632812,112.66124792373449
432,156.5045776367188,110.58260241025675
433,155.0140380859375,109.75094607351684
434,157.9950714111328,111.77023473707237
435,149.05197143554693,112.90028514063249
436,155.0140380859375,114.37714795938462
437,155.0140380859375,115.42856498387533
438,162.4666290283203,115.99427126216705
439,199.7296142578125,116.97927300743328
440,199.7296142578125,118.45452600897613
441,172.9002685546875,120.11915955811492
442,175.88131713867193,122.8842889179457
443,160.97610473632812,124.19141921452814
444,181.8433837890625,126.26618465575785
445,196.7485809326172,128.02348588784184
446,196.7485809326172,130.19331309914855
447,196.7485809326172,132.51029411433052
448,196.7485809326172,134.98029031912404
449,184.82444763183588,137.38519212035203
450,181.8433837890625,139.61495406468168
451,178.86236572265625,141.32148413862643
452,178.86236572265625,143.8404765748926
453,159.48559570312494,146.30279518991875
454,175.88131713867193,147.57219797549368
455,178.86236572265625,148.65131211145712
456,178.86236572265625,152.3493099053917
457,195.258071899414,159.17588425217843
458,196.7485809326172,160.0673102124839
459,195.258071899414,161.66474421247574
460,196.7485809326172,163.77393497556574
461,196.7485809326172,165.359192153077
462,196.7485809326172,168.08151688608626
463,180.35289001464844,170.93898370994765
464,196.7485809326172,173.66622044931353
465,187.8054656982422,174.07994347210206
466,187.8054656982422,173.81799731799487
467,214.63482666015625,174.25223519086086
468,180.35289001464844,175.28004156294867
469,180.35289001464844,177.86037216262537
470,186.3149871826172,177.17161806123352
471,217.61585998535156,176.63245312821306
472,244.44520568847656,176.8810666936381
473,244.44520568847656,179.49796903812086
474,244.44520568847656,180.50369202028622
475,248.91676330566406,183.19468723376082
476,247.42625427246094,185.98086804940544
477,238.48313903808594,189.10927949280028
478,238.48313903808594,191.96980084162283
479,202.71066284179688,195.41526372051993
480,220.59693908691406,197.66595328857045
481,220.59693908691406,199.13026778856295
482,220.59693908691406,201.30319080219522
483,262.3314819335937,202.70835483908724
484,244.44520568847656,204.90439317675038
485,256.3694152832031,206.9520393896081
486,250.40728759765625,209.21688709362752
487,250.40728759765625,211.6633964781111
488,250.40728759765625,214.015731555851
489,244.44520568847656,216.94283329335542
490,244.44520568847656,219.24906155512656
491,244.44520568847656,221.72285527743946
492,247.42625427246094,224.19755710176787
493,247.42625427246094,225.4654532635443
494,250.40728759765625,227.9946412088027
495,250.40728759765625,230.8743152546794
496,286.1797790527344,233.66780216381238
497,253.38833618164062,237.99135841433286
498,250.40728759765625,238.7227520330888
499,244.44520568847656,237.6756278544895
500,244.44520568847656,237.7035107141018
501,244.44520568847656,237.4773933122425
502,244.44520568847656,237.62780802790064
503,244.44520568847656,236.44572750658887
504,244.44520568847656,235.66736024721297
505,244.44520568847656,237.6523267823191
506,244.44520568847656,238.66356029262403
507,268.29351806640625,239.7004270461846
508,268.29351806640625,241.03603872416227
509,268.29351806640625,241.1416881381927
510,268.29351806640625,242.13504854973803
511,268.29351806640625,242.60313386136352
512,280.2177124023437,243.3550836075612
513,278.7271728515625,244.49041751375694
514,250.40728759765625,245.46803061080618
515,268.29351806640625,246.6479440704901
516,268.29351806640625,247.51099184281122
517,268.29351806640625,248.2598251480012
518,262.3314819335937,249.2061912802444
519,262.3314819335937,250.10568696527855
520,275.7461242675781,250.63125100674876
521,262.3314819335937,251.35395574031094
522,253.38833618164062,250.41615466116843
523,262.3314819335937,250.96720747511915
524,262.3314819335937,250.92770503744492
525,262.3314819335937,251.71502948488273
526,262.3314819335937,252.49092010239815
527,238.48313903808594,254.21222747277693
528,238.48313903808594,255.80691652804006
529,238.48313903808594,255.56292602742116
530,216.12535095214844,255.35986203354622
531,214.63482666015625,255.18239000556264
532,244.44520568847656,255.71045132757547
533,244.44520568847656,252.4899088069718
534,256.3694152832031,251.28275228682293
535,256.3694152832031,250.38111017884307
536,256.3694152832031,250.2637792707041
537,239.97369384765625,249.3498158694685
538,242.95469665527344,248.61557411257303
539,259.35040283203125,243.86840891050434
540,242.95469665527344,243.72199809918726
541,256.3694152832031,243.93024240228698
542,262.3314819335937,242.33782360206254
543,271.27459716796875,242.76256768113012
544,271.27459716796875,242.66036492702216
545,271.27459716796875,242.2658565173342
546,271.27459716796875,242.05317489756789
547,271.27459716796875,242.4140216166358
548,242.95469665527344,243.0169188001986
549,250.40728759765625,243.00360685019865
550,250.40728759765625,242.0444447350098
551,250.40728759765625,241.61307563896548
552,250.40728759765625,241.01779412912356
553,250.40728759765625,241.48185489772584
554,250.40728759765625,241.93671081408013
555,256.3694152832031,242.39548808004673
556,256.3694152832031,244.58956574290374
557,256.3694152832031,245.19506340042
558,256.3694152832031,245.49537686468204
559,256.3694152832031,246.2037789915001
560,232.5210418701172,245.96870440157886
561,247.42625427246094,245.44724745786056
562,247.42625427246094,244.61852181398888
563,247.42625427246094,247.9125174044371
564,247.42625427246094,247.78839636986407
565,235.50210571289062,247.22089452622356
566,244.44520568847656,246.92966208211652
567,251.89784240722656,246.65227819374587
568,251.89784240722656,245.95846761522228
569,244.44520568847656,244.98970851282417
570,244.44520568847656,244.00889642003847
571,244.44520568847656,242.69774158043282
572,244.44520568847656,241.56694818431458
573,244.44520568847656,240.40777660021195
574,244.44520568847656,240.72645849160568
575,244.44520568847656,240.75727204408616
576,244.44520568847656,239.9895956220746
577,244.44520568847656,239.47298876866637
578,250.5563507080078,238.95326547425043
579,250.5563507080078,238.5068920562682
580,250.5563507080078,238.2419532932463
581,256.66748046875,237.59897578890855
582,267.3619689941406,237.30644310782475
583,267.3619689941406,238.60368747564758
584,267.3619689941406,238.3845046709975
585,267.3619689941406,237.41989394371564
586,267.3619689941406,238.62740132146138
587,267.3619689941406,238.70704599595712
588,267.3619689941406,238.96981769735112
589,267.3619689941406,239.50039693858872
590,267.3619689941406,239.97560259556303
591,267.3619689941406,240.9707998498215
592,267.3619689941406,241.433312717261
593,262.77862548828125,241.5860389653222
594,262.77862548828125,241.833765067414
595,262.77862548828125,242.32892833004706
596,250.5563507080078,242.71243632213816
597,244.4451904296875,242.96045136578027
598,253.61192321777344,243.231664288182
599,253.61192321777344,243.34980010492558
600,262.77862548828125,242.34473756058964
601,262.77862548828125,243.3135585790343
602,258.1952514648437,243.78639078755901
603,259.7230529785156,244.27833441577354
604,259.7230529785156,244.79859431592593
605,259.7230529785156,245.28073457010947
606,259.7230529785156,245.96401942072617
607,256.66748046875,245.75515595716132
608,250.5563507080078,245.23685673181512
609,255.13967895507807,245.57062549987546
610,255.13967895507807,244.87941539530533
611,255.13967895507807,244.86542236879382
612,255.13967895507807,244.9303929402663
613,256.66748046875,244.70268635987992
614,265.83416748046875,244.54564662724505
615,261.2508239746094,244.2311543883319
616,261.2508239746094,244.37878288189705
617,261.2508239746094,244.44623009523002
618,265.83416748046875,244.50304838724526
619,265.83416748046875,244.8611088842202
620,265.83416748046875,245.42601025390718
621,268.8897399902344,245.97487536754778
622,268.8897399902344,246.56951707824243
623,268.8897399902344,247.8717972845148
624,268.8897399902344,250.12232174310793
625,268.8897399902344,250.9192638164372
626,268.8897399902344,251.74997077379726
627,268.8897399902344,252.65351164053686
628,268.8897399902344,253.0611668907673
629,268.8897399902344,253.53971601425326
630,268.8897399902344,254.0337854267313
631,281.11199951171875,254.56104184013947
632,296.3898010253906,256.0024061255585
633,305.5565185546875,256.7346872076477
634,305.5565185546875,259.1085277922092
635,305.5565185546875,260.12834699429703
636,299.44537353515625,262.304262616844
637,302.5010070800781,264.37578778497294
638,299.44537353515625,266.3887816504665
639,305.5565185546875,268.46998636053337
640,305.5565185546875,270.13121452711397
641,299.44537353515625,272.01864265028263
642,305.5565185546875,273.9599377339161
643,305.5565185546875,275.48922280538113
644,299.44537353515625,277.22020971769786
645,299.44537353515625,278.91524404567366
646,299.44537353515625,280.4703274698517
647,299.44537353515625,281.7925033657364
648,299.44537353515625,283.1005830416987
649,299.44537353515625,284.42147933928885
650,299.44537353515625,285.8001226695919
651,299.44537353515625,287.15707474493377
652,275.0008544921875,288.525935339888
653,291.8064880371094,289.65590318871944
654,291.8064880371094,290.5646656420481
655,291.8064880371094,291.3896969618113
656,291.8064880371094,292.4019830449069
657,291.8064880371094,292.72336860366494
658,291.8064880371094,292.55404885513866
659,291.8064880371094,292.46596295963525
660,291.8064880371094,291.9227941222737
661,273.4730834960937,291.4511589573149
662,268.8897399902344,290.93259142910046
663,268.8897399902344,289.6385666956962
664,268.8897399902344,288.3822075572531
665,268.8897399902344,286.87244667912125
666,268.8897399902344,285.3576499625399
667,268.8897399902344,284.20681640603414
668,284.16754150390625,282.6502469967398
669,284.16754150390625,281.65624678604723
670,284.16754150390625,280.58662644388215
671,284.16754150390625,279.8383297444286
672,287.22314453125,279.1303403912539
673,268.8897399902344,279.3757136835783
674,268.8897399902344,278.121521606763
675,255.13967895507807,276.68515188242924
676,253.61192321777344,275.33340075499433
677,250.5563507080078,273.3527270657797
678,255.13967895507807,272.12278544051463
679,256.66748046875,270.23075489122203
680,256.66748046875,269.1614234906073
681,256.66748046875,267.09999063805975
682,244.4451904296875,265.35775564396016
683,249.028564453125,264.4675267272205
684,250.5563507080078,261.5097146306465
685,244.4451904296875,259.68271656887293
686,259.7230529785156,257.5629794391939
687,258.1952514648437,256.4946386953234
688,256.66748046875,256.4572001258662
689,244.4451904296875,254.99486693936205
690,244.4451904296875,254.58880086765873
691,244.4451904296875,253.2883575040995
692,244.4451904296875,251.9365857379824
693,241.38966369628906,250.55542448845455
694,247.50076293945312,248.44838014831032
695,244.4451904296875,246.74240731878416
696,250.5563507080078,245.15473541545896
697,250.5563507080078,243.541904958568
698,250.5563507080078,241.87310239563084
699,253.61192321777344,240.94401084036429
700,239.8618621826172,240.47373782842868
701,239.8618621826172,240.17670591463178
702,238.33407592773438,239.6418544661849
703,238.33407592773438,239.29828232409363
704,238.33407592773438,238.6433137454148
705,244.4451904296875,237.93466395441067
706,238.33407592773438,237.48643305503316
707,240.8038787841797,237.12015836255438
708,240.8038787841797,236.86139056550144
709,257.7835998535156,236.59500709472763
710,265.501708984375,236.89624929968733
711,257.7835998535156,237.39304301821193
712,246.9783477783203,237.4891573610796
713,240.8038787841797,237.0860632596088
714,246.9783477783203,231.63179616769878
715,253.1527862548828,232.55900960288784
716,253.1527862548828,232.29673322986594
717,253.1527862548828,233.1467167163732
718,253.1527862548828,233.67665615846352
719,253.1527862548828,234.18261345187176
720,253.1527862548828,234.78082565458186
721,253.1527862548828,234.86338038326363
722,253.1527862548828,234.87516507078294
723,251.60914611816406,235.005230045821
724,251.60914611816406,235.00007037527843
725,251.60914611816406,234.85392786682957
726,251.60914611816406,235.4856985667488
727,251.60914611816406,236.01070536380035
728,253.1527862548828,236.58547202356488
729,260.870849609375,237.1660794303836
730,253.1527862548828,237.51596700921903
731,253.1527862548828,238.22288315092084
732,265.501708984375,238.86600512603383
733,250.0655975341797,239.75408761982771
734,246.9783477783203,240.80201670703167
735,253.1527862548828,240.20409344587193
736,254.6964111328125,239.51005584184446
737,254.6964111328125,239.68600060734747
738,253.1527862548828,244.56188927011317
739,253.1527862548828,244.82224624569324
740,259.3272705078125,245.36939834871367
741,262.4144287109375,245.52790342778263
742,317.9845886230469,246.20619371731408
743,317.9845886230469,249.9143251041943
744,321.0718078613281,253.23143601867343
745,314.8973693847656,253.41586328254846
746,324.1590270996094,255.48202239331306
747,345.7696838378906,258.0937857059353
748,345.7696838378906,261.63354672366916
749,345.7696838378906,264.3640443748179
750,324.1590270996094,267.4771625547245
751,327.2463073730469,271.69383107028426
752,333.4207458496094,274.75917070096625
753,339.59515380859375,278.3500124570719
754,348.85693359375,281.9551568199216
755,348.85693359375,285.61800693811995
756,348.85693359375,289.53425879600684
757,348.85693359375,293.9540532214881
758,339.59515380859375,297.23762627744026
759,333.4207458496094,301.1393485030792
760,333.4207458496094,305.4849468661577
761,364.29302978515625,308.80752703141206
762,376.6419067382813,315.2473737516891
763,370.4674987792969,317.5594221218323
764,358.11865234375,322.28359583196317
765,358.11865234375,327.2457954635656
766,373.5546875,331.3129367268007
767,373.5546875,336.83291738274136
768,373.5546875,337.4711686288621
769,373.5546875,339.6604787561377
770,364.29302978515625,342.0797244414741
771,364.29302978515625,344.3479362506873
772,370.4674987792969,346.2658064300574
773,370.4674987792969,347.60992124508925
774,364.29302978515625,349.0978670361669
775,364.29302978515625,350.1131663668594
776,395.1653137207031,351.7699778554555
777,376.6419067382813,354.0808910980794
778,373.5546875,354.8187652630368
779,395.1653137207031,356.0372936970616
780,395.1653137207031,357.3363749075976
781,376.6419067382813,359.295584367355
782,376.6419067382813,360.8790459795174
783,382.8164367675781,362.2219224736191
784,382.8164367675781,364.0478060465555
785,388.9908752441406,365.8054787749185
786,392.078125,368.2342595314177
787,379.7291259765625,368.7379052924229
788,379.7291259765625,370.447386697918
789,382.8164367675781,370.1952439178418
790,376.6419067382813,371.16336322109265
791,376.6419067382813,372.353988156823
792,376.6419067382813,372.02674121232855
793,376.6419067382813,371.4029989597736
794,376.6419067382813,371.5823491078347
795,382.8164367675781,371.6069504169818
796,376.6419067382813,372.27960634628073
797,376.6419067382813,372.92382217154875
798,379.7291259765625,373.3459244992985
799,370.4674987792969,373.6630378508473
800,370.4674987792969,374.3388308598361
801,382.8164367675781,374.9568974747941
802,382.8164367675781,374.75540202076417
803,370.4674987792969,375.5208288264192
804,370.4674987792969,375.7199714706817
805,376.6419067382813,374.253448631697
806,376.6419067382813,373.11720662348574
807,382.8164367675781,373.1223869327105
808,376.6419067382813,373.28037604472524
809,376.6419067382813,372.7119248217049
810,395.1653137207031,372.48906833162846
811,376.6419067382813,373.51233419363876
812,370.4674987792969,372.5515416225584
813,370.4674987792969,372.1032694458165
814,376.6419067382813,371.7455804451207
815,370.4674987792969,371.9448262827941
816,364.29302978515625,371.67976368767916
817,364.29302978515625,372.1482617729481
818,364.29302978515625,371.6527682914002
819,364.29302978515625,371.1389063827207
820,364.29302978515625,370.58795676218085
821,364.29302978515625,369.7545874148208
822,395.1653137207031,369.2342036825754
823,395.1653137207031,372.5331731954267
824,413.6885986328125,369.9786615871452
825,407.5142822265625,371.0600459781474
826,407.5142822265625,372.74073642201483
827,407.5142822265625,373.67789770201
828,404.4269409179688,374.88449697774024
829,404.4269409179688,376.26716485106647
830,404.4269409179688,377.8015683157098
831,404.4269409179688,378.9601620167116
832,398.2526245117188,380.19854486298436
833,385.9036865234375,384.0659036828095
834,385.9036865234375,382.35681441227564
835,385.9036865234375,382.8516887333584
836,385.9036865234375,382.5180231587089
837,385.9036865234375,382.8429998481646
838,385.9036865234375,383.52168227265724
839,361.2057495117188,384.39818646575355
840,358.11865234375,384.84817165311557
841,358.11865234375,384.20313028056074
842,358.11865234375,383.98592878939905
843,358.11865234375,383.76589979878
844,358.11865234375,383.5432290568432
845,374.3399658203125,383.31543992172806
846,374.3399658203125,383.19158719002326
847,374.3399658203125,383.58044060079646
848,374.3399658203125,382.3979679445235
849,374.3399658203125,381.49711010646604
850,374.3399658203125,379.84349761360636
851,374.3399658203125,378.38921351314866
852,374.3399658203125,376.9766608280396
853,374.3399658203125,375.58511832138004
854,374.3399658203125,374.32155628285943
855,352.5035095214844,373.05904681712946
856,343.1449279785156,371.9578080138793
857,343.1449279785156,369.5099158376903
858,343.1449279785156,366.94469275336235
859,340.0254821777344,365.15907524934045
860,340.0254821777344,363.3545939898148
861,336.9059753417969,361.4254550899797
862,336.9059753417969,359.473469168982
863,336.9059753417969,357.3874762846516
864,336.9059753417969,355.2997084736545
865,336.9059753417969,354.21760172877634
866,336.9059753417969,353.28419668893616
867,336.9059753417969,352.361688873282
868,336.9059753417969,351.4322877377829
869,336.9059753417969,350.5417286021285
870,355.6229553222656,349.6466289563966
871,361.8620300292969,352.10890629405844
872,343.1449279785156,349.294285374383
873,336.9059753417969,348.0423016365599
874,343.1449279785156,346.1971415344764
875,343.1449279785156,344.63828123146106
876,340.0254821777344,343.33300841627397
877,340.0254821777344,342.0723977093037
878,336.9059753417969,340.8331273996976
879,336.9059753417969,339.0992717105592
880,343.1449279785156,337.47348016126523
881,343.1449279785156,337.17083452591794
882,343.1449279785156,336.85985086297376
883,336.9059753417969,336.8504189852219
884,336.9059753417969,336.78594374212145
885,324.4279479980469,336.6734216469282
886,333.7864685058594,336.4691606094874
887,333.7864685058594,336.03711043693147
888,333.7864685058594,335.61428575530573
889,333.7864685058594,335.5184603539884
890,336.9059753417969,335.40482376995794
891,330.6669921875,335.4286201705005
892,324.4279479980469,335.22256356771084
893,336.9059753417969,334.9905435027508
894,327.5474548339844,333.678645670587
895,327.5474548339844,333.83867801213654
896,324.4279479980469,331.14817812703404
897,324.4279479980469,329.7651593961109
898,336.9059753417969,328.3101735804594
899,340.0254821777344,327.608272638525
900,340.0254821777344,327.26015998635626
901,340.0254821777344,327.0752786714735
902,340.0254821777344,327.0175316387606
903,340.0254821777344,326.91202669550535
904,340.0254821777344,327.047127508993
905,340.0254821777344,327.16751294209314
906,340.0254821777344,326.949403348916
907,340.0254821777344,326.8031370083741
908,340.0254821777344,326.65707705465394
909,340.0254821777344,326.7797740201572
910,340.0254821777344,326.8999943438
911,340.0254821777344,327.6800333364316
912,340.0254821777344,328.06824694805755
913,340.0254821777344,328.31180403635085
914,343.1449279785156,330.94356623199633
915,343.1449279785156,331.7053812682715
916,340.0254821777344,330.51015390641714
917,343.1449279785156,331.25176367284746
918,340.0254821777344,332.308484838656
919,343.1449279785156,331.7718171861781
920,340.0254821777344,333.0472258282646
921,343.1449279785156,333.50232940880494
922,333.7864685058594,333.9917138404303
923,336.9059753417969,335.31114479158634
924,336.9059753417969,334.32841330135886
925,340.0254821777344,334.35394335120367
926,333.7864685058594,334.48031400213324
927,333.7864685058594,334.12336799399554
928,333.7864685058594,333.5805912915952
929,338.7421569824219,333.1004323509
930,341.8786315917969,332.95957334508677
931,345.01513671875,333.0212210887299
932,345.01513671875,333.1523592752408
933,345.01513671875,333.258215076093
934,345.01513671875,333.4251613761696
935,341.8786315917969,333.59549242012224
936,345.01513671875,333.8871376378727
937,348.1516418457031,333.83157830546986
938,348.1516418457031,333.8082978719816
939,345.01513671875,334.0180900762441
940,345.01513671875,334.0599246850036
941,341.8786315917969,334.13758804601093
942,345.01513671875,334.4804171955441
943,345.01513671875,334.57547896562113
944,345.01513671875,334.87822779437926
945,345.01513671875,334.99219459732444
946,348.1516418457031,334.9908943603477
947,348.1516418457031,334.6131239219
948,348.1516418457031,335.3816671685627
949,348.1516418457031,335.63457357987926
950,348.1516418457031,336.15671160010913
951,348.1516418457031,335.3162219074003
952,348.1516418457031,335.65936063716595
953,348.1516418457031,336.59198140708367
954,348.1516418457031,337.10336667390277
955,348.1516418457031,337.5171928901022
956,346.5833740234375,337.75199917715526
957,346.5833740234375,337.5712868760709
958,346.5833740234375,337.53634558715635
959,346.5833740234375,337.62164526056677
960,345.01513671875,337.108237402895
961,346.5833740234375,337.42623821777704
962,345.01513671875,337.4853680421954
963,345.01513671875,337.20594092428985
964,345.01513671875,336.8539069225087
965,348.1516418457031,336.675568069874
966,348.1516418457031,336.52975578033977
967,348.1516418457031,336.84907747088084
968,348.1516418457031,337.1047907429725
969,348.1516418457031,337.2512634703361
970,348.1516418457031,338.6183697773058
971,348.1516418457031,338.1909426695561
972,357.5611877441406,338.4460986972292
973,363.8341979980469,338.74374977149125
974,360.6976318359375,339.4464349833481
975,360.6976318359375,341.71487381806514
976,360.6976318359375,341.865371088452
977,360.6976318359375,342.2901564448839
978,360.6976318359375,342.9612025569735
979,349.71990966796875,343.50181219774595
980,360.6976318359375,344.050367731154
981,360.6976318359375,344.83084013611125
982,360.6976318359375,344.8749862772738
983,360.6976318359375,345.61279852618475
984,360.6976318359375,346.69370822749704
985,360.6976318359375,347.41746553384996
986,360.6976318359375,348.27807794167495
987,360.6976318359375,349.10009601384127
988,360.6976318359375,350.0043179570925
989,360.6976318359375,350.90565048483984
990,360.6976318359375,351.78326916677327
991,351.2881774902344,352.3778283227392
992,354.4246826171875,352.94120242994563
993,354.4246826171875,353.08189632630155
994,354.4246826171875,353.35876424761796
995,354.4246826171875,353.848953587848
996,354.4246826171875,353.81302164218926
997,354.4246826171875,353.8154570066854
998,354.4246826171875,353.68093407629846
999,354.4246826171875,353.3015538206415
1000,363.8341979980469,353.057852261573
1001,357.5611877441406,353.76408732676316
1002,357.5611877441406,352.6342433100248
1003,357.5611877441406,352.4822394158395
1004,360.6976318359375,352.2673288183987
1005,360.6976318359375,352.754401717621
1006,360.6976318359375,352.8044917992487
1007,360.6976318359375,352.8210440223494
1008,360.6976318359375,352.81501752715565
1009,360.6976318359375,352.8142745345975
1010,360.6976318359375,352.8328287098687
1011,360.6976318359375,352.6908758539005
1012,360.6976318359375,352.7055293182415
1013,360.6976318359375,352.70336225661356
1014,360.6976318359375,352.70350672738874
1015,360.6976318359375,352.70379566893916
1016,360.6976318359375,352.7042084425825
1017,360.6976318359375,353.2318982683163
1018,360.6976318359375,352.6353990762263
1019,360.6976318359375,352.99447086862756
1020,360.6976318359375,353.52566927033024
1021,428.1323852539063,354.06945726815695
1022,428.1323852539063,375.1339567291343
1023,426.5642700195313,359.77469073525947
1024,426.5642700195313,364.33623162988727
1025,426.5642700195313,365.2232409122083
1026,426.5642700195313,367.94162365692307
1027,426.5642700195313,370.734615237684
1028,426.5642700195313,373.61117284255295
1029,426.5642700195313,376.47763813184065
1030,426.5642700195313,379.3670949130661
1031,426.5642700195313,382.13521688181163
1032,426.5642700195313,384.91260561885167
1033,423.4276428222656,387.6955668000777
1034,423.4276428222656,390.81942741405396
1035,345.01513671875,392.83484632470254
1036,348.1516418457031,394.8481394510876
1037,406.1768798828125,402.5349959867847
1038,345.01513671875,395.6510461035641
1039,376.38018798828125,406.9603422177697
1040,376.38018798828125,398.2500650299462
1041,376.38018798828125,398.8909373887026
1042,351.2881774902344,399.555915728234
1043,355.9928894042969,403.3793967097648
1044,345.01513671875,399.86895294005416
1045,357.5611877441406,399.6823895725745
1046,357.5611877441406,399.00382066083375
1047,357.5611877441406,395.49163292247965
1048,357.5611877441406,392.41755280989855
1049,357.5611877441406,389.5694043510371
1050,357.5611877441406,386.6505271283777
1051,359.1293640136719,383.7348179434314
1052,351.2881774902344,382.161655033672
1053,360.6976318359375,378.19029789439
1054,360.6976318359375,375.42124718494676
1055,360.6976318359375,371.4447922911687
1056,360.6976318359375,368.75220789916705
1057,360.6976318359375,365.9054112739878
1058,360.6976318359375,363.0765496636147
1059,360.6976318359375,360.8288733431611
1060,360.6976318359375,358.14258374922133
1061,360.6976318359375,358.81887208658225
1062,360.6976318359375,358.74019743014856
1063,360.6976318359375,356.79597165364686
1064,360.6976318359375,356.29267675023857
1065,360.6976318359375,355.6233023714048
1066,370.1071472167969,354.9525658395478
1067,370.1071472167969,354.58082189629386
1068,376.38018798828125,354.31136326187664
1069,376.38018798828125,354.81936378481976
1070,376.38018798828125,355.47057612334356
1071,376.38018798828125,356.24611588326206
1072,376.38018798828125,356.9365829952741
1073,376.38018798828125,357.74219331511483
1074,370.1071472167969,358.5516837072038
1075,370.1071472167969,359.30650223022315
1076,370.1071472167969,359.8749947306078
1077,370.1071472167969,359.97647513083984
1078,376.38018798828125,360.7179197878128
1079,376.38018798828125,362.48168092741616
1080,376.38018798828125,361.426817243003
1081,376.38018798828125,362.26745140648706
1082,376.38018798828125,362.9098716664063
1083,376.38018798828125,363.58459146392215
1084,376.38018798828125,364.2639136875621
1085,376.38018798828125,364.94532041810123
1086,376.38018798828125,365.62744950251636
1087,376.38018798828125,366.30970241902446
1088,376.38018798828125,366.9919759742148
1089,376.38018798828125,367.67402250390126
1090,376.38018798828125,368.3559658401768
1091,376.38018798828125,369.0375995962198
1092,376.38018798828125,369.5324945559847
1093,376.38018798828125,369.9663196552073
1094,376.38018798828125,370.40010347706556
1095,376.38018798828125,370.40068136016635
1096,376.38018798828125,370.40115604985624
1097,376.38018798828125,370.40158946218185
1098,376.38018798828125,370.4018784037322
1099,401.4722290039063,370.4021260679183
1100,401.4722290039063,370.8993738374506
1101,445.3831481933594,372.1610783945759
1102,439.1102600097656,384.29303238009516
1103,439.1102600097656,377.89644433764727
1104,440.678466796875,381.4378151725904
1105,440.678466796875,383.80730099521395
1106,444.1044006347656,386.340688912294
1107,437.7600708007813,389.75010633278043
1108,437.7600708007813,391.1193281046726
1109,437.7600708007813,393.7296054321786
1110,437.7600708007813,396.28999906487866
1111,437.7600708007813,398.8804426188189
1112,437.7600708007813,401.4827946923715
1113,450.4487609863281,404.0916273121255
1114,450.4487609863281,408.42039482989406
1115,475.8262023925781,410.04794066717255
1116,450.4487609863281,413.7538946730838
1117,475.8262023925781,424.6419036874854
1118,475.8262023925781,421.94954632098757
1119,475.8262023925781,426.34431634433713
1120,450.4487609863281,430.49466245474224
1121,463.1373901367188,434.23123394565334
1122,463.1373901367188,437.6184441441244
1123,428.2434692382813,450.5909084610347
1124,428.2434692382813,476.4513423300495
1125,380.6609191894531,450.2140874019668
1126,413.96875,451.7656828888581
1127,413.96875,450.09156586526206
1128,413.96875,447.22134433581937
1129,413.96875,445.7771009542376
1130,380.6609191894531,444.2905379548654
1131,399.6939697265625,455.71904309728745
1132,456.7930603027344,447.6573674546931
1133,437.7600708007813,443.9446955577354
1134,399.6939697265625,442.69053443894336
1135,399.6939697265625,441.9063161131722
1136,399.6939697265625,441.4395516772056
1137,399.6939697265625,437.8106521911776
1138,399.6939697265625,436.80549677277196
1139,399.6939697265625,434.5071524875899
1140,374.3165283203125,432.17657058085763
1141,380.6609191894531,428.46065841079917
1142,450.4487609863281,426.802268063017
1143,406.0382995605469,422.13162077509514
1144,406.0382995605469,424.6805083424852
1145,440.9322204589844,417.9699337088374
1146,415.5547790527344,418.4040890269747
1147,415.5547790527344,414.0781077312992
1148,463.1373901367188,413.113094549715
1149,387.0051574707031,411.82353809100067
1150,387.0051574707031,419.86375982347886
1151,387.0051574707031,412.2914995705331
1152,387.0051574707031,412.30313978727725
1153,428.2434692382813,409.9162761942663
1154,380.6609191894531,413.9507567429665
1155,380.6609191894531,410.57555825751865
1156,380.6609191894531,409.3222123666724
1157,382.2469787597656,407.2882599194347
1158,382.2469787597656,404.5419530377434
1159,380.6609191894531,402.07436123942273
1160,367.9721984863281,401.50085353927057
1161,380.6609191894531,400.14362284171943
1162,374.3165283203125,398.97795007273317
1163,374.3165283203125,397.6534936024686
1164,374.3165283203125,397.09092440386684
1165,374.3165283203125,396.00115038856234
1166,374.3165283203125,396.00836360798087
1167,374.3165283203125,395.2389638560081
1168,374.3165283203125,392.02716181730364
1169,387.0051574707031,390.3661193988625
1170,387.0051574707031,389.1590970301478
1171,375.9026794433594,386.6295788659747
1172,375.9026794433594,385.1909904833076
1173,375.9026794433594,383.51838008351
1174,380.6609191894531,379.8518975572497
1175,364.800048828125,378.24030542128895
1176,364.800048828125,377.54277987997466
1177,380.6609191894531,376.62757815780884
1178,380.6609191894531,375.83499084641755
1179,425.07135009765625,373.36210522612015
1180,456.7930603027344,386.31078346182903
1181,380.6609191894531,388.1463981734088
1182,380.6609191894531,380.59109259786607
1183,380.6609191894531,380.47347274817673
1184,380.6609191894531,379.5127420931429
1185,380.6609191894531,379.38474098632184
1186,456.7930603027344,379.7770616956997
1187,387.0051574707031,380.56888537585064
1188,387.0051574707031,387.2455712933746
1189,412.3826599121094,384.1646184996307
1190,387.0051574707031,384.9216866390067
1191,387.0051574707031,386.1428774630314
1192,444.1044006347656,386.5994567093469
1193,444.1044006347656,407.53036198063506
1194,494.8591613769531,392.3308497061005
1195,507.5478515625,434.6287143255738
1196,507.5478515625,406.906361744553
1197,507.5478515625,413.19870380335794
1198,507.5478515625,417.95048175089175
1199,507.5478515625,422.91395066144776
1200,507.5478515625,427.8318287230892
1201,507.5478515625,433.5198701679438
1202,507.5478515625,439.30064121179015
1203,507.5478515625,466.5873318508752
1204,507.5478515625,451.1187427575436
1205,406.0382995605469,454.38837438368967
1206,475.8262023925781,497.35547407089206
1207,517.0643920898438,459.0521489904487
1208,494.8591613769531,483.6381132774158
1209,415.5547790527344,479.90357469669846
1210,412.3826599121094,496.30506318215714
1211,412.3826599121094,478.5257207959885
1212,412.3826599121094,476.481129108092
1213,494.8591613769531,486.41843786699457
1214,513.8922729492188,481.9399212310679
1215,602.713134765625,486.15809121075563
1216,628.090576171875,578.9123392386284
1217,570.9912719726562,583.369408414027
1218,574.1635131835938,605.719880942527
1219,574.1635131835938,588.1723341756498
1220,596.3687133789062,590.3590335096308
1221,607.4713745117188,594.8343950070207
1222,602.713134765625,603.1145053020364
1223,599.5408935546875,602.1969249717504
1224,602.713134765625,602.68463767012
1225,605.88525390625,607.7129378410439
1226,602.713134765625,610.437847568995
1227,634.4348754882812,618.113605653355
1228,637.6069946289062,650.3559431424534
1229,637.6069946289062,665.4048343145081
1230,643.9513549804688,670.2060728638633
1231,675.6731567382812,680.4407953521829
1232,678.8452758789062,691.8579801774346
1233,697.8782348632812,705.5023471117445
1234,697.8782348632812,723.8221907856042
1235,716.9114379882812,730.3196813451833
1236,751.8053588867188,732.7563563976128
1237,761.3218383789062,748.5053219882298
1238,789.8713989257812,768.7255136002967
1239,789.8713989257812,792.2449430280832
1240,774.0103149414062,782.1252192768172
1241,783.5271606445312,774.5760640285613
1242,783.5271606445312,759.0131767963929
1243,783.5271606445312,752.9056334977421
1244,759.7357177734375,746.6411742985493
1245,759.7357177734375,743.0341724543043
1246,759.7357177734375,735.6200354648074
1247,729.60009765625,730.4300466980898
1248,729.60009765625,736.9225426965836
1249,751.8053588867188,739.7736940837008
1250,745.4608764648438,742.2062723577194
1251,747.0469360351562,744.1442652522055
1252,748.633056640625,743.1022594667845
1253,748.633056640625,742.4137323908966
1254,748.633056640625,743.9669376949971
1255,748.633056640625,747.7788816531947
1256,748.633056640625,749.9691617985322
1257,748.633056640625,751.1975348839524
1258,748.633056640625,753.111359881617
1259,748.633056640625,752.8486088189052
1260,716.9114379882812,754.8812094324607
1261,716.9114379882812,743.1716054388772
1262,716.9114379882812,752.1090835593741
1263,716.9114379882812,749.4409353670621
1264,585.2660522460938,743.2786582832953
1265,701.0504150390625,696.3592664394657
1266,666.1565551757812,729.2991191505374
1267,672.5009155273438,731.4973967852161
1268,697.8782348632812,729.1057759759648
1269,691.5339965820312,725.0485103221483
1270,729.60009765625,724.8489549042424
1271,735.9443969726562,723.4811365627377
1272,735.9443969726562,724.7509727606382
1273,735.9443969726562,719.681286872292
1274,731.18603515625,719.4339735438438
1275,731.18603515625,719.0343880183419
1276,704.2225952148438,719.487520604735
1277,759.9053344726562,719.0315914769078
1278,0.0,717.5456166799775
1279,1088.259521484375,957.2435500296413
1280,1088.259521484375,952.1909116927679
1281,1041.3516845703125,938.7077019081858
1282,1041.3516845703125,934.4784231578199
1283,1041.3516845703125,935.7627270719217
1284,1022.588623046875,939.5343636838404
1285,1083.5687255859375,944.4580102571485
1286,1083.5687255859375,949.8913910027021
1287,1083.5687255859375,959.7621709696283
1288,1083.5687255859375,970.1253073384124
1289,1083.5687255859375,980.8639438906055
1290,1076.53271484375,992.9431041271328
1291,1076.53271484375,1001.5417982798019
1292,1076.53271484375,1017.7023817476261
1293,1076.53271484375,1029.355353197334
1294,1071.8419189453125,1038.9859814585247
1295,1071.8419189453125,1049.6194432863774
1296,1071.8419189453125,1058.7575913136175
1297,1071.8419189453125,1066.6925454476852
1298,1071.8419189453125,1075.2038554200449
1299,1071.8419189453125,1083.4715051107
1300,1071.8419189453125,1090.8672117570188
1301,1071.8419189453125,1098.7534173238
1302,1071.8419189453125,1106.9558487787967
1303,1071.8419189453125,1112.1815631043514
1304,1088.259521484375,1022.9995884682191
1305,1088.259521484375,1021.0332999404773
1306,1088.259521484375,1024.0744923130198
1307,1088.259521484375,1025.9663990302195
1308,1088.259521484375,1027.0697017016867
1309,1088.259521484375,1028.170610286022
1310,1055.4241943359375,1029.6931258697352
1311,1055.4241943359375,1029.7344445114404
1312,1055.4241943359375,1029.1720816996603
1313,1041.3516845703125,1028.5197755109816
1314,1041.3516845703125,1027.831062686954
1315,1041.3516845703125,1026.9401320550207
1316,1041.3516845703125,1024.6089929038699
1317,1041.3516845703125,1023.7686270432539
1318,1041.3516845703125,1022.9256194313202
1319,1088.259521484375,1022.0783189734952
1320,985.0625,1021.4591997857465
1321,1041.3516845703125,1018.4076880721186
1322,1041.3516845703125,1021.3110966024914
1323,1031.9700927734375,1020.4885212859065
1324,1069.49658203125,1019.7483355885458
1325,1041.3516845703125,1017.6608567190992
1326,1041.3516845703125,1020.004461634281
1327,985.0625,1020.274250487613
1328,985.0625,1019.3359747187806
1329,985.0625,1017.1355197031329
1330,985.0625,1013.2244068771065
1331,985.0625,1009.6254334802256
1332,1031.9700927734375,1006.941207754503
1333,1031.9700927734375,1004.3806490123455
1334,1031.9700927734375,1002.9517092135932
1335,1088.259521484375,1001.5638816697243
1336,1069.49658203125,999.892519910198
1337,1088.259521484375,1003.0452437211895
1338,1088.259521484375,1002.7344664450671
1339,1088.259521484375,1005.5085117155955
1340,1097.64111328125,1006.5936936241171
1341,1097.64111328125,1006.9765411783787
1342,1097.64111328125,1010.472651383322
1343,1097.64111328125,1011.8127210166485
1344,1069.49658203125,1013.2455821650133
1345,1069.49658203125,1012.9244442704413
1346,985.0625,1013.855620332607
1347,985.0625,1017.2666578896439
1348,1031.9700927734375,1015.6669536346133
1349,1031.9700927734375,1011.5776051493629
1350,1031.9700927734375,1013.796758811057
1351,938.1548461914062,1012.5858460507532
1352,994.444091796875,1012.0627792898256
1353,985.0625,1005.3421226599376
1354,985.0625,1013.9280621070253
1355,985.0625,1014.1029955771019
1356,985.0625,1015.6979116578689
1357,985.0625,1015.6550657536832
1358,985.0625,1014.441346132604
1359,1013.2070922851562,1005.9456802813297
1360,947.5363159179688,1016.0788191760066
1361,947.5363159179688,1010.4775221123143
1362,919.3916625976562,1007.3460561439583
1363,975.680908203125,1006.0314959217944
1364,975.680908203125,1005.1122490179232
1365,975.680908203125,1002.0558252979388
1366,975.680908203125,997.778375863387
1367,1022.588623046875,994.5223760868146
1368,1022.588623046875,991.6173577392326
1369,1022.588623046875,990.3186480249757
1370,938.1548461914062,988.0794748415763
1371,1031.9700927734375,973.688163041495
1372,1031.9700927734375,989.6663005589326
1373,1041.3516845703125,991.8655998083786
1374,1031.9700927734375,992.6003368936462
1375,1031.9700927734375,993.7662986041828
1376,1031.9700927734375,993.7842955350354
1377,1031.9700927734375,996.4211761238591
1378,1031.9700927734375,995.274036891462
1379,1031.9700927734375,995.9822326314584
1380,1031.9700927734375,989.9249032465282
1381,1031.9700927734375,1000.1352308125223
1382,1031.9700927734375,1000.9805912342234
1383,1031.9700927734375,1002.4184469436734
1384,1031.9700927734375,1000.0419852464763
1385,1078.8780517578125,1000.5520083602721
1386,1078.8780517578125,1000.9544213852313
1387,1078.8780517578125,1004.4909008525
1388,1031.9700927734375,1007.1777683295404
1389,1031.9700927734375,1009.6211819116985
1390,985.0625,1012.4493418068778
1391,985.0625,1014.8087972299666
1392,938.1548461914062,1014.9867852250044
1393,938.1548461914062,1012.2806412188168
1394,928.7733154296875,1006.5979864700087
1395,938.1548461914062,1006.0664578493911
1396,938.1548461914062,1009.2277673521656
1397,938.1548461914062,1004.8453495800951
1398,938.1548461914062,999.9548074529883
1399,938.1548461914062,994.083350039685
1400,938.1548461914062,996.0936815151787
1401,935.8093872070312,993.2724562172086
1402,935.8093872070312,990.8675131386162
1403,935.8093872070312,988.0968526119639
1404,935.8093872070312,985.2776086274821
1405,935.8093872070312,979.6225684354181
1406,935.8093872070312,976.7305937349678
1407,935.8093872070312,973.7233313559134
1408,935.8093872070312,970.7651064856959
1409,956.9177856445312,967.7713418047811
1410,951.2667236328124,964.8872098035556
1411,960.685302734375,959.5969376801718
1412,960.685302734375,953.9086692098133
1413,960.685302734375,954.0597030859366
1414,960.685302734375,950.094929686267
1415,960.685302734375,946.1630130686127
1416,960.685302734375,945.3311916224154
1417,988.9406127929688,944.3785513307923
1418,894.755859375,942.2862842870821
1419,973.4157104492188,940.6158306295713
1420,973.4157104492188,943.3985854239756
1421,973.4157104492188,944.5668586669154
1422,973.4157104492188,945.7956032486145
1423,973.4157104492188,946.8427687045782
1424,1032.4105224609375,945.2437661647414
1425,1032.4105224609375,945.4290189759033
1426,1012.74560546875,951.2069418816102
1427,1012.74560546875,954.0748106012854
1428,1012.74560546875,956.7596554874731
1429,1012.74560546875,959.2212311099412
1430,1012.74560546875,961.7047250128742
1431,1012.74560546875,964.1357966630943
1432,1012.74560546875,966.5477568936246
1433,1012.74560546875,968.9389546098914
1434,1012.74560546875,971.3091834250731
1435,1012.74560546875,973.0002757647543
1436,1012.74560546875,974.6176467317227
1437,1012.74560546875,974.1582296666088
1438,983.2482299804688,975.7294525402442
1439,983.2482299804688,977.131809716361
1440,1012.74560546875,977.8444634117062
1441,1012.74560546875,978.6818160247252
1442,978.3319702148438,980.262408860066
1443,978.3319702148438,978.4107475730987
1444,983.2482299804688,978.7569408278256
1445,983.2482299804688,978.9355479833285
1446,983.2482299804688,979.2438898949549
1447,983.2482299804688,978.3157683577504
1448,983.2482299804688,980.9830703640932
1449,1012.74560546875,981.1941628053326
1450,1012.74560546875,978.0300464417828
1451,1012.74560546875,979.417791430923
1452,929.1695556640624,979.1559278315444
1453,978.3319702148438,977.2300911208567
1454,889.8396606445312,978.4174345061219
1455,904.58837890625,975.5413103135785
1456,914.4207763671877,975.5366872487723
1457,914.4207763671877,967.4145402674186
1458,914.4207763671877,971.4429633629018
1459,914.4207763671877,969.2418066320604
1460,934.0857543945312,966.218446080913
1461,1002.9132080078124,961.3318253034188
1462,1002.9132080078124,957.7285590606465
1463,1002.9132080078124,964.1456206758074
1464,1002.9132080078124,964.4098370849533
1465,1081.572998046875,965.1320671288256
1466,1032.4105224609375,965.5272566150252
1467,1032.4105224609375,969.5198509582606
1468,1032.4105224609375,970.8957906211992
1469,983.2482299804688,972.5861399683223
1470,983.2482299804688,973.4343898055273
1471,983.2482299804688,974.821474356838
1472,973.4157104492188,973.761306531107
1473,909.504638671875,973.7090493878515
1474,904.58837890625,971.2608889087942
1475,956.2089233398438,969.677819431593
1476,956.2089233398438,970.4199451650776
1477,956.2089233398438,968.5921834720637
1478,899.672119140625,967.5327173615265
1479,899.672119140625,966.1104644957974
1480,934.0857543945312,965.3557491661888
1481,941.460205078125,965.619511524327
1482,970.9577026367188,965.358679859057
1483,983.2482299804688,967.4026111091241
1484,983.2482299804688,970.338133428954
1485,983.2482299804688,972.6918512983993
1486,983.2482299804688,973.0704472841338
1487,983.2482299804688,970.6688063946888
1488,983.2482299804688,970.0587269497306
1489,983.2482299804688,969.4464598044624
1490,983.2482299804688,967.7550785232308
1491,953.750732421875,963.4597559899195
1492,914.4207763671877,961.6771930108589
1493,953.750732421875,958.8775557744391
1494,973.4157104492188,951.8928478448624
1495,919.3370971679688,955.7136045203467
1496,943.9182739257812,949.2239772986745
1497,943.9182739257812,956.9000810809608
1498,943.9182739257812,955.7620641460829
1499,931.6277465820312,954.2907324941525
1500,929.1695556640624,953.0138585056318
1501,929.1695556640624,952.2217871612949
1502,929.1695556640624,951.3627226546325
1503,929.1695556640624,950.4717094679704
1504,929.1695556640624,950.4629999440946
1505,929.1695556640624,951.4432960698259
1506,948.8345947265624,949.0040102241021
1507,948.8345947265624,947.6482964696904
1508,948.8345947265624,946.1831151450467
1509,948.8345947265624,944.6053291704811
1510,948.8345947265624,943.4478705969987
1511,948.8345947265624,942.2832710394853
1512,948.8345947265624,941.1173093289486
1513,948.8345947265624,939.9472611593421
1514,948.8345947265624,938.7730852533017
1515,902.1301879882812,937.5947816108271
1516,899.672119140625,935.8227030823091
1517,899.672119140625,935.4360992878924
1518,892.2977294921875,934.9505949285151
1519,894.7559204101562,930.8211248451254
1520,894.7559204101562,927.4893811049874
1521,884.92333984375,922.951512778809
1522,884.92333984375,921.166225493702
1523,884.92333984375,919.1115621289064
1524,909.504638671875,916.9871812957389
1525,909.504638671875,915.5455693461338
1526,887.3814697265625,914.7588227817969
1527,894.7559204101562,913.8070080374606
1528,880.0072631835938,912.3480183174681
1529,880.0072631835938,910.9557740956147
1530,855.4259643554688,909.2267478581042
1531,894.7559204101562,906.5792589866448
1532,894.7559204101562,903.8950745382865
1533,894.7559204101562,904.3724472568888
1534,894.7559204101562,902.2626166946516
1535,894.7559204101562,900.2285920120262
1536,894.7559204101562,898.1687896153701
1537,894.7559204101562,896.0988536257684
1538,894.7559204101562,894.0178553025232
1539,894.7559204101562,891.6964369706745
1540,899.6993408203125,890.4585700914561
1541,899.6993408203125,888.8268552403792
1542,912.057861328125,888.6947470358062
1543,912.057861328125,888.8519518778985
1544,912.057861328125,889.5563913777398
1545,912.057861328125,890.2222778192868
1546,912.057861328125,890.8417685033146
1547,912.057861328125,891.8008480637749
1548,912.057861328125,892.84964397563
1549,912.057861328125,893.8915878450044
1550,912.057861328125,893.9880736841512
1551,912.057861328125,894.0848484648484
1552,912.057861328125,895.0308018234482
1553,912.057861328125,895.6906617698014
1554,912.057861328125,896.8053157164625
1555,912.057861328125,898.0286323247508
1556,912.057861328125,898.9769384931179
1557,912.057861328125,898.4417568257563
1558,912.057861328125,899.0976954224972
1559,912.057861328125,899.7603622296256
1560,912.057861328125,900.4191283258237
1561,939.2464599609376,901.0716615400065
1562,939.2464599609376,901.056120612332
1563,939.2464599609376,906.4119618289714
1564,968.906982421875,907.4237938610592
1565,988.6806030273438,909.1729634523681
1566,988.6806030273438,914.2799640780784
1567,988.6806030273438,917.4846148134108
1568,988.6806030273438,920.2504458884354
1569,988.6806030273438,922.992913975243
1570,988.6806030273438,925.7157340366243
1571,988.6806030273438,928.4181218026571
1572,988.6806030273438,931.0998708865193
1573,988.6806030273438,933.7608987334825
1574,959.0200805664062,936.4012878982751
1575,959.0200805664062,938.7753142309762
1576,959.0200805664062,940.362098670968
1577,959.0200805664062,941.9619680354559
1578,959.0200805664062,943.5463583883161
1579,959.0200805664062,945.1230711514088
1580,959.0200805664062,946.6916522737263
1581,934.3031005859376,948.2523494194547
1582,909.5861206054688,949.3350959634802
1583,909.5861206054688,950.761187624093
1584,909.5861206054688,951.5652294040889
1585,983.7371826171876,951.478794603159
1586,944.18994140625,947.191975206902
1587,944.18994140625,953.5022935578775
1588,944.18994140625,953.4568471797381
1589,944.18994140625,953.6867620991168
1590,944.18994140625,950.868715158201
1591,929.3597412109376,949.4041117166581
1592,889.8124389648438,960.5464408921049
1593,889.8124389648438,966.5930794396709
1594,882.3973999023438,976.9603848222534
1595,889.8124389648438,977.3032346104687
1596,889.8124389648438,980.0273342701446
1597,889.8124389648438,981.5094805915325
1598,879.9256591796875,982.0168619540104
1599,889.8124389648438,981.329841501921
1600,889.8124389648438,987.6390040866949
1601,889.8124389648438,963.5579961170507
1602,889.8124389648438,895.2668670701137
1603,889.8124389648438,904.9835586359554
1604,889.8124389648438,921.569835562227
1605,889.8124389648438,924.494708322057
1606,889.8124389648438,926.5002516232871
1607,889.8124389648438,926.7998427336731
1608,889.8124389648438,926.3597847524351
1609,889.8124389648438,925.2111182575572
1610,879.9256591796875,922.9234854484216
1611,887.3408203125,915.450879072336
1612,884.8692016601562,909.8504488332949
1613,884.8692016601562,904.1125856096808
1614,884.8692016601562,897.7151513812639
1615,884.8692016601562,891.339263937033
1616,944.18994140625,884.8033235125704
1617,954.0767211914062,981.8249634871897
1618,973.850341796875,940.9166600608876
1619,973.850341796875,942.1347550825868
1620,973.850341796875,936.5566146202898
1621,973.850341796875,935.6315476080465
1622,899.6993408203125,935.0737665837082
1623,954.0767211914062,932.123054193801
1624,976.3221435546876,934.8743969139418
1625,976.3221435546876,939.1626610179509
1626,976.3221435546876,944.2247105938939
1627,976.3221435546876,950.6487068062642
1628,939.2464599609376,951.1612065619204
1629,939.2464599609376,951.275462306416
1630,939.2464599609376,950.7415395986668
1631,939.2464599609376,950.1378994225458
1632,879.9256591796875,949.4974398374328
1633,820.6048583984375,948.193405343176
1634,830.49169921875,943.6105446898661
1635,830.49169921875,941.0796230953054
1636,870.0389404296875,938.4284192610554
1637,879.9256591796875,936.159319988509
1638,904.6427001953123,935.5854407920777
1639,902.1710205078124,933.8655781294508
1640,899.6993408203125,932.4809289426362
1641,899.6993408203125,931.1154324528759
1642,832.9634399414062,930.5324722362897
1643,832.9634399414062,927.2823338454536
1644,870.0389404296875,922.7786844543139
1645,870.0389404296875,916.7640358641121
1646,870.0389404296875,915.8805764351243
1647,870.0389404296875,911.8883535881681
1648,870.0389404296875,907.7401848587319
1649,870.0389404296875,903.0509317988335
1650,884.8692016601562,898.5230113174614
1651,884.8692016601562,894.5502920251561
1652,884.8692016601562,890.9444046697482
1653,884.8692016601562,887.2858473974413
1654,884.8692016601562,884.9443889052053
1655,884.8692016601562,877.5943969398941
1656,884.8692016601562,882.4765391233575
1657,884.8692016601562,880.2106801239117
1658,884.8692016601562,880.128971581199
1659,884.8692016601562,881.0057027997991
1660,884.8692016601562,881.4499917108822
1661,884.8692016601562,881.3553633531307
1662,884.8692016601562,879.2103438377928
1663,884.8692016601562,879.0249465558559
1664,884.8692016601562,878.2023506005887
1665,884.8692016601562,877.4165534156315
1666,810.718017578125,875.5712282040905
1667,860.1520385742188,867.9729116149047
1668,860.1520385742188,873.9859710265793
1669,860.1520385742188,878.797921051981
1670,860.1520385742188,876.6880285736972
1671,860.1520385742188,876.3359945719161
1672,860.1520385742188,875.9478635150189
1673,860.1520385742188,875.5678847375789
1674,860.1520385742188,875.1739335723096
1675,862.1339721679688,874.7790123889783
1676,862.1339721679688,873.8239367328592
1677,862.1339721679688,872.9057011244142
1678,862.1339721679688,871.9848650420158
1679,862.1339721679688,871.0580231031058
1680,862.1339721679688,868.151580686454
1681,862.1339721679688,867.2201982374667
1682,862.1339721679688,866.2867106428978
1683,862.1339721679688,865.3512004574762
1684,842.3148193359375,864.4075379925973
1685,941.41064453125,863.1679168253944
1686,988.481201171875,851.0094627719683
1687,988.481201171875,866.6637174501052
1688,988.481201171875,874.7318323615367
1689,961.2297973632812,878.930153088647
1690,961.2297973632812,882.6944836070772
1691,961.2297973632812,886.894434790079
1692,931.5010375976562,889.6500909947936
1693,832.4052124023438,891.5990223908302
1694,832.4052124023438,886.975317785505
1695,832.4052124023438,895.5393183134456
1696,832.4052124023438,894.6203809898069
1697,832.4052124023438,893.6174855070989
1698,832.4052124023438,892.5574415134608
1699,820.0182495117188,891.4888324667222
1700,862.1339721679688,890.3878826050225
1701,876.9984130859375,889.7427999551032
1702,876.9984130859375,890.4622850542469
1703,876.9984130859375,891.0809295523056
1704,876.9984130859375,891.6586062662561
1705,881.9531860351562,892.2408441289664
1706,901.7723388671876,892.9876342046215
1707,901.7723388671876,895.3530954842217
1708,901.7723388671876,896.8911932729736
1709,901.7723388671876,898.4119958460666
1710,901.7723388671876,900.6778135681479
1711,901.7723388671876,896.5958743697968
1712,901.7723388671876,891.2963148394364
1713,901.7723388671876,887.9106835001514
1714,842.3148193359375,884.4963643926494
1715,842.3148193359375,880.0744441829047
1716,842.3148193359375,875.270233663317
1717,842.3148193359375,871.7243429569785
1718,852.224365234375,867.0795662571572
1719,852.224365234375,865.2232612667017
1720,852.224365234375,867.0217366697157
1721,852.224365234375,867.9209846905638
1722,852.224365234375,869.2608479370685
1723,842.3148193359375,870.084207523576
1724,822.49560546875,870.7555425772159
1725,842.3148193359375,870.7633852764407
1726,842.3148193359375,869.7523581529575
1727,842.3148193359375,868.8893516580008
1728,876.9984130859375,872.6178740628653
1729,921.5914916992188,870.4556418865973
1730,921.5914916992188,871.8445839193034
1731,921.5914916992188,875.1948405573482
1732,921.5914916992188,875.9624757019956
1733,921.5914916992188,876.801603241681
1734,921.5914916992188,877.6182552564832
1735,921.5914916992188,878.4342468334557
1736,921.5914916992188,879.2520133370949
1737,909.20458984375,880.2075017668575
1738,874.52099609375,880.7288348784828
1739,874.52099609375,882.5099325111092
1740,990.9586791992188,883.8909286511797
1741,990.9586791992188,877.0481942162535
1742,990.9586791992188,894.18870231353
1743,990.9586791992188,899.4111763659839
1744,990.9586791992188,904.0209085834797
1745,990.9586791992188,909.3269692987238
1746,990.9586791992188,913.964233518235
1747,990.9586791992188,919.124110447666
1748,909.20458984375,924.2092753476398
1749,909.20458984375,928.6865485029657
1750,872.0435791015625,930.929931977528
1751,891.86279296875,932.4924453272874
1752,916.63671875,928.1560518164569
1753,916.63671875,933.3172496215467
1754,886.9078979492188,939.2467430091133
1755,961.2297973632812,937.0291578872641
1756,961.2297973632812,933.120026374726
1757,990.9586791992188,939.9016496717455
1758,990.9586791992188,934.5911103624704
1759,990.9586791992188,950.7407966061087
1760,990.9586791992188,952.8396680281135
1761,990.9586791992188,964.6983658616961
1762,990.9586791992188,966.8272046502123
1763,990.9586791992188,967.839862229587
1764,1040.5064697265625,971.5946163994902
1765,990.9586791992188,962.8410082984498
1766,990.9586791992188,935.2565427530096
1767,990.9586791992188,1063.019768123363
1768,990.9586791992188,1002.6557092339048
1769,990.9586791992188,1013.5050516772601
1770,990.9586791992188,1020.6588729685412
1771,990.9586791992188,1027.5290774894363
1772,990.9586791992188,1029.5758156002785
1773,1038.0291748046875,1038.3573271996133
1774,1139.6025390625,1187.0211396171464
1775,1090.054443359375,1095.9249684870706
1776,1109.8736572265625,1109.5183062797141
1777,1090.054443359375,1107.1060571076332
1778,1080.1448974609375,1099.8580821482906
1779,1080.1448974609375,1101.532952483786
1780,1090.054443359375,1097.0195203572976
1781,1090.054443359375,1092.5740720498784
1782,1090.054443359375,1089.5334988378008
1783,1090.054443359375,1086.8952560959538
1784,1080.1448974609375,1084.555902749299
1785,1080.1448974609375,1084.5270085942607
1786,1082.1304931640625,1082.3990366303956
1787,1082.1304931640625,1079.9862508525785
1788,1082.1304931640625,1077.479559070886
1789,1082.1304931640625,1073.4955504194334
1790,995.26220703125,1030.424354379034
1791,1072.20263671875,1025.0197439564258
1792,1072.20263671875,1016.7311253646853
1793,1072.20263671875,1017.9742757465394
1794,1072.20263671875,1019.1633115037426
1795,1072.20263671875,1018.9746326713405
1796,1092.0582275390625,1019.8720851268398
1797,1092.0582275390625,1017.8762007288656
1798,1092.0582275390625,1021.3647571761345
1799,1092.0582275390625,1050.0942568083906
1800,913.3578491210938,1047.0782023507315
1801,1082.1304931640625,1046.7624717908882
1802,1062.2747802734375,1041.7315866250224
1803,1082.1304931640625,1040.324771493557
1804,1141.6973876953125,1039.4045752103057
1805,1141.6973876953125,1039.8034796592958
1806,1141.6973876953125,1041.1101559048707
1807,1141.6973876953125,1042.1644210675008
1808,1141.6973876953125,1043.144675915868
1809,1141.6973876953125,1044.1739269957075
1810,1141.6973876953125,1045.1779163285707
1811,1141.6973876953125,1046.4893394710446
1812,1141.6973876953125,1047.7473084266971
1813,1141.6973876953125,1048.8416539101022
1814,1141.6973876953125,1047.490604497861
1815,1141.6973876953125,1048.7584387435911
1816,1141.6973876953125,1050.1489080387778
1817,1141.6973876953125,1050.7308363212555
1818,1141.6973876953125,1044.2665946786528
1819,1141.6973876953125,1045.726616332754
1820,1141.6973876953125,1047.065654031972
1821,1141.6973876953125,1048.554033235375
1822,1141.6973876953125,1046.544857526083
1823,1141.6973876953125,1050.8382400232704
1824,1141.6973876953125,1050.7385551883872
1825,1141.6973876953125,1053.8654806466657
1826,1141.6973876953125,1058.2259801382713
1827,1141.6973876953125,1059.379228420591
1828,1141.6973876953125,1060.8943966334514
1829,1141.6973876953125,1061.6472544816647
1830,1141.6973876953125,1061.5225555639909
1831,1141.6973876953125,1061.5225968413552
1832,1141.6973876953125,1061.5228032281768
1833,1141.6973876953125,1061.5228857829056
1834,1141.6973876953125,1061.5230096149985
1835,1141.6973876953125,1061.5230096149985
1836,1141.6973876953125,1061.5230508923628
1837,1141.6973876953125,1060.5668194700422
1838,1141.6973876953125,1062.4293367038313
1839,1141.6973876953125,1062.3015832611961
1840,1141.6973876953125,1062.2988176777853
1841,1141.6973876953125,1062.297827021041
1842,1116.8778076171875,1062.2980746852272
1843,1116.8778076171875,1062.036747691585
1844,1116.8778076171875,1064.6740823314167
1845,1092.0582275390625,1064.0466663934353
1846,1092.0582275390625,1063.29331321685
1847,1092.0582275390625,1061.1047873594969
1848,1092.0582275390625,1061.8390291163923
1849,1092.0582275390625,1059.8592841678753
1850,1092.0582275390625,1058.9103175616788
1851,1092.0582275390625,1057.9462434401332
1852,1092.0582275390625,1056.9750283345568
1853,923.2855834960938,1055.9980343979726
1854,923.2855834960938,1021.9250973970618
1855,923.2855834960938,1055.8735831444849
1856,1042.4193115234375,1049.815304380175
1857,1042.4193115234375,1045.708825788723
1858,1042.4193115234375,1043.7008884003612
1859,1042.4193115234375,1041.5364685237832
1860,1042.4193115234375,1039.6922371623973
1861,1042.4193115234375,1037.4668506186877
1862,1042.4193115234375,1034.231654633743
1863,1022.5635986328125,1030.3057645112826
1864,1022.5635986328125,1030.9723939453877
1865,1022.5635986328125,1028.2170473209055
1866,1022.5635986328125,1025.378320420455
1867,1022.5635986328125,1022.474994444811
1868,1022.5635986328125,1016.8104604589485
1869,1022.5635986328125,1014.422688763922
1870,1012.6358642578124,1012.0047433155623
1871,1012.6358642578124,1009.590966881001
1872,1012.6358642578124,1005.4636844979213
1873,1012.6358642578124,1003.3472701960718
1874,1012.6358642578124,1001.20782312492
1875,1012.6358642578124,999.0467467148535
1876,1012.6358642578124,996.8639171337793
1877,1012.6358642578124,994.6601186516201
1878,1012.6358642578124,992.43320484543
1879,982.8524169921876,989.7703195170716
1880,923.2855834960938,991.8918522120994
1881,923.2855834960938,993.2871922362783
1882,893.5022583007812,989.848251180947
1883,873.6466064453125,986.6295661417388
1884,873.6466064453125,981.7943356828488
1885,873.6466064453125,976.7861530673706
1886,873.6466064453125,971.6869951408851
1887,873.6466064453125,966.5027232891287
1888,873.6466064453125,959.661247813815
1889,833.9353637695312,954.6119116660889
1890,833.9353637695312,949.4732100245647
1891,814.0797729492188,943.1738301751396
1892,913.3578491210938,936.6087892088167
1893,982.8524169921876,930.2843127218723
1894,848.8270874023438,927.212038493981
1895,848.8270874023438,924.5855185236069
1896,833.9353637695312,918.6274199225522
1897,814.0797729492188,912.5751676534359
1898,814.0797729492188,905.7659710770367
1899,814.0797729492188,891.436967458428
1900,814.0797729492188,893.8879760756247
1901,868.6826782226562,886.1689231957416
1902,826.4895629882812,879.0846542633749
1903,848.8270874023438,870.6455590399297
1904,814.0797729492188,867.7126991100997
1905,814.0797729492188,861.9154171205171
1906,814.0797729492188,857.618918182322
1907,893.5022583007812,852.6814849693241
1908,833.9353637695312,850.5652357769318
1909,816.5617065429688,850.4454488656146
1910,816.5617065429688,848.5383933557018
1911,824.007568359375,846.120551100753
1912,824.007568359375,843.9248842593689
1913,873.6466064453125,845.6802660940111
1914,913.3578491210938,841.2087717696929
1915,972.9246215820312,847.9024949193486
1916,977.8885498046876,853.8943171270698
1917,915.8397827148438,862.5107605464054
1918,893.5022583007812,864.4520762687212
1919,903.4299926757812,861.6473825551695
1920,903.4299926757812,864.3606675453882
1921,933.21337890625,866.7461896240582
1922,972.9246215820312,870.0947745288472
1923,982.8524169921876,875.33939388727
1924,913.3578491210938,879.7319658909685
1925,913.3578491210938,883.6587641154445
1926,913.3578491210938,891.3609551919942
1927,913.3578491210938,893.3087720991934
1928,915.3477172851562,894.3820867654671
1929,915.3477172851562,896.9392194863842
1930,905.3982543945312,900.4361139612499
1931,905.3982543945312,904.3708787170438
1932,905.3982543945312,907.8508494725298
1933,935.2465209960938,907.9893350298935
1934,994.9431762695312,913.1273762335882
1935,994.9431762695312,918.4494319275143
1936,994.9431762695312,925.0214900457752
1937,994.9431762695312,926.6624303877824
1938,994.9431762695312,932.669071169302
1939,994.9431762695312,934.9077903016936
1940,945.1959838867188,936.5448505714527
1941,945.1959838867188,923.6253244743095
1942,945.1959838867188,941.1055040027471
1943,945.1959838867188,941.4290359844508
1944,945.1959838867188,942.5282109194841
1945,945.1959838867188,944.1304743711037
1946,935.2465209960938,945.5445543186934
1947,935.2465209960938,945.8592942217925
1948,915.3477172851562,943.791091881493
1949,915.3477172851562,942.0052267132851
1950,915.3477172851562,937.4790811585797
1951,905.3982543945312,942.5644524453753
1952,905.3982543945312,942.4967575678563
1953,905.3982543945312,942.261806810028
1954,900.423583984375,941.9284508156111
1955,945.1959838867188,941.3887079994898
1956,945.1959838867188,939.9315757608927
1957,940.2212524414062,944.2830767870719
1958,935.2465209960938,943.7631471058343
1959,942.7086181640624,943.554118532812
1960,942.7086181640624,941.473739370032
1961,975.0442504882812,939.7992405308158
1962,984.9937133789062,937.4680601023006
1963,1032.2535400390625,939.9291816737609
1964,994.9431762695312,939.9803243281792
1965,1039.715576171875,941.2628120382502
1966,1039.715576171875,937.1961661033873
1967,927.784423828125,940.474950985076
1968,947.683349609375,942.7439677028938
1969,947.683349609375,941.6412429145273
1970,947.683349609375,944.7230522135812
1971,945.1959838867188,945.3448544300122
1972,945.1959838867188,945.7400026388475
1973,945.1959838867188,946.2240210131085
1974,945.1959838867188,947.2220664055064
1975,945.1959838867188,945.8947927551258
1976,945.1959838867188,946.8970071613221
1977,945.1959838867188,948.226716176199
1978,945.1959838867188,949.5519259583627
1979,945.1959838867188,950.8715632963406
1980,945.1959838867188,952.3471877941624
1981,890.47412109375,951.1464292654864
1982,935.2465209960938,931.1352455877594
1983,868.087890625,955.1029059149234
1984,935.2465209960938,953.9603897473324
1985,935.2465209960938,952.0967580247063
1986,935.2465209960938,951.8975947417616
1987,935.2465209960938,948.4582821901513
1988,935.2465209960938,946.7036227093852
1989,935.2465209960938,943.1076625601013
1990,848.1890258789062,941.0611308360807
1991,853.1637573242188,931.2360861888442
1992,883.0120239257812,932.3788912979855
1993,885.4993896484375,930.0321080257496
1994,905.3982543945312,925.3993430389517
1995,895.4488525390625,922.843861412608
1996,895.4488525390625,921.6579627350948
1997,895.4488525390625,919.4565170627029
1998,895.4488525390625,918.5062295808474
1999,868.087890625,916.6451570548104
2000,868.087890625,914.5844259174567
2001,868.087890625,912.4891043487852
2002,868.087890625,909.6477356970167
2003,868.087890625,906.7450288818379
2004,853.1637573242188,903.8121689520078
2005,853.1637573242188,900.6702598104737
2006,892.9614868164062,897.0966719926624
2007,890.47412109375,890.8887008665702
2008,890.47412109375,889.1724086959589
2009,892.9614868164062,890.0769608581247
2010,892.9614868164062,888.3494618830948
2011,892.9614868164062,886.6944665985297
2012,892.9614868164062,885.0290075021042
2013,892.9614868164062,883.359255559787
2014,892.9614868164062,881.7532771453767
2015,892.9614868164062,880.0637739842225
2016,892.9614868164062,879.3773933312804
2017,892.9614868164062,880.4528750591818
2018,892.9614868164062,880.7706282098779
2019,892.9614868164062,881.040437701892
2020,892.9614868164062,880.1478559753849
2021,892.9614868164062,879.9954186688741
2022,892.9614868164062,879.2924032381025
2023,892.9614868164062,879.1930073447697
2024,892.9614868164062,879.0932605938399
2025,892.9614868164062,879.1275208062428
2026,892.9614868164062,880.1159898501137
2027,892.9614868164062,881.0956874540623
2028,892.9614868164062,882.0796159878557
2029,892.9614868164062,883.0615632081607
2030,895.4488525390625,884.6251910467573
2031,895.4488525390625,886.2177336790747
2032,895.4488525390625,885.2243526288473
2033,890.47412109375,887.1788977464341
2034,890.47412109375,887.8272413081363
2035,895.4488525390625,888.4435329964277
2036,895.4488525390625,888.4022143547224
2037,895.4488525390625,888.5124042788304
2038,890.47412109375,888.5412158791404
2039,890.47412109375,888.5819979151092
2040,890.47412109375,888.4911464361949
2041,890.47412109375,888.3971166002264
2042,890.47412109375,888.3030661255757
2043,890.47412109375,888.2101507784444
2044,890.47412109375,888.1157081688325
2045,890.47412109375,888.0213068365849
2046,890.47412109375,887.9269055043374
2047,890.47412109375,887.8361572188339
2048,890.47412109375,887.7413843903073
2049,890.47412109375,887.2647133868988
2050,890.47412109375,888.8891634218518
2051,890.47412109375,888.755383484023
2052,890.47412109375,888.6679786650312
2053,890.47412109375,888.5728343402254
2054,890.47412109375,888.4783917306136
2055,890.47412109375,888.3838665662729
2056,890.47412109375,888.1646837616229
2057,890.47412109375,887.2281829194571
2058,890.47412109375,886.5578591612436
2059,890.47412109375,885.8311918007046
2060,890.47412109375,885.831233078069
2061,890.47412109375,885.6293248503956
2062,890.47412109375,885.4272515132649
2063,890.47412109375,885.2251781761341
2064,890.47412109375,885.2189246554365
2065,890.47412109375,885.2228460050488
2066,890.47412109375,885.2228253663667
2067,890.47412109375,884.8940098820273
2068,890.47412109375,885.9521551169056
2069,890.47412109375,885.9323626207041
2070,890.47412109375,886.0016879541147
2071,895.4488525390625,885.9965901996186
2072,837.6135864257812,886.062159292874
2073,837.6135864257812,885.5090838880706
2074,837.6135864257812,882.1664222850645
2075,832.6278076171875,878.3339221994252
2076,842.5994262695312,878.922888272523
2077,842.5994262695312,877.4827829467164
2078,842.5994262695312,876.724332015635
2079,842.5994262695312,876.5486761916825
2080,842.5994262695312,874.6939603797539
2081,877.5,873.000494591623
2082,857.5568237304688,871.8790298798458
2083,837.6135864257812,871.158182627679
2084,837.6135864257812,868.798933591412
2085,887.4715576171875,868.5649941290101
2086,887.4715576171875,868.3806906972281
2087,887.4715576171875,868.2978263883138
2088,887.4715576171875,868.1771726523455
2089,887.4715576171875,868.0577778759895
2090,887.4715576171875,867.9423457266103
2091,887.4715576171875,867.8279867887038
2092,887.4715576171875,866.971275091809
2093,892.4573364257812,866.8498783632824
2094,887.4715576171875,866.7406790959187
2095,892.4573364257812,866.7501728897171
2096,892.4573364257812,866.7519478163838
2097,892.4573364257812,862.8608751507447
2098,892.4573364257812,870.0679029646614
2099,892.4573364257812,872.3669902424015
2100,892.4573364257812,872.7853569686785
2101,892.4573364257812,875.3747273111458
2102,892.4573364257812,876.1595132006767
2103,892.4573364257812,877.2379049827641
2104,892.4573364257812,879.1871459590333
2105,892.4573364257812,880.97214430259
2106,892.4573364257812,882.5666063323492
2107,892.4573364257812,883.0699218744397
2108,892.4573364257812,884.2647571013329
2109,892.4573364257812,885.0088228709415
2110,892.4573364257812,886.3362409920974
2111,892.4573364257812,886.4750774070579
2112,887.4715576171875,886.66423092915
2113,887.4715576171875,886.7887647373664
2114,882.4857788085938,886.782531855351
2115,882.4857788085938,886.7538647258161
2116,887.4715576171875,886.6882749938786
2117,887.4715576171875,886.7602420786069
2118,882.4857788085938,886.7836463441881
2119,882.4857788085938,886.5498100751971
2120,882.4857788085938,886.3302351355858
2121,882.4857788085938,885.9719269744248
2122,882.4857788085938,884.3313994060611
2123,882.4857788085938,883.9953397442799
2124,882.4857788085938,883.584114002034
2125,887.4715576171875,882.4488420118848
2126,882.4857788085938,882.1327399557624
2127,877.5,881.8693903712676
2128,887.4715576171875,881.4103035250685
2129,882.4857788085938,881.078103296853
2130,877.5,880.8139281650715
2131,882.4857788085938,880.3973776428255
2132,877.5,880.2941223159269
2133,877.5,879.8703688936034
2134,882.4857788085938,879.3419979913581
2135,882.4857788085938,878.9646609652359
2136,877.5,878.5729800550055
2137,877.5,878.3255635331461
2138,877.5,877.960692271055
2139,872.51416015625,877.6533410161728
2140,882.4857788085938,877.3696416910581
2141,857.5568237304688,877.0272459538505
2142,892.4573364257812,872.7789176998413
2143,887.4715576171875,878.9092873809727
2144,882.4857788085938,879.9410976574015
2145,882.4857788085938,880.3154420746089
2146,879.9928588867188,880.2611829791829
2147,882.4857788085938,880.1768946011987
2148,882.4857788085938,880.1395592251524
2149,887.4715576171875,880.1544190763152
2150,882.4857788085938,880.2179036626715
2151,882.4857788085938,880.1526647883306
2152,882.4857788085938,880.1679374131368
2153,882.4857788085938,880.2538975243766
2154,877.5,880.0704815559279
2155,877.5,880.0068112214321
2156,882.4857788085938,879.863289825619
2157,887.4715576171875,879.7613760130614
2158,852.5709838867188,880.0007021715097
2159,882.4857788085938,879.714361095077
2160,882.4857788085938,879.029941116941
2161,882.4857788085938,879.0223254432201
2162,877.5,879.3027432178699
2163,872.51416015625,879.3678376214355
2164,877.5,879.0885756129873
2165,872.51416015625,879.1091730177934
2166,872.51416015625,878.6874834636869
2167,865.0354614257812,876.261406374552
2168,867.5283813476562,874.7600454400637
2169,882.4857788085938,873.7081330872008
2170,882.4857788085938,873.4037744412334
2171,882.4857788085938,873.4105852063497
2172,882.4857788085938,873.5006111379771
2173,879.9928588867188,873.4990425981322
2174,877.5,872.092041718527
2175,875.007080078125,874.674952153475
2176,884.9786987304688,874.4260083691352
2177,870.0213012695312,874.2066191776635
2178,867.5283813476562,874.6292168337852
2179,884.9786987304688,874.274871299601
2180,879.9928588867188,873.8675256296032
2181,879.9928588867188,874.1140959654933
2182,872.51416015625,874.0749443854161
2183,867.5283813476562,872.6423309012373
2184,860.0496826171875,875.5855308108346
2185,862.5426025390625,874.1501930206094
2186,857.5568237304688,874.0022755854939
2187,857.5568237304688,874.9687025168068
2188,855.0639038085938,875.7069688167255
2189,855.0639038085938,875.1956041885885
2190,852.5709838867188,874.5975570953358
2191,877.5,873.9271301437113
2192,867.5283813476562,872.2788217921694
2193,857.5568237304688,875.4827914509901
2194,852.5709838867188,875.2525875900612
2195,877.5,874.2098594507642
2196,877.5,873.4193772849543
2197,877.5,873.2123300254204
2198,877.5,873.0002882048013
2199,877.5,871.275162678221
2200,837.6135864257812,871.2500866793839
2201,837.6135864257812,870.7019851969837
2202,837.6135864257812,868.4721613366075
2203,877.5,866.8987507626621
2204,872.51416015625,865.6314737613508
2205,877.5,866.4129574617343
2206,877.5,866.1260797795653
2207,877.5,865.9795657748373
2208,877.5,864.9152702126722
2209,875.007080078125,865.2720923887169
2210,877.5,864.6817848012781
2211,877.5,864.3099170259311
2212,877.5,864.0907961373276
2213,877.5,864.7718520102699
2214,877.5,865.3588780472436
2215,877.5,866.2210796335958
2216,870.0213012695312,866.9797782288632
2217,872.51416015625,864.5609453171702
2218,872.51416015625,866.3192784833627
2219,872.51416015625,867.4146352621943
2220,872.51416015625,868.2171497797096
2221,872.51416015625,867.9961301323464
2222,852.5709838867188,867.7940155178512
2223,867.5283813476562,866.1517543001853
2224,867.5283813476562,867.7429760568439
2225,867.5283813476562,867.5581566580075
2226,867.5283813476562,868.877278028931
2227,867.5283813476562,870.1343182438859
2228,867.5283813476562,871.3528466779105
2229,867.5283813476562,870.2614731647379
2230,867.5283813476562,870.0469340635761
2231,867.5283813476562,869.628649892028
2232,867.5283813476562,869.2097259213324
2233,867.5283813476562,868.7904304543579
2234,867.5283813476562,868.3768725410266
2235,882.4857788085938,867.6348500009528
2236,882.4857788085938,867.4381427211865
2237,877.5,867.6791406128907
2238,877.5,867.9911768486254
2239,867.5283813476562,868.246869482035
2240,847.585205078125,868.096227740873
2241,847.585205078125,867.4104043323493
2242,857.5568237304688,865.8464669135202
2243,840.1065063476562,864.3708424156982
2244,842.5994262695312,862.8047792126056
2245,837.6135864257812,863.6799006139963
2246,832.6278076171875,862.5172823699713
2247,832.6278076171875,860.3886086909124
2248,827.6420288085938,859.871238206264
2249,827.6420288085938,858.3266185939463
2250,835.1207275390625,856.806146239768
2251,835.1207275390625,855.2251406307839
2252,835.1207275390625,854.2674232233469
2253,835.1207275390625,852.8922265529663
2254,797.7272338867188,851.5179999006479
2255,797.7272338867188,849.5263877098828
2256,797.7272338867188,846.5800094432313
2257,797.7272338867188,842.9678272897614
2258,795.234375,842.0777634824792
2259,795.234375,839.0908095666805
2260,795.234375,836.3282187647567
2261,777.7840576171875,832.4932833146213
2262,777.7840576171875,827.5501951027086
2263,777.7840576171875,824.1559574329585
2264,767.8125,820.7969706323556
2265,767.8125,816.296850455867
2266,815.1775512695312,814.1764941657228
2267,797.7272338867188,811.6393396891467
2268,797.7272338867188,808.0681665971495
2269,797.7272338867188,807.551889962656
2270,797.7272338867188,805.8072608814246
2271,797.7272338867188,803.5675304536067
2272,797.7272338867188,800.9469750623797
2273,837.6135864257812,799.3465897308375
2274,837.6135864257812,798.2862567956491
2275,797.7272338867188,798.6780615379728
2276,847.585205078125,797.6209069598386
2277,857.5568237304688,796.9376633865863
2278,857.5568237304688,797.5763274063505
2279,827.6420288085938,798.9738964082038
2280,827.6420288085938,800.7988512404424
2281,827.6420288085938,803.3851051419022
2282,827.6420288085938,803.1804106921358
2283,827.6420288085938,804.5749045303456
2284,787.7556762695312,805.6851005216578
2285,825.1491088867188,805.9566849403386
2286,822.65625,807.7259772467636
2287,822.65625,808.9066543376878
2288,822.65625,810.0478909069843
2289,847.585205078125,812.098447174028
2290,847.585205078125,813.5707694827026
2291,817.67041015625,817.153211295165
2292,837.6135864257812,817.701292138883
2293,837.6135864257812,816.8528359148564
2294,837.6135864257812,819.6287386667802
2295,837.6135864257812,821.4218480124299
2296,837.6135864257812,823.2182182698625
2297,887.4715576171875,825.010316320086
2298,877.5,827.6726031266614
2299,875.007080078125,829.6852874119224
2300,867.5283813476562,831.3872563371076
2301,887.4715576171875,834.5731877877114
2302,887.4715576171875,835.8427350440614
2303,879.9928588867188,836.7277630128941
2304,879.9928588867188,837.8937660007952
2305,879.9928588867188,839.2909015903228
2306,790.24853515625,841.5590102061252
2307,797.7272338867188,842.313271484726
2308,787.7556762695312,840.857129902873
2309,787.7556762695312,841.0927617372129
2310,787.7556762695312,840.2382171019459
2311,787.7556762695312,838.5100783277687
2312,787.7556762695312,837.4738926507198
2313,787.7556762695312,835.9622536525105
2314,787.7556762695312,834.4318540922081
2315,787.7556762695312,831.7868625012916
2316,787.7556762695312,829.1234199285145
2317,787.7556762695312,827.7608541316222
2318,787.7556762695312,825.2209959876818
2319,787.7556762695312,823.0534390314137
2320,787.7556762695312,820.8235738936733
2321,787.7556762695312,818.5704695998088
2322,787.7556762695312,816.3246301220684
2323,787.7556762695312,811.7339680468981
2324,777.7840576171875,807.6074080176944
2325,777.7840576171875,803.3604006393441
2326,775.2911987304688,799.1774350917686
2327,775.2911987304688,794.0244514821826
2328,775.2911987304688,788.8013789079458
2329,775.2911987304688,783.8770925354904
2330,767.8125,778.9448396317173
2331,745.3764038085938,761.0340339997935
2332,747.8693237304688,773.5763881802718
2333,747.8693237304688,771.9250872198152
2334,747.8693237304688,770.6685836105968
2335,747.8693237304688,768.8587982097533
2336,747.8693237304688,766.5621256578272
2337,745.3764038085938,764.6815908545035
2338,747.8693237304688,763.1933973992398
2339,727.9260864257812,761.4718423646749
2340,747.8693237304688,758.0433651212041
2341,747.8693237304688,757.8983783789567
2342,747.8693237304688,757.3767976031455
2343,747.8693237304688,755.4447280104423
2344,737.897705078125,753.5006673433979
2345,737.897705078125,738.7687553714579
2346,737.897705078125,749.4342484340389
2347,737.897705078125,748.6294223841205
2348,737.897705078125,746.577669073511
2349,737.897705078125,744.333707715848
2350,737.897705078125,742.4921387444621
2351,727.9260864257812,740.6477835509831
2352,727.9260864257812,738.638112513319
2353,725.4332275390625,736.3472600697648
2354,722.9403076171875,734.5311385934951
2355,722.9403076171875,732.5903594769159
2356,722.9403076171875,725.9327746597407
2357,722.9403076171875,726.8287204914416
2358,717.9545288085938,725.0768369134272
2359,717.9545288085938,723.6255557412253
2360,722.9403076171875,722.4180690021618
2361,722.9403076171875,722.056634080652
2362,720.4474487304688,720.3849317828699
2363,722.9403076171875,719.3739768947743
2364,722.9403076171875,717.8328658584255
2365,747.8693237304688,717.2637541975757
2366,727.9260864257812,714.5943057682871
2367,725.4332275390625,716.5884461976179
2368,717.9545288085938,716.1915437007983
2369,715.4616088867188,714.9644398943317
2370,715.4616088867188,710.8074274895856
2371,707.98291015625,709.4661711320343
2372,707.98291015625,706.6581752293355
2373,700.5042724609375,707.2276480671233
2374,698.0113525390625,706.094790802788
2375,693.0255737304688,704.1702440097358
2376,717.9545288085938,702.039155604863
2377,717.9545288085938,700.762952373513
2378,717.9545288085938,700.1352268552992
2379,717.9545288085938,699.0044540978631
2380,707.98291015625,698.3132130352698
2381,717.9545288085938,697.9296947238377
2382,628.210205078125,697.441992344809
2383,608.2670288085938,675.1797063253882
2384,608.2670288085938,685.227225647081
2385,558.4090576171875,686.643895749283
2386,543.45166015625,640.2028982388232
2387,530.9871826171875,662.0101735517735
2388,538.4658813476562,617.4898995184938
2389,545.944580078125,616.5046139913477
2390,508.5511169433594,655.2451540745601
2391,459.6903381347656,629.2377108724453
2392,563.3948974609375,586.12837712723
2393,588.3238525390625,542.7197657216142
2394,598.29541015625,615.5145609286202
2395,590.8167724609375,632.4302518610142
2396,543.45166015625,648.9201616205614
2397,578.3522338867188,613.9940266583955
2398,573.366455078125,594.2594245402697
2399,518.522705078125,629.8886394290892
2400,568.3806762695312,566.2063609409439
2401,568.3806762695312,549.0579791864194
2402,558.4090576171875,585.9156826082873
2403,558.4090576171875,581.7532757679888
2404,558.4090576171875,571.840445776058
2405,558.4090576171875,561.797425364599
2406,558.4090576171875,554.7408135562582
2407,558.4090576171875,550.1297556259125
2408,558.4090576171875,559.5423373386507
2409,558.4090576171875,565.5610706142854
2410,558.4090576171875,560.4798104562343
2411,558.4090576171875,558.5700889687382
2412,553.4232788085938,556.5532931113235
2413,553.4232788085938,554.5501508305325
2414,553.4232788085938,552.755849278508
2415,558.4090576171875,550.2386021008028
2416,558.4090576171875,559.8572423512072
2417,558.4090576171875,564.1550320132365
2418,548.4375,572.6367944872749
2419,600.788330078125,571.9996706291677
2420,578.3522338867188,573.3078947759052
2421,558.4090576171875,570.9475480197302
2422,558.4090576171875,570.4291327017968
2423,558.4090576171875,567.5250243911067
2424,548.4375,565.301737833308
2425,548.4375,566.0389438209303
2426,548.4375,566.9051570511293
2427,548.4375,566.5401039106515
2428,548.4375,566.2801551940032
2429,548.4375,565.9697623133361
2430,548.4375,565.6898753397935
2431,558.4090576171875,565.4233461083269
2432,558.4090576171875,565.6083222321558
2433,558.4090576171875,564.3060549250598
2434,558.4090576171875,563.379550622091
2435,558.4090576171875,563.4981514541422
2436,558.4090576171875,563.5984809253638
2437,558.4090576171875,563.6862140283939
2438,558.4090576171875,563.8674706747205
2439,558.4090576171875,564.0385898583485
2440,558.4090576171875,564.2001791304842
2441,558.4090576171875,563.4369964590359
2442,558.4090576171875,560.3241609323313
2443,558.4090576171875,562.9461570003175
2444,558.4090576171875,562.0605685622721
2445,558.4090576171875,558.0195289033244
2446,558.4090576171875,558.2217396166833
2447,558.4090576171875,558.4045441641726
2448,638.1818237304688,558.5398487846468
2449,638.1818237304688,560.0320935890346
2450,598.29541015625,562.3312629377843
2451,598.29541015625,563.9948410118177
2452,548.4375,565.0554087120157
2453,548.4375,560.2111631800099
2454,555.9161987304688,561.7530251096623
2455,558.4090576171875,566.2926512710985
2456,516.02978515625,566.9379183792396
2457,560.9019775390625,557.6519339801455
2458,560.9019775390625,549.6998925087078
2459,555.9161987304688,558.4483568616264
2460,555.9161987304688,564.0271740872729
2461,563.3948974609375,566.1292864273373
2462,563.3948974609375,571.2988532180473
2463,563.3948974609375,570.2187484253396
2464,563.3948974609375,569.4531900480857
2465,558.4090576171875,572.2837569295732
2466,526.0014038085938,577.7905649466186
2467,513.5369262695312,546.4287510339692
2468,550.9303588867188,536.6378118090194
2469,550.9303588867188,541.6189629105248
2470,550.9303588867188,552.2402769390436
2471,548.4375,556.4491593505148
2472,503.5653381347656,559.6801579434731
2473,503.5653381347656,540.7034735367263
2474,563.3948974609375,527.5866571170453
2475,563.3948974609375,536.6580944739223
2476,563.3948974609375,554.285242380575
2477,543.45166015625,556.7379741664932
2478,543.45166015625,553.7808146070032
2479,548.4375,550.0798687063124
2480,548.4375,548.8904691923359
2481,555.9161987304688,548.3967893349839
2482,578.3522338867188,559.4557216267725
2483,578.3522338867188,566.2983797953185
2484,528.4943237304688,562.9667666593411
2485,528.4943237304688,541.7980834532468
2486,578.3522338867188,542.8293751827861
2487,538.4658813476562,549.5163888258598
2488,513.5369262695312,548.4802495858457
2489,488.6079406738281,539.266457563657
2490,548.4375,530.7462536091997
2491,548.4375,536.3741410350333
2492,498.57952880859375,539.2476389552705
2493,548.4375,536.0357259836494
2494,548.4375,541.2786697390634
2495,548.4375,542.6563894883393
2496,518.522705078125,543.973078074602
2497,545.944580078125,532.1027516335339
2498,503.5653381347656,533.1216549941004
2499,503.5653381347656,532.1434820727972
2500,503.5653381347656,522.6058646126426
2501,501.0724182128906,514.5219198319863
2502,498.57952880859375,509.0579473997856
2503,498.57952880859375,505.9139073143172
2504,498.57952880859375,504.1459049255278
2505,523.5084838867188,505.059569065872
2506,488.6079406738281,510.5482356812896
2507,495.5880432128906,513.4259748507128
2508,498.57952880859375,508.801037084128
2509,498.57952880859375,510.1135747154391
2510,498.57952880859375,509.18459151325396
2511,498.57952880859375,507.9175621761286
2512,513.5369262695312,508.11352646333694
2513,498.57952880859375,507.5948815400644
2514,498.57952880859375,508.6124562854662
2515,498.57952880859375,509.1479217347076
2516,498.57952880859375,509.16187348385483
2517,498.57952880859375,510.22109708987654
2518,498.57952880859375,510.82739965599745
2519,498.57952880859375,508.15907087521657
2520,498.57952880859375,511.6807524073691
2521,498.57952880859375,505.97902235656494
2522,498.57952880859375,509.0589070985065
2523,498.57952880859375,504.29550957291076
2524,498.57952880859375,504.30207267384094
2525,498.57952880859375,504.01797605409433
2526,498.57952880859375,503.7714418358979
2527,497.5823669433594,503.5352940345038
2528,498.57952880859375,501.7807067891252
2529,498.57952880859375,503.3548809943109
2530,495.5880432128906,503.40850545026024
2531,513.5369262695312,502.326083965479
2532,493.59375,504.5335354943824
2533,493.59375,502.10744292623593
2534,488.6079406738281,501.7542015615478
2535,477.6391906738281,502.8998444894877
2536,482.625,502.41604798105993
2537,493.59375,499.6553095008609
2538,493.59375,499.20441621148336
2539,493.59375,498.9567675044497
2540,493.59375,498.71714208510986
2541,598.29541015625,502.10825815418167
2542,558.4090576171875,502.88701754851877
2543,558.4090576171875,594.3283551588837
2544,558.4090576171875,587.2767933780865
2545,558.4090576171875,576.8422536185808
2546,521.015625,566.1423094357868
2547,484.6192932128906,512.369346558974
2548,450.7159118652344,489.6323295722688
2549,435.7585144042969,477.1037929895035
2550,405.84375,470.3064842940345
2551,448.7215881347656,470.4651441632197
2552,417.8096618652344,473.352279092701
2553,433.7641906738281,471.481031696354
2554,435.7585144042969,473.88361164583785
2555,430.772705078125,474.1837393619603
2556,448.7215881347656,475.7861369650142
2557,497.5823669433594,478.1349273490913
2558,463.678955078125,478.1966834458158
2559,497.5823669433594,489.7973048781982
2560,498.57952880859375,487.98470229723847
2561,464.6761169433594,482.55352473100663
2562,457.6960144042969,489.2425319417863
2563,457.6960144042969,485.35662410636047
2564,488.6079406738281,486.14871608937966
2565,487.61077880859375,495.98221227696496
2566,488.6079406738281,488.7442470784749
2567,477.6391906738281,487.86034907749104
2568,477.6391906738281,484.54768579901963
2569,477.6391906738281,480.47345514845915
2570,477.6391906738281,476.5333088562894
2571,468.6647644042969,472.2660239727066
2572,468.6647644042969,469.35425677605485
2573,458.6931762695313,468.33619186195153
2574,458.6931762695313,467.8767644774965
2575,452.710205078125,467.9880585711006
2576,493.59375,468.9550943435375
2577,493.59375,482.94937981470616
2578,493.59375,473.8744738693069
2579,488.6079406738281,476.79766457654
2580,488.6079406738281,478.83153446904896
2581,488.6079406738281,481.14547643828126
2582,488.6079406738281,482.6401298010643
2583,488.6079406738281,482.100015488664
2584,488.6079406738281,481.79632244019655
2585,454.70452880859375,481.18825526675005
2586,454.70452880859375,484.9419671832037
2587,454.70452880859375,479.4364181257706
2588,448.7215881347656,479.511419096778
2589,448.7215881347656,479.26589617400793
2590,448.7215881347656,477.08866483547257
2591,457.6960144042969,475.26528886241994
2592,457.6960144042969,473.4961049090763
2593,478.6363525390625,472.5570861476857
2594,478.6363525390625,471.8947547191426
2595,478.6363525390625,471.91310250759216
2596,473.6505432128906,471.89976991891
2597,473.6505432128906,472.32592774770626
