,y_actual,y_predict
0,58.7447624206543,66.91039230309673
1,58.7447624206543,66.86540237338579
2,58.7447624206543,67.57050593316818
3,58.7447624206543,67.93414928979008
4,67.13687896728516,68.28007285033377
5,58.7447624206543,69.59948049195522
6,58.7447624206543,70.59154853211754
7,58.7447624206543,71.37613727068823
8,58.7447624206543,71.51962396532669
9,58.7447624206543,71.52448822307365
10,58.7447624206543,71.5215928315576
11,58.7447624206543,71.50888874447487
12,58.7447624206543,71.50891547116579
13,58.7447624206543,71.56454262386183
14,58.7447624206543,71.57723780204759
15,58.7447624206543,70.7957582685203
16,58.7447624206543,70.7688088551786
17,58.7447624206543,70.66931429379017
18,62.940818786621094,70.63143366386325
19,62.940818786621094,70.98563358969436
20,62.940818786621094,71.11278136728531
21,62.940818786621094,71.51934778952054
22,58.7447624206543,71.81063308493212
23,54.54871368408203,71.89288002178188
24,54.54871368408203,71.65820185773332
25,54.54871368408203,71.35150417055938
26,54.54871368408203,71.12609125936217
27,58.7447624206543,70.75200667548854
28,58.7447624206543,70.64260542066673
29,58.7447624206543,70.3289142493694
30,58.7447624206543,69.85551328204677
31,54.54871368408203,69.450416827812
32,54.54871368408203,68.92976307094746
33,54.54871368408203,68.49025154770807
34,54.54871368408203,68.49313803032715
35,54.54871368408203,68.44464690410604
36,50.35265350341797,68.44775610914944
37,54.54871368408203,68.24667339558401
38,50.35265350341797,67.709992533066
39,54.54871368408203,67.197891317295
40,54.54871368408203,66.69998197440114
41,58.7447624206543,66.32579048376384
42,54.54871368408203,66.53748369362346
43,50.35265350341797,66.66770504066992
44,50.35265350341797,66.4271559135165
45,50.35265350341797,66.12874350052695
46,58.7447624206543,65.77992454846722
47,54.54871368408203,66.2522386303592
48,54.54871368408203,66.47880969816283
49,54.54871368408203,66.81447911829122
50,54.54871368408203,66.7781575453345
51,58.7447624206543,66.67419071766587
52,58.7447624206543,66.44084888816317
53,54.54871368408203,66.73730134381879
54,54.54871368408203,67.20357519356344
55,54.54871368408203,67.52127536849837
56,58.7447624206543,67.89948477167025
57,58.7447624206543,67.74134294151209
58,58.7447624206543,68.12552130565552
59,58.7447624206543,68.49894663115319
60,62.940818786621094,68.93701491308303
61,58.7447624206543,69.46620339324721
62,62.940818786621094,69.64382898108414
63,62.940818786621094,69.79730254922872
64,62.940818786621094,70.50504314251495
65,62.940818786621094,71.22923846850932
66,58.7447624206543,71.92805234702915
67,58.7447624206543,71.94453380642821
68,58.7447624206543,71.93283642470337
69,62.940818786621094,71.94493470679197
70,58.7447624206543,72.19899863065261
71,58.7447624206543,72.11115690650414
72,62.940818786621094,72.06557898959304
73,58.7447624206543,72.04968551739417
74,58.7447624206543,71.96842746810835
75,62.940818786621094,71.60797349660258
76,62.940818786621094,71.45052656040828
77,58.7447624206543,71.7149515314479
78,58.7447624206543,71.89432326309141
79,58.7447624206543,71.8687101842956
80,58.7447624206543,71.6296755696275
81,58.7447624206543,71.66715529919064
82,54.54871368408203,71.6395733541639
83,54.54871368408203,70.99890784618331
84,54.54871368408203,70.42867607766702
85,54.54871368408203,70.07215983862308
86,50.35265350341797,69.56892297533969
87,50.35265350341797,68.77101543579518
88,50.35265350341797,67.84753699342383
89,50.35265350341797,67.1349410512876
90,50.35265350341797,66.41697304427699
91,50.35265350341797,65.75854319573332
92,50.35265350341797,65.0843802351363
93,50.35265350341797,64.73718270232554
94,50.35265350341797,64.3842923843494
95,50.35265350341797,64.01951759781198
96,50.35265350341797,63.592843795109914
97,50.35265350341797,63.68079242602205
98,50.35265350341797,63.69565246617212
99,41.96055221557617,63.71588457119658
100,54.54871368408203,63.37263367974464
101,54.54871368408203,63.328124830470216
102,46.15660095214844,63.66497913389594
103,46.15660095214844,65.05052642664094
104,50.35265350341797,63.99054586485754
105,54.54871368408203,64.00802512071752
106,54.54871368408203,64.21487189062411
107,54.54871368408203,64.51029091423091
108,54.54871368408203,64.79437782088874
109,54.54871368408203,65.04181352540186
110,58.7447624206543,65.92555828727605
111,50.35265350341797,66.06389563946442
112,54.54871368408203,65.88673331427006
113,62.940818786621094,65.77576409358109
114,58.7447624206543,66.82356619320312
115,58.7447624206543,67.55544989728473
116,58.7447624206543,67.88186297345872
117,58.7447624206543,68.19966114626034
118,58.7447624206543,68.53921484546872
119,58.7447624206543,69.02886564086911
120,54.54871368408203,69.35099353759935
121,54.54871368408203,69.20516380305713
122,54.54871368408203,69.59438460288698
123,54.54871368408203,69.67825295898572
124,58.7447624206543,69.27985599527425
125,54.54871368408203,69.06410923729216
126,58.7447624206543,68.72843981716379
127,62.940818786621094,68.52238593908774
128,54.54871368408203,68.79136335648028
129,58.7447624206543,68.59472618250412
130,58.7447624206543,68.38674798268202
131,58.7447624206543,68.68698671955092
132,58.7447624206543,69.03021979320893
133,58.7447624206543,69.40550707817384
134,58.7447624206543,69.79650965739818
135,58.7447624206543,69.83352612431874
136,54.54871368408203,70.24938452609625
137,58.7447624206543,70.13623262564901
138,58.7447624206543,69.63918744576148
139,62.940818786621094,69.90819158984493
140,58.7447624206543,70.03100073461032
141,58.7447624206543,70.16297713436035
142,58.7447624206543,70.07162530480473
143,58.7447624206543,69.9938060897503
144,58.7447624206543,69.91736775372658
145,54.54871368408203,69.89431152836184
146,54.54871368408203,69.46046606359694
147,58.7447624206543,69.35955498758989
148,58.7447624206543,69.42336941660362
149,58.7447624206543,69.5828297635137
150,58.7447624206543,69.34244990540276
151,58.7447624206543,69.34563038162193
152,58.7447624206543,69.4344699022313
153,58.7447624206543,69.51966568397894
154,58.7447624206543,69.61678156987574
155,62.940818786621094,69.60128899804063
156,54.54871368408203,70.35741381078431
157,58.7447624206543,70.55488842107587
158,58.7447624206543,70.41072465026751
159,58.7447624206543,70.39806510766964
160,58.7447624206543,70.32649993828987
161,58.7447624206543,70.29765292989303
162,54.54871368408203,70.26607979902263
163,54.54871368408203,70.00976192422796
164,58.7447624206543,69.54070849862791
165,62.940818786621094,69.35714958540731
166,58.7447624206543,69.18542168736616
167,62.940818786621094,69.66497870249675
168,62.940818786621094,69.8959418565078
169,58.7447624206543,69.7611413364175
170,58.7447624206543,69.85449766779192
171,62.940818786621094,69.78156943717535
172,58.7447624206543,69.9906345224281
173,62.940818786621094,70.4585743359066
174,58.7447624206543,71.1989660365969
175,62.940818786621094,71.43981806624738
176,58.7447624206543,71.47212172666953
177,58.7447624206543,71.46136868802377
178,58.7447624206543,71.84691011340398
179,58.7447624206543,71.50162799344231
180,58.7447624206543,71.61574205476256
181,67.13687896728516,71.61727438504182
182,71.33293151855469,71.21261446675871
183,71.33293151855469,71.8875970458772
184,75.52897644042969,72.44626506612326
185,67.13687896728516,73.37555210932065
186,68.81529235839844,73.81255132361379
187,71.33293151855469,74.35831926104372
188,71.33293151855469,75.23240677859974
189,76.36820220947266,76.16179181966383
190,72.17214965820312,77.13729822035435
191,71.33293151855469,78.28993131065134
192,73.0113525390625,78.81730237583312
193,72.17214965820312,78.78475817519272
194,72.17214965820312,78.7092285466602
195,71.33293151855469,78.5643966085789
196,71.33293151855469,78.91130905668653
197,68.81529235839844,79.16886526816037
198,75.52897644042969,79.08299241024282
199,72.17214965820312,79.43361095949099
200,71.33293151855469,80.23233811755698
201,67.13687896728516,80.15841209047949
202,67.13687896728516,80.38037725854835
203,73.0113525390625,80.78787911496569
204,72.17214965820312,81.0673779396827
205,71.33293151855469,81.59805420564128
206,74.68976593017578,81.5277540996316
207,71.33293151855469,81.67001136648784
208,71.33293151855469,80.16407814895398
209,72.17214965820312,79.0203094111446
210,73.0113525390625,78.86536587499955
211,70.49372100830078,78.89541558448767
212,70.49372100830078,79.23154826725862
213,68.81529235839844,79.49134952076952
214,70.49372100830078,79.11716693902919
215,71.33293151855469,78.87700089444559
216,70.49372100830078,78.81032670950368
217,70.49372100830078,78.61610384660707
218,70.49372100830078,81.12523231662186
219,73.85057067871094,81.11971770939591
220,72.17214965820312,80.93282686870762
221,73.85057067871094,80.70741395751043
222,67.97608184814453,80.98177234867433
223,67.97608184814453,80.76178495573335
224,67.97608184814453,80.68307485098165
225,70.49372100830078,80.33194849460605
226,67.97608184814453,80.15871499297656
227,67.97608184814453,79.99240370429466
228,67.13687896728516,79.73388533194779
229,67.13687896728516,79.40305344287546
230,67.13687896728516,79.17991230040623
231,67.13687896728516,78.7439732448528
232,67.13687896728516,78.17631614756154
233,67.13687896728516,78.21779597186531
234,67.13687896728516,78.24237561861234
235,66.29767608642577,78.3998314637036
236,67.13687896728516,78.09175289749894
237,65.45845794677734,77.98084603908877
238,67.13687896728516,77.81062374463596
239,67.97608184814453,77.77461398307328
240,67.97608184814453,77.76647125124045
241,67.97608184814453,77.82092242953614
242,67.13687896728516,77.88317780157969
243,67.97608184814453,77.97548288311135
244,67.13687896728516,78.019270111731
245,71.33293151855469,77.96381222807743
246,70.49372100830078,78.28826534691748
247,68.81529235839844,78.61072287283571
248,70.49372100830078,78.96410318014533
249,69.65450286865234,79.00266088624214
250,70.49372100830078,79.13116281617292
251,70.49372100830078,79.04947713983243
252,75.52897644042969,79.12206683236404
253,77.20741271972656,79.7052521370783
254,77.20741271972656,80.3677800782293
255,77.20741271972656,80.98428465762056
256,75.52897644042969,81.40279791069585
257,77.20741271972656,81.95702039135264
258,85.59951782226562,82.50239633731577
259,84.76029968261719,83.36314723610403
260,86.43872833251953,84.71725503143321
261,85.59951782226562,86.15001056923528
262,93.15242004394533,87.22575096976296
263,87.2779312133789,87.7690244160406
264,89.79557800292969,88.30894811705659
265,86.43872833251953,89.2728729516829
266,89.79557800292969,90.4135948467277
267,81.40345764160156,91.40019282414895
268,79.72503662109375,92.1479076381506
269,87.2779312133789,91.99286610413887
270,88.11714935302734,92.12912768333265
271,76.36820220947266,92.32482051422973
272,83.92110443115234,91.82675081119037
273,86.43872833251953,94.62600642001031
274,78.046630859375,94.80251839572568
275,82.24267578125,94.29070226465781
276,85.59951782226562,93.11601965435398
277,85.59951782226562,92.18201980465815
278,83.92110443115234,92.54462972923126
279,83.92110443115234,92.61625726088984
280,84.76029968261719,92.20059485484573
281,88.11714935302734,91.72017367670881
282,85.59951782226562,92.36131135622894
283,86.43872833251953,92.35895049853123
284,87.2779312133789,92.19751237649326
285,84.76029968261719,93.0350110541834
286,87.2779312133789,93.48204168646754
287,88.95636749267578,93.79341654455202
288,88.95636749267578,94.02963594777681
289,88.11714935302734,94.52855199602857
290,88.11714935302734,94.62970361225389
291,88.95636749267578,94.71259198968566
292,85.59951782226562,94.84858630197027
293,86.43872833251953,94.93354154349966
294,85.59951782226562,94.80130678573742
295,84.76029968261719,94.83830543486405
296,83.0818862915039,94.9403212140957
297,84.76029968261719,94.8396506783069
298,87.2779312133789,94.26176616729126
299,88.11714935302734,93.91995851714884
300,88.95636749267578,93.99718083610614
301,88.11714935302734,93.38342910587937
302,90.63477325439452,93.47062048054885
303,92.31320190429688,93.72721453114966
304,91.47399139404295,94.11129489742639
305,91.47399139404295,94.57902089737756
306,88.95636749267578,95.11245001250062
307,88.95636749267578,95.91711049595025
308,88.95636749267578,96.43183092743115
309,94.83084106445312,96.64566227256417
310,92.31320190429688,96.81019178185157
311,94.83084106445312,98.01452320127974
312,93.15242004394533,98.1568784660027
313,93.15242004394533,98.30612030808535
314,93.15242004394533,98.64242225989878
315,93.15242004394533,98.76495522885801
316,93.15242004394533,99.0571759584517
317,93.15242004394533,99.38768712723302
318,93.15242004394533,99.82417853439874
319,93.15242004394533,100.2191856628122
320,88.11714935302734,101.11698866410892
321,87.2779312133789,100.98825955730534
322,84.76029968261719,100.85892019105916
323,94.83084106445312,100.39440139401808
324,81.40345764160156,100.24859393171829
325,83.92110443115234,99.49971650666171
326,83.92110443115234,98.44323714138851
327,86.43872833251953,97.5370865036286
328,78.88583374023438,96.77556289931961
329,73.85057067871094,95.53687877316563
330,88.11714935302734,94.4065802875786
331,77.20741271972656,94.02104777109537
332,67.13687896728516,93.36862251911114
333,75.52897644042969,92.16837137449635
334,73.85057067871094,89.91595277074302
335,75.52897644042969,89.23107240708812
336,77.20741271972656,88.51828937811547
337,78.88583374023438,87.78514951956075
338,79.72503662109375,87.03809396393504
339,78.88583374023438,87.10347635881594
340,80.56424713134766,87.3015656829986
341,81.40345764160156,86.45543428414216
342,81.40345764160156,86.76820783905131
343,81.40345764160156,88.04386388764101
344,81.40345764160156,88.68608845259178
345,86.43872833251953,89.40312102542028
346,93.15242004394533,91.05228257958039
347,88.95636749267578,91.15519815740626
348,89.79557800292969,90.06166668962459
349,92.31320190429688,89.91477679634265
350,89.79557800292969,90.75021751883214
351,90.63477325439452,91.69075649890576
352,90.63477325439452,92.52628631036497
353,88.95636749267578,93.39295271674293
354,96.5092544555664,94.017929657155
355,91.47399139404295,97.97282956344863
356,88.95636749267578,97.94284221623933
357,88.95636749267578,97.6053731989225
358,88.95636749267578,95.59144576712195
359,92.31320190429688,95.51251293994595
360,85.59951782226562,95.80665799128569
361,83.92110443115234,96.0966069521514
362,83.92110443115234,95.56384600430127
363,85.59951782226562,95.13995177745461
364,83.92110443115234,94.67203869066702
365,86.43872833251953,93.33445689922175
366,81.40345764160156,92.77134333938645
367,86.43872833251953,92.19574841489272
368,86.43872833251953,91.84134358443126
369,83.92110443115234,91.55657960160352
370,83.92110443115234,91.83092908387044
371,83.92110443115234,93.66045125723804
372,83.92110443115234,93.86854527272078
373,83.0818862915039,93.77493058333415
374,79.72503662109375,93.52443912715948
375,78.88583374023438,93.37139318606957
376,79.72503662109375,92.54453173136456
377,79.72503662109375,92.2524624530194
378,79.72503662109375,91.6896072511963
379,79.72503662109375,91.01594318882972
380,77.20741271972656,90.52271992574337
381,78.046630859375,90.02689526474107
382,78.046630859375,89.48267747538435
383,78.046630859375,89.04000329371975
384,77.20741271972656,88.64987378639871
385,77.20741271972656,88.20816176560713
386,77.20741271972656,88.26993605721418
387,77.20741271972656,88.22128457084757
388,79.72503662109375,87.9912657599156
389,79.72503662109375,87.89640382495284
390,79.72503662109375,87.84519548515513
391,75.52897644042969,88.05456347290493
392,75.52897644042969,87.94059195393625
393,75.52897644042969,87.62509227655352
394,79.72503662109375,87.37362975060884
395,79.72503662109375,87.49532528325265
396,78.046630859375,87.77711369449159
397,78.88583374023438,87.91775845099583
398,71.33293151855469,87.88252376346975
399,71.33293151855469,87.43160885210561
400,71.33293151855469,86.60913948360803
401,71.33293151855469,85.81059941237847
402,75.52897644042969,85.46714361629616
403,75.52897644042969,85.42150333710624
404,75.52897644042969,85.42504016920431
405,75.52897644042969,84.98639280897126
406,75.52897644042969,84.54260501518509
407,78.88583374023438,84.37176800684118
408,75.52897644042969,84.42877603856796
409,68.81529235839844,84.52082276208742
410,71.33293151855469,84.42786733107677
411,68.81529235839844,84.11870187944146
412,67.97608184814453,84.18353192271006
413,67.97608184814453,83.43671690730261
414,63.7800178527832,82.71684239633989
415,63.7800178527832,81.70913033309392
416,74.68976593017578,80.57471593710561
417,66.29767608642577,80.14786395646409
418,66.29767608642577,79.49173260333933
419,71.33293151855469,78.58824572577419
420,71.33293151855469,78.7168278357777
421,71.33293151855469,78.83644759542695
422,71.33293151855469,78.81353391241377
423,71.33293151855469,79.13296241336135
424,71.33293151855469,79.42802508108926
425,71.33293151855469,80.15246985619886
426,71.33293151855469,80.9131649330894
427,78.88583374023438,80.19320133315695
428,67.13687896728516,81.25646036902621
429,67.13687896728516,82.52596036980793
430,67.13687896728516,82.21781944132447
431,72.17214965820312,81.85759710113997
432,72.17214965820312,81.68197601512186
433,71.33293151855469,81.60846870620209
434,66.29767608642577,81.47014026291069
435,67.97608184814453,80.87906167547882
436,67.97608184814453,80.75651979762263
437,67.97608184814453,80.34984646862372
438,67.97608184814453,79.26442209708699
439,67.97608184814453,78.72558528150164
440,67.97608184814453,78.80258487803462
441,67.97608184814453,78.89399906986904
442,67.97608184814453,78.76203157901598
443,60.423194885253906,78.33994585825472
444,63.7800178527832,77.8194791882266
445,63.7800178527832,77.61746994937604
446,63.7800178527832,77.51049191453073
447,63.7800178527832,77.13433155766252
448,63.7800178527832,76.75138262130129
449,63.7800178527832,76.34553781972083
450,63.7800178527832,75.94889590871293
451,63.7800178527832,75.55228072439596
452,63.7800178527832,75.15260087952043
453,63.7800178527832,74.75188760259613
454,62.1016082763672,75.27456367907342
455,62.1016082763672,74.57953608176689
456,62.1016082763672,73.93564555308228
457,62.1016082763672,73.60841285838683
458,62.1016082763672,73.38076381404953
459,60.423194885253906,73.11371962730003
460,60.423194885253906,72.80483035147086
461,67.13687896728516,72.48779834380886
462,67.13687896728516,72.55464179779324
463,67.13687896728516,72.82336085717358
464,67.13687896728516,73.00731176186095
465,67.13687896728516,74.11918664850893
466,67.13687896728516,75.03802355555761
467,67.13687896728516,75.58569799693964
468,67.13687896728516,76.0968726874255
469,67.13687896728516,76.7796861869828
470,67.13687896728516,77.42284618611566
471,67.13687896728516,78.06774342015817
472,73.85057067871094,78.06788596250972
473,71.33293151855469,79.54525725634987
474,71.33293151855469,79.00164527198729
475,70.49372100830078,79.31922963126156
476,70.49372100830078,79.57227794086735
477,73.0113525390625,79.54908808204803
478,73.0113525390625,80.01253781145242
479,73.85057067871094,80.47657552805698
480,73.85057067871094,80.94175358347402
481,74.68976593017578,81.26245605668868
482,79.72503662109375,81.91296589582382
483,79.72503662109375,82.29108621002598
484,81.40345764160156,83.22955832600198
485,81.40345764160156,83.46086892699495
486,81.40345764160156,85.00580529547425
487,79.72503662109375,86.02858230350064
488,72.17214965820312,86.67945740741166
489,72.17214965820312,86.88928865780403
490,72.17214965820312,87.18710417469643
491,72.17214965820312,87.04961316772044
492,72.17214965820312,86.78971391634283
493,72.17214965820312,86.05650278661234
494,79.72503662109375,86.15205070664197
495,79.72503662109375,85.78997531588722
496,79.72503662109375,85.58770771902448
497,79.72503662109375,85.35965777432342
498,70.49372100830078,85.3112379192781
499,70.49372100830078,85.35401844253985
500,61.26240158081055,84.76241423018662
501,73.85057067871094,84.07704387719824
502,73.85057067871094,83.60651157470073
503,67.13687896728516,83.61699734643733
504,67.13687896728516,83.16379284855127
505,71.33293151855469,81.75269483928925
506,71.33293151855469,80.78480554551018
507,71.33293151855469,79.93240228318513
508,71.33293151855469,79.06603877930424
509,80.56424713134766,79.68523384558118
510,70.49372100830078,79.87361247206387
511,64.6192398071289,80.10579614496014
512,62.940818786621094,80.69462078145797
513,61.26240158081055,79.86271689106654
514,62.1016082763672,79.56393921330113
515,60.423194885253906,78.98658032720685
516,58.7447624206543,77.99423611123838
517,66.29767608642577,76.85286386671459
518,62.940818786621094,76.03441241075159
519,59.583984374999986,75.23739576090432
520,66.29767608642577,74.86514640980701
521,66.29767608642577,74.43269073296982
522,67.13687896728516,73.95612710722197
523,63.7800178527832,75.19904295943788
524,71.33293151855469,75.1160565841394
525,68.81529235839844,75.94825446813091
526,69.65450286865234,76.78909398218572
527,62.1016082763672,77.7992559920991
528,70.49372100830078,78.04457137913279
529,72.17214965820312,78.10275538525993
530,70.49372100830078,79.09053824597851
531,70.49372100830078,79.4864050829498
532,66.29767608642577,79.85158967874794
533,59.583984374999986,79.48015103727514
534,55.38792419433594,79.3935921942907
535,56.227134704589844,77.77093460862365
536,56.227134704589844,76.34805012866707
537,61.26240158081055,75.13918408067991
538,61.26240158081055,74.90989579929969
539,61.26240158081055,74.20553167796602
540,49.513450622558594,73.1272166062133
541,51.19186401367186,71.84600140591279
542,60.423194885253906,69.92688245569316
543,61.26240158081055,69.8236105219884
544,61.26240158081055,69.42147182154848
545,65.45845794677734,70.42993223214013
546,65.45845794677734,71.13279074988546
547,65.45845794677734,71.93522400909198
548,65.45845794677734,72.2088340529102
549,65.45845794677734,72.5339197034353
550,61.26240158081055,72.88621312531428
551,61.26240158081055,74.06155499399408
552,66.29767608642577,74.34785130710108
553,65.45845794677734,75.49600322222092
554,65.45845794677734,74.51216700286115
555,61.26240158081055,74.9844899936501
556,61.26240158081055,74.67039792198902
557,62.1016082763672,74.20756290647574
558,53.709503173828125,73.86408929259949
559,55.38792419433594,72.73988449254162
560,57.90555191040039,71.42804941334676
561,55.38792419433594,71.6143700846288
562,62.940818786621094,71.14286671236131
563,62.1016082763672,71.21452097071082
564,62.1016082763672,70.72233113967327
565,62.1016082763672,69.84593621780138
566,62.940818786621094,69.91172842194301
567,59.583984374999986,69.96291894394676
568,61.26240158081055,69.50218642811897
569,61.26240158081055,70.24042217574195
570,61.26240158081055,71.07704778152878
571,61.26240158081055,71.36966941148623
572,61.26240158081055,71.91871582300202
573,59.583984374999986,72.12834216876402
574,62.940818786621094,72.50231093697701
575,57.90555191040039,72.39435292346472
576,52.87028884887695,72.14648068299995
577,52.87028884887695,71.41269938386321
578,47.835025787353516,71.2825582168895
579,48.67423629760742,70.51744432710062
580,44.47818374633789,69.16750589555454
581,41.96055221557617,67.73450090863724
582,41.96055221557617,66.17105185224918
583,41.96055221557617,64.57080014246786
584,41.96055221557617,63.22823827761499
585,41.96055221557617,61.55953951239427
586,41.96055221557617,60.329229749394386
587,44.47818374633789,59.476113775311546
588,41.96055221557617,58.74878251758287
589,41.96055221557617,58.15784647250257
590,41.96055221557617,57.89494492284524
591,41.96055221557617,57.682414276670215
592,41.96055221557617,57.659215508953935
593,41.96055221557617,57.6781825506083
594,41.96055221557617,57.68861486896306
595,41.96055221557617,57.69725649902634
596,41.96055221557617,57.721907416949136
597,41.96055221557617,57.72128379416107
598,41.96055221557617,57.53123920394454
599,41.96055221557617,57.596327605225326
600,41.96055221557617,57.56670552279189
601,41.96055221557617,57.56468320317914
602,41.96055221557617,57.57202413428446
603,41.96055221557617,57.567489505725476
604,41.96055221557617,57.5722379478118
605,43.63896560668945,57.34196077886763
606,43.63896560668945,57.329604138766825
607,41.96055221557617,57.41007820511906
608,41.96055221557617,57.431922820495544
609,41.96055221557617,57.55366289762422
610,41.96055221557617,57.55189002712669
611,41.96055221557617,57.54829083274983
612,41.96055221557617,57.547159402834325
613,41.96055221557617,57.54665159570689
614,41.96055221557617,57.54657141563413
615,41.96055221557617,57.97206033503886
616,41.96055221557617,57.84661415676965
617,41.96055221557617,57.731591387958204
618,44.47818374633789,57.73469168410462
619,42.79975891113281,57.855834865136146
620,41.96055221557617,57.909225884692106
621,41.96055221557617,57.92081635965327
622,41.96055221557617,57.9101345921833
623,41.96055221557617,57.897127602603504
624,41.96055221557617,57.894241119984414
625,41.96055221557617,57.891898080080665
626,41.96055221557617,57.89184462669883
627,41.96055221557617,57.87507808259666
628,41.96055221557617,57.87159470388042
629,41.96055221557617,57.71803204676611
630,41.96055221557617,57.65203493799413
631,41.96055221557617,57.665077563161816
632,41.96055221557617,57.66360759516135
633,41.96055221557617,57.68224500762774
634,41.96055221557617,57.681701564912416
635,41.96055221557617,57.685238397010494
636,41.96055221557617,57.684908767822506
637,41.96055221557617,57.68857032447819
638,41.96055221557617,57.70410744079817
639,41.96055221557617,57.7198138261606
640,41.96055221557617,57.7198138261606
641,41.96055221557617,57.7198138261606
642,41.96055221557617,57.7198138261606
643,41.96055221557617,57.7198138261606
644,41.96055221557617,57.7198138261606
645,41.96055221557617,57.71979600836667
646,41.96055221557617,57.7198138261606
647,41.96055221557617,57.7198138261606
648,41.96055221557617,57.719822735057576
649,41.96055221557617,57.719822735057576
650,41.96055221557617,57.719822735057576
651,41.96055221557617,57.7198138261606
652,41.96055221557617,57.6839109713616
653,41.96055221557617,57.67532279468014
654,41.96055221557617,57.66789277460511
655,41.96055221557617,57.66423121794942
656,41.96055221557617,57.66220889833667
657,41.96055221557617,57.66108637731814
658,41.96055221557617,57.66037366556036
659,41.96055221557617,57.65985694953595
660,41.96055221557617,57.65942932248127
661,41.96055221557617,57.65909078439631
662,41.96055221557617,57.71285597762511
663,41.96055221557617,57.71064657117594
664,41.96055221557617,57.70960423023017
665,41.96055221557617,57.70901624302999
666,41.96055221557617,57.70178221868835
667,41.96055221557617,57.699332272020925
668,41.96055221557617,57.71146618969742
669,41.96055221557617,57.70734137039916
670,41.96055221557617,57.69991135032413
671,41.96055221557617,57.693345493255435
672,41.96055221557617,57.7006329709789
673,41.96055221557617,57.69868192254194
674,41.96055221557617,57.67468135409813
675,43.63896560668945,57.66661880233805
676,41.96055221557617,57.72492753302281
677,41.96055221557617,57.75748955145714
678,41.96055221557617,57.7198138261606
679,41.96055221557617,57.71903875212401
680,41.96055221557617,57.71568900686236
681,41.96055221557617,57.72048199343354
682,41.96055221557617,57.723145753628316
683,42.79975891113281,57.72186287246427
684,42.79975891113281,57.785739663756814
685,42.79975891113281,57.8337853451293
686,43.63896560668945,57.807210105460456
687,42.79975891113281,57.90772028110375
688,42.79975891113281,58.02553153466758
689,42.79975891113281,58.083207733667294
690,42.79975891113281,58.14453658042571
691,42.79975891113281,58.192778257531586
692,41.96055221557617,58.24428059092938
693,43.63896560668945,58.27246834095024
694,41.96055221557617,58.302313145807986
695,44.47818374633789,58.24991992271295
696,43.63896560668945,58.28238394328059
697,44.47818374633789,58.277029696200145
698,45.317386627197266,58.34047886043801
699,45.317386627197266,58.45206279501808
700,46.15660095214844,58.62738988743611
701,46.15660095214844,58.79030688637151
702,45.317386627197266,58.97592375479273
703,46.995811462402344,59.241809784935825
704,45.317386627197266,59.55146522590462
705,45.317386627197266,59.900391084728014
706,45.317386627197266,60.00784129111287
707,44.47818374633789,60.1275590486288
708,45.317386627197266,60.20964562533305
709,46.15660095214844,60.22637653384733
710,46.15660095214844,60.27366495897715
711,46.15660095214844,60.423592786126704
712,46.15660095214844,60.42586455485467
713,46.15660095214844,60.48022664418063
714,46.15660095214844,60.303812666331964
715,46.15660095214844,60.351029820286
716,46.15660095214844,60.41098669691067
717,47.835025787353516,60.48350511826649
718,47.835025787353516,60.68079264172164
719,48.67423629760742,60.843549280511525
720,49.513450622558594,60.995677605213274
721,52.87028884887695,61.21423066574168
722,46.995811462402344,61.62402210868093
723,49.513450622558594,62.50264425479594
724,47.835025787353516,62.564970898015275
725,50.35265350341797,62.77233438394627
726,50.35265350341797,63.02551632700664
727,46.15660095214844,63.36979174161041
728,46.15660095214844,63.37628632750334
729,46.15660095214844,63.2407552778613
730,46.995811462402344,63.11259188601548
731,46.995811462402344,62.89656895222724
732,46.995811462402344,62.435702802944874
733,46.995811462402344,61.90338729994336
734,46.995811462402344,61.70312420489941
735,46.995811462402344,61.65609413778179
736,46.995811462402344,61.375802421234226
737,45.317386627197266,61.09547506909878
738,48.67423629760742,61.044934896574006
739,48.67423629760742,61.124375530877444
740,46.15660095214844,61.293350579754105
741,46.995811462402344,61.42829364219597
742,45.317386627197266,61.410743115160216
743,45.317386627197266,61.33344952502715
744,45.317386627197266,61.20746881293958
745,46.995811462402344,61.085327835447146
746,46.15660095214844,61.16979308764304
747,46.15660095214844,61.164715016368746
748,46.995811462402344,61.302580197017576
749,47.835025787353516,61.13529783856568
750,54.54871368408203,61.02807926350211
751,57.06634521484375,61.27481116515442
752,50.35265350341797,61.64626762442117
753,51.19186401367186,62.203750761369875
754,50.35265350341797,62.611225891096296
755,53.709503173828125,63.0172488706162
756,53.709503173828125,63.30507751400246
757,46.995811462402344,63.92117228413299
758,49.513450622558594,64.18919644954947
759,50.35265350341797,64.34949423277496
760,46.15660095214844,64.56818983565493
761,46.15660095214844,64.58572254489674
762,46.995811462402344,63.75328412068697
763,46.995811462402344,63.49093492264194
764,49.513450622558594,63.16941283090583
765,49.513450622558594,63.04932980861403
766,49.513450622558594,62.70668472215621
767,48.67423629760742,62.35644034658088
768,48.67423629760742,62.83307524350451
769,48.67423629760742,62.75798215092364
770,48.67423629760742,62.62682536969507
771,48.67423629760742,62.60637945114327
772,48.67423629760742,62.78922565260606
773,46.995811462402344,62.91950045303436
774,46.995811462402344,62.97320328398435
775,45.317386627197266,62.77468633274701
776,50.35265350341797,62.50221662774126
777,50.35265350341797,62.33315248989487
778,51.19186401367186,62.02406721833232
779,46.15660095214844,62.21533232743408
780,46.15660095214844,62.293641531822004
781,47.835025787353516,62.02587572441773
782,46.995811462402344,61.935557326910924
783,46.995811462402344,61.812044379284714
784,48.67423629760742,61.77266705466644
785,48.67423629760742,61.810200237611426
786,48.67423629760742,62.06047788025876
787,48.67423629760742,62.11218511828693
788,50.35265350341797,61.93218085495836
789,50.35265350341797,61.83154595475743
790,50.35265350341797,61.97697478893589
791,50.35265350341797,62.27638499838635
792,50.35265350341797,62.470492045622336
793,53.709503173828125,62.75072139989109
794,47.835025787353516,63.608113644520714
795,57.06634521484375,63.91122104621475
796,51.19186401367186,63.88537633609765
797,49.513450622558594,64.38596725698022
798,49.513450622558594,64.44804445108433
799,50.35265350341797,64.49368473027424
800,51.19186401367186,64.42293917941593
801,52.87028884887695,64.47416533700758
802,52.87028884887695,64.55902258067027
803,49.513450622558594,64.75088458586919
804,49.513450622558594,64.50941784232761
805,50.35265350341797,64.16110669739531
806,50.35265350341797,64.26987542053209
807,50.35265350341797,63.88487743786719
808,47.835025787353516,63.917190007186306
809,46.15660095214844,63.86627566098869
810,48.67423629760742,63.62196697931289
811,47.835025787353516,63.276319594575355
812,46.995811462402344,62.919865717810225
813,46.995811462402344,62.46796191888215
814,46.15660095214844,62.274246863112964
815,46.15660095214844,62.11540123009398
816,45.317386627197266,61.79631126723136
817,45.317386627197266,61.337868337925485
818,45.317386627197266,60.936121628952364
819,46.15660095214844,60.7314308121131
820,46.995811462402344,60.68881955789382
821,46.995811462402344,60.662235409328005
822,46.995811462402344,60.61843036291441
823,50.35265350341797,60.609120565578195
824,50.35265350341797,60.73452219936256
825,50.35265350341797,60.98651035022861
826,46.995811462402344,61.293074403947955
827,46.995811462402344,61.852562042715476
828,48.67423629760742,62.00044082356135
829,45.317386627197266,62.1610771448718
830,48.67423629760742,62.17068093580811
831,48.67423629760742,62.18715348631018
832,48.67423629760742,62.317668826956734
833,48.67423629760742,62.4458500365965
834,46.995811462402344,62.25059374165107
835,48.67423629760742,61.97266288280122
836,48.67423629760742,61.77893000923808
837,48.67423629760742,61.68576076470009
838,48.67423629760742,61.813852885370125
839,48.67423629760742,61.95584288531721
840,48.67423629760742,62.24276282121228
841,48.67423629760742,62.2442149714188
842,48.67423629760742,62.23414791783992
843,46.15660095214844,62.22774242091671
844,46.15660095214844,62.2672801056805
845,44.47818374633789,62.2117687686451
846,44.47818374633789,61.95693867964482
847,44.47818374633789,61.64982227431318
848,46.995811462402344,61.327828011037525
849,45.317386627197266,61.050984037618306
850,47.835025787353516,60.790086989779795
851,47.835025787353516,60.670440503439636
852,47.835025787353516,60.59505341725868
853,47.835025787353516,60.511781957257085
854,47.835025787353516,60.62804306274771
855,47.835025787353516,60.747288648724094
856,46.15660095214844,60.99026990475099
857,46.995811462402344,61.150371692243084
858,45.317386627197266,61.19068445104347
859,46.15660095214844,61.36805168086819
860,46.15660095214844,61.35178403499647
861,46.15660095214844,61.18699616769686
862,46.15660095214844,61.05480595441949
863,46.15660095214844,60.921903029384325
864,46.15660095214844,60.760883625504064
865,46.15660095214844,60.61073307593021
866,46.15660095214844,60.47651163414311
867,46.995811462402344,60.5429630966607
868,45.317386627197266,60.78515146085705
869,46.15660095214844,60.50769277354672
870,46.995811462402344,60.577761248235134
871,46.995811462402344,60.603481233794625
872,46.15660095214844,60.652328715894626
873,44.47818374633789,60.67168774901579
874,44.47818374633789,60.63916136616933
875,44.47818374633789,60.517920187271116
876,44.47818374633789,60.381863512707696
877,43.63896560668945,60.25373575644976
878,44.47818374633789,60.13847244742006
879,45.317386627197266,60.01749853543102
880,44.47818374633789,59.9027608513227
881,47.835025787353516,59.72147370683008
882,47.835025787353516,59.670390091589994
883,47.835025787353516,59.779479535017785
884,47.835025787353516,60.00709294376718
885,48.67423629760742,60.25811002486324
886,45.317386627197266,60.5182141808712
887,44.47818374633789,60.60901365881452
888,44.47818374633789,60.705586101996005
889,44.47818374633789,60.77588620800569
890,44.47818374633789,60.747609369015095
891,44.47818374633789,60.75720425105443
892,44.47818374633789,60.50044093141115
893,44.47818374633789,60.2406842223851
894,44.47818374633789,59.97862010904319
895,44.47818374633789,59.71693016937414
896,49.513450622558594,59.507250370230295
897,49.513450622558594,59.6938739440094
898,49.513450622558594,59.98810808431887
899,49.513450622558594,60.320115947791564
900,49.513450622558594,60.655197380719756
901,49.513450622558594,61.02469388265257
902,53.709503173828125,61.32031781088975
903,53.709503173828125,61.83825435417771
904,53.709503173828125,62.42351543188654
905,47.835025787353516,63.124280358843336
906,46.995811462402344,63.53812534990506
907,49.513450622558594,63.429018088683335
908,46.15660095214844,63.41329388552694
909,46.15660095214844,63.292524878168265
910,46.15660095214844,63.073775821906466
911,46.995811462402344,62.90463150398732
912,52.03107833862303,62.68757513815028
913,50.35265350341797,62.74893071159963
914,52.03107833862303,62.453164241010896
915,54.54871368408203,62.238005470229
916,56.227134704589844,62.668608096495916
917,56.227134704589844,63.319919736358585
918,47.835025787353516,63.84369160716351
919,52.87028884887695,64.22685435705206
920,53.709503173828125,64.65618301105192
921,57.90555191040039,65.23355971494014
922,61.26240158081055,66.43974418493859
923,57.06634521484375,66.56358676175277
924,55.38792419433594,67.22044864442928
925,55.38792419433594,67.53790827914595
926,54.54871368408203,67.6198968579835
927,61.26240158081055,67.49193837076805
928,59.583984374999986,67.4751005554901
929,79.72503662109375,68.36700586699105
930,77.20741271972656,69.53278848921939
931,68.81529235839844,70.87446837327198
932,61.26240158081055,72.10051077462205
933,61.26240158081055,72.26977981709881
934,60.423194885253906,72.43852323465418
935,61.26240158081055,72.76931057924166
936,61.26240158081055,73.23600314714402
937,58.7447624206543,73.71162242981279
938,62.1016082763672,73.71599669822626
939,58.7447624206543,73.8834928702055
940,58.7447624206543,73.26924224174827
941,60.423194885253906,72.15616465400902
942,61.26240158081055,71.21928723059108
943,67.97608184814453,71.37028412537732
944,58.7447624206543,71.87052759927798
945,54.54871368408203,72.0345671192319
946,54.54871368408203,71.59861915478149
947,60.423194885253906,71.10100380548772
948,59.583984374999986,70.9852594160215
949,62.1016082763672,70.80988777911863
950,64.6192398071289,70.931075504635
951,60.423194885253906,71.50063910587836
952,55.38792419433594,71.60474847589855
953,55.38792419433594,71.25646405765717
954,57.90555191040039,70.1222634751962
955,55.38792419433594,70.1746388804973
956,59.583984374999986,70.35645164991128
957,57.90555191040039,70.83693519032701
958,55.38792419433594,70.71479421283458
959,57.06634521484375,70.5203931719985
960,57.06634521484375,69.95554237725356
961,59.583984374999986,69.22225106745032
962,57.06634521484375,69.04271006676431
963,57.90555191040039,69.10884971788786
964,55.38792419433594,69.17642370142397
965,57.90555191040039,69.06336979884345
966,57.90555191040039,69.20866499956732
967,57.90555191040039,68.86890639572857
968,56.227134704589844,68.83419733312387
969,56.227134704589844,68.93150921475406
970,60.423194885253906,68.96849004608674
971,59.583984374999986,69.05822936529034
972,55.38792419433594,68.964846307225
973,55.38792419433594,69.13956759464891
974,54.54871368408203,69.02028637308463
975,54.54871368408203,68.9274823933225
976,54.54871368408203,68.65959186136061
977,56.227134704589844,68.61565318149243
978,52.87028884887695,68.44421927705136
979,57.06634521484375,68.22232538015828
980,57.06634521484375,68.15016331468135
981,57.06634521484375,68.05237035261464
982,57.06634521484375,67.8324364130555
983,57.06634521484375,67.96813673174003
984,57.06634521484375,68.10345396785473
985,57.06634521484375,68.32414516365654
986,52.87028884887695,68.54855136949585
987,57.06634521484375,68.58448985988277
988,53.709503173828125,68.56438247941591
989,53.709503173828125,68.76014658148877
990,51.19186401367186,68.48046957883231
991,49.513450622558594,68.03316277074202
992,56.227134704589844,67.48224549086201
993,53.709503173828125,67.00388226792573
994,51.19186401367186,66.6868948047486
995,50.35265350341797,66.2771479062942
996,50.35265350341797,65.71482723828946
997,55.38792419433594,65.50552161281846
998,57.06634521484375,65.08127993898987
999,56.227134704589844,65.191554265715
1000,58.7447624206543,65.32050164049438
1001,63.7800178527832,65.09560544532158
1002,63.7800178527832,75.317727284905
1003,56.227134704589844,75.34522014096201
1004,55.38792419433594,71.10572552088313
1005,54.54871368408203,69.4218549041183
1006,53.709503173828125,71.37329533255401
1007,53.709503173828125,72.91233401123755
1008,52.87028884887695,73.24191865473374
1009,54.54871368408203,73.39821634321859
1010,54.54871368408203,73.42728607403973
1011,54.54871368408203,69.25065263099852
1012,54.54871368408203,66.86081429144498
1013,54.54871368408203,66.23162344276493
1014,54.54871368408203,64.62829816352813
1015,53.709503173828125,64.79696140101076
1016,53.709503173828125,65.0354971174484
1017,52.87028884887695,65.30751246870854
1018,54.54871368408203,65.4608613122955
1019,57.90555191040039,65.56434705952762
1020,57.06634521484375,69.91786665195703
1021,57.06634521484375,69.55636143060852
1022,57.06634521484375,72.00972911447268
1023,57.06634521484375,72.51154055424047
1024,58.7447624206543,73.11197348349341
1025,58.7447624206543,73.93062093518982
1026,57.90555191040039,75.43597507442047
1027,59.583984374999986,75.98326643323269
1028,61.26240158081055,77.00714814448366
1029,61.26240158081055,77.35321424737892
1030,71.33293151855469,71.60841003255423
1031,68.81529235839844,77.73392705060006
1032,68.81529235839844,77.40994610329955
1033,68.81529235839844,78.80994362693387
1034,70.49372100830078,79.39376146333318
1035,67.97608184814453,79.77467026228771
1036,65.45845794677734,80.29141301338136
1037,66.29767608642577,80.19048411958035
1038,66.29767608642577,80.9041402204563
1039,66.29767608642577,81.89475611041212
1040,67.13687896728516,81.93782171837698
1041,66.29767608642577,82.87627601655905
1042,65.45845794677734,74.97762123408434
1043,67.13687896728516,74.61620510170555
1044,67.13687896728516,74.31143173627765
1045,65.45845794677734,75.03873626731541
1046,66.29767608642577,74.37030172747168
1047,67.13687896728516,74.24329649223228
1048,65.45845794677734,74.06181335200628
1049,65.45845794677734,74.85865182391409
1050,68.81529235839844,74.4317285720968
1051,71.33293151855469,79.5501036963029
1052,70.49372100830078,80.3734728633947
1053,68.81529235839844,80.3451336621253
1054,67.13687896728516,80.69623329180997
1055,67.13687896728516,78.43763191355777
1056,66.29767608642577,78.51145103387157
1057,68.81529235839844,78.75816511772993
1058,68.81529235839844,79.08000792975704
1059,67.13687896728516,77.74575806577948
1060,67.13687896728516,78.50494753908167
1061,65.45845794677734,75.56306048973262
1062,65.45845794677734,75.59695884271284
1063,64.6192398071289,75.06939178179765
1064,65.45845794677734,74.67299041100802
1065,67.13687896728516,74.51769051898407
1066,67.13687896728516,74.416779442977
1067,65.45845794677734,74.55293411540713
1068,65.45845794677734,74.35409644387877
1069,65.45845794677734,74.04420046269172
1070,65.45845794677734,74.17290729725286
1071,65.45845794677734,74.24782221189429
1072,64.6192398071289,74.55280048195254
1073,62.940818786621094,74.91189139222152
1074,65.45845794677734,74.76309499498748
1075,66.29767608642577,74.56540657116857
1076,66.29767608642577,74.27603668860607
1077,66.29767608642577,74.13598882819899
1078,64.6192398071289,74.32762811097359
1079,66.29767608642577,74.30675456536711
1080,67.13687896728516,74.32932080139835
1081,67.13687896728516,74.36875157939848
1082,66.29767608642577,74.45073124933906
1083,63.7800178527832,74.6494709230007
1084,62.940818786621094,75.03222386362854
1085,62.940818786621094,75.08542779634809
1086,63.7800178527832,75.64085297809615
1087,65.45845794677734,75.30783840926557
1088,65.45845794677734,74.89648790935614
1089,66.29767608642577,74.56064031128831
1090,67.13687896728516,74.29850492677062
1091,67.97608184814453,74.24318067657164
1092,67.13687896728516,73.82523759290258
1093,67.13687896728516,73.65805323231739
1094,67.13687896728516,73.73482119752907
1095,67.13687896728516,74.08431722575871
1096,67.13687896728516,74.32720048391892
1097,67.97608184814453,74.59810222305751
1098,67.97608184814453,74.85182760883319
1099,67.13687896728516,75.09471086699338
1100,67.13687896728516,75.1092680046464
1101,67.13687896728516,75.01175121838584
1102,67.97608184814453,75.5174914817185
1103,68.81529235839844,75.66194033722996
1104,67.97608184814453,75.74925643645706
1105,68.81529235839844,75.67917014397472
1106,67.13687896728516,75.88911721002772
1107,67.13687896728516,75.97306574619923
1108,67.13687896728516,75.8609472778008
1109,67.13687896728516,76.18484804502856
1110,67.97608184814453,76.6715410866341
1111,67.97608184814453,76.75124898784671
1112,67.13687896728516,76.80752649002174
1113,67.13687896728516,76.73641567438756
1114,67.97608184814453,77.44090452027885
1115,67.13687896728516,77.24463261107856
1116,67.13687896728516,77.14240301831957
1117,67.97608184814453,77.11705720643292
1118,67.97608184814453,77.45393823654955
1119,67.97608184814453,77.74609660386443
1120,67.97608184814453,77.80894887200515
1121,67.97608184814453,77.85750236050505
1122,67.97608184814453,77.77569195960695
1123,67.97608184814453,77.91018957720019
1124,67.97608184814453,77.85671837757148
1125,70.49372100830078,78.09037201846822
1126,73.0113525390625,77.79103308019353
1127,73.0113525390625,77.498758897218
1128,71.33293151855469,77.56896991425796
1129,71.33293151855469,77.76526855014917
1130,70.49372100830078,77.96315296970147
1131,69.65450286865234,78.1171610716644
1132,69.65450286865234,78.22872718845053
1133,70.49372100830078,78.3611133974613
1134,70.49372100830078,78.61880324238973
1135,70.49372100830078,78.84434087814455
1136,71.33293151855469,79.46272523479699
1137,70.49372100830078,80.06087748642499
1138,71.33293151855469,80.11391215010205
1139,70.49372100830078,80.09981827509162
1140,69.65450286865234,80.1515522398107
1141,69.65450286865234,80.27110072828415
1142,68.81529235839844,80.49829541887584
1143,68.81529235839844,80.4307659798246
1144,71.33293151855469,80.29979628543245
1145,69.65450286865234,80.30120389115409
1146,69.65450286865234,80.32041147302672
1147,68.81529235839844,80.16359706851746
1148,67.97608184814453,80.00728156223866
1149,69.65450286865234,79.67723365609992
1150,79.72503662109375,79.60073295779739
1151,75.52897644042969,79.5480991944841
1152,77.20741271972656,79.79032319426832
1153,76.36820220947266,80.4673815463814
1154,77.20741271972656,80.83663750809596
1155,73.85057067871094,81.21502508920729
1156,75.52897644042969,81.62959170092378
1157,72.17214965820312,82.01474113483721
1158,75.52897644042969,82.61103142699797
1159,74.68976593017578,83.14257185596287
1160,73.85057067871094,83.59325513600572
1161,77.20741271972656,83.98685020424904
1162,77.20741271972656,84.30626088740267
1163,73.85057067871094,84.34065813861335
1164,73.0113525390625,84.15665378054415
1165,74.68976593017578,83.51768987188531
1166,74.68976593017578,83.3363403651139
1167,73.85057067871094,83.37164632381575
1168,73.0113525390625,83.48367570324444
1169,73.0113525390625,83.32312847090373
1170,71.33293151855469,83.14180569082323
1171,71.33293151855469,82.91035254747871
1172,70.49372100830078,82.45587407732559
1173,73.85057067871094,82.00522643287063
1174,73.0113525390625,82.19503939176587
1175,72.17214965820312,82.68528708326343
1176,73.85057067871094,82.49555430444093
1177,74.68976593017578,81.31433256375932
1178,75.52897644042969,80.59324644280834
1179,74.68976593017578,80.47580936291736
1180,73.85057067871094,80.35499581107382
1181,78.046630859375,80.52498647420533
1182,76.36820220947266,80.65001393431686
1183,77.20741271972656,80.94563786255402
1184,80.56424713134766,81.13316123492736
1185,79.72503662109375,81.54177670346624
1186,79.72503662109375,82.08635084870185
1187,100.70530700683594,83.10636609866678
1188,101.5445327758789,85.48491686575622
1189,93.99162292480467,87.27497262553581
1190,91.47399139404295,89.50012109565644
1191,93.15242004394533,90.88268390791566
1192,90.63477325439452,91.97462068313926
1193,90.63477325439452,93.23514942466973
1194,93.15242004394533,94.51737133032813
1195,98.18768310546876,95.74954305279525
1196,100.70530700683594,97.49145513333565
1197,100.70530700683594,99.35021630656685
1198,97.34847259521484,99.46629032522105
1199,97.34847259521484,100.92545628809798
1200,95.67005157470706,100.53296592307925
1201,93.15242004394533,100.83030926843209
1202,94.83084106445312,100.92311324819423
1203,89.79557800292969,100.79500776417872
1204,88.95636749267578,100.86072424269608
1205,88.11714935302734,100.42752912741017
1206,88.11714935302734,100.44119982981441
1207,83.0818862915039,99.63405376410945
1208,79.72503662109375,98.14955535269134
1209,84.76029968261719,96.49696387319682
1210,88.95636749267578,95.68447246930839
1211,86.43872833251953,95.06294327202465
1212,98.18768310546876,94.47942833812242
1213,95.67005157470706,93.47438003507122
1214,95.67005157470706,93.08881188300009
1215,94.83084106445312,94.30931295043328
1216,91.47399139404295,94.55292673814522
1217,92.31320190429688,94.97099454637188
1218,92.31320190429688,95.76611360116402
1219,88.95636749267578,97.12345532609422
1220,89.79557800292969,97.43280786456594
1221,92.31320190429688,97.57167975057266
1222,93.15242004394533,97.60629081531067
1223,91.47399139404295,98.97976655265799
1224,89.79557800292969,98.21845676187634
1225,92.31320190429688,97.43274550228713
1226,95.67005157470706,97.05401047419387
1227,95.67005157470706,96.10541785125716
1228,92.31320190429688,95.91090990365743
1229,96.5092544555664,95.9374762344293
1230,95.67005157470706,96.30491478116149
1231,95.67005157470706,96.68315091102427
1232,95.67005157470706,96.99711825812774
1233,97.34847259521484,97.27552128851714
1234,98.18768310546876,97.72466332938376
1235,99.0269012451172,98.47722458333844
1236,102.38372802734376,99.03810201003365
1237,98.18768310546876,99.55766888146758
1238,99.86610412597656,99.88213981810158
1239,99.0269012451172,100.36926494121028
1240,98.18768310546876,100.81361844995419
1241,99.0269012451172,101.01407308628305
1242,95.67005157470706,101.21415800338754
1243,89.79557800292969,101.26822164466492
1244,88.11714935302734,100.77673116203971
1245,88.11714935302734,100.29822094230339
1246,86.43872833251953,99.10031283759236
1247,88.11714935302734,98.14470000384134
1248,91.47399139404295,97.42176974121706
1249,89.79557800292969,96.70306229575773
1250,89.79557800292969,96.77741594988989
1251,85.59951782226562,96.4555909556567
1252,86.43872833251953,95.83779458620444
1253,90.63477325439452,95.99489407541681
1254,87.2779312133789,96.4889815015095
1255,86.43872833251953,96.5963515278216
1256,86.43872833251953,96.80492662374084
1257,86.43872833251953,97.15026219708434
1258,86.43872833251953,97.01289591466598
1259,88.11714935302734,96.62569743444888
1260,90.63477325439452,96.50063433874948
1261,89.79557800292969,96.55860453134927
1262,89.79557800292969,96.93374036506566
1263,87.2779312133789,97.32274735136816
1264,85.59951782226562,97.02107428208669
1265,86.43872833251953,96.7221273352788
1266,86.43872833251953,96.63661974213711
1267,87.2779312133789,96.62684668215833
1268,87.2779312133789,96.75833309257487
1269,88.95636749267578,96.97897083499484
1270,83.92110443115234,96.93815026906702
1271,83.92110443115234,96.42922062061822
1272,83.92110443115234,95.85901557879284
1273,73.0113525390625,95.40196243741468
1274,83.0818862915039,95.1614044013643
1275,83.92110443115234,94.49524163024853
1276,82.24267578125,94.22135541062417
1277,82.24267578125,93.41743436562325
1278,67.13687896728516,92.91158719552692
1279,75.52897644042969,91.43932069965199
1280,84.76029968261719,89.68588050642921
1281,83.92110443115234,89.42509927425134
1282,83.92110443115234,89.42151789766841
1283,71.33293151855469,89.32975625885207
1284,85.59951782226562,89.1338317966337
1285,85.59951782226562,88.89660568805103
1286,82.24267578125,89.25443153494992
1287,87.2779312133789,89.49723461303736
1288,87.2779312133789,89.70525735734432
1289,84.76029968261719,91.58996123855933
1290,76.36820220947266,92.67296239011955
1291,81.40345764160156,92.73787261346091
1292,86.43872833251953,92.20703598735683
1293,86.43872833251953,92.39057708278347
1294,86.43872833251953,93.906969345363
1295,86.43872833251953,94.03346677347497
1296,84.76029968261719,94.20610337900732
1297,84.76029968261719,94.4622252580686
1298,84.76029968261719,94.29247513515533
1299,84.76029968261719,94.02939540755855
1300,80.56424713134766,93.99933678917347
1301,76.36820220947266,94.82809583893362
1302,83.0818862915039,93.93635979647514
1303,83.92110443115234,93.45143962536713
1304,83.92110443115234,93.16445732719325
1305,79.72503662109375,92.8781431962923
1306,79.72503662109375,92.34842909120675
1307,88.11714935302734,91.83876000430924
1308,90.63477325439452,91.87453813455065
1309,89.79557800292969,92.20881776675132
1310,89.79557800292969,92.5151145535615
1311,90.63477325439452,93.5520567077741
1312,85.59951782226562,94.92144326141106
1313,84.76029968261719,95.40090227867496
1314,93.99162292480467,95.52816587192656
1315,92.31320190429688,96.5608941178712
1316,88.95636749267578,97.19966203079665
1317,86.43872833251953,98.2868592728309
1318,87.2779312133789,98.29523363598501
1319,86.43872833251953,97.73744759653924
1320,86.43872833251953,97.31016798884305
1321,89.79557800292969,96.97105973448329
1322,89.79557800292969,96.72406947481879
1323,86.43872833251953,97.01743945212192
1324,87.2779312133789,97.23385437737694
1325,88.95636749267578,96.55072906642562
1326,88.11714935302734,96.10723526623954
1327,88.11714935302734,95.8168141338343
1328,85.59951782226562,95.9241485245585
1329,88.95636749267578,96.40563877033212
1330,85.59951782226562,96.56305007093853
1331,87.2779312133789,96.21951409478346
1332,89.79557800292969,95.75907557255577
1333,89.79557800292969,95.67189310678327
1334,88.11714935302734,95.87685119053171
1335,87.2779312133789,96.08328815117757
1336,85.59951782226562,96.19791892852223
1337,85.59951782226562,96.11098591186496
1338,85.59951782226562,95.94848763108726
1339,88.11714935302734,95.95165919840946
1340,87.2779312133789,95.67286417655328
1341,86.43872833251953,96.15479986717551
1342,88.95636749267578,96.17219003406576
1343,88.11714935302734,95.94838963322057
1344,95.67005157470706,95.8535633338457
1345,93.99162292480467,93.59261000679275
1346,93.15242004394533,93.02993298290909
1347,92.31320190429688,93.62094920806214
1348,93.15242004394533,93.99201367586211
1349,91.47399139404295,94.5202934485351
1350,91.47399139404295,94.95685612687659
1351,91.47399139404295,95.40271969365735
1352,91.47399139404295,95.76837646099503
1353,92.31320190429688,96.04378610200168
1354,93.15242004394533,96.34753494427773
1355,93.99162292480467,98.83521079038283
1356,93.15242004394533,97.88954919455006
1357,95.67005157470706,97.785404188942
1358,93.99162292480467,98.11145200034012
1359,93.99162292480467,98.1698498199946
1360,93.15242004394533,98.28652964364292
1361,91.47399139404295,98.24755321938841
1362,91.47399139404295,98.25285401308702
1363,92.31320190429688,98.28341152970256
1364,89.79557800292969,98.13630782289329
1365,90.63477325439452,98.99362879634714
1366,91.47399139404295,99.65349297730337
1367,92.31320190429688,99.40079211467952
1368,91.47399139404295,99.39450243341696
1369,91.47399139404295,99.3723638244404
1370,93.15242004394533,99.09571584675456
1371,91.47399139404295,99.25651252821051
1372,91.47399139404295,99.49059379616192
1373,91.47399139404295,99.48577408289982
1374,92.31320190429688,99.88910657553404
1375,93.15242004394533,100.01769759443454
1376,92.31320190429688,100.39339914310867
1377,92.31320190429688,100.5130233572064
1378,90.63477325439452,100.49682698251046
1379,89.79557800292969,100.37335857936912
1380,86.43872833251953,100.31676481135156
1381,88.95636749267578,99.8505577783342
1382,88.95636749267578,99.46031245535252
1383,88.95636749267578,99.24550113155254
1384,93.15242004394533,99.06355472868398
1385,89.79557800292969,99.12520429573341
1386,88.95636749267578,98.87463265948598
1387,88.95636749267578,98.40006462665995
1388,90.63477325439452,97.85744152986132
1389,89.79557800292969,95.93865220882967
1390,88.95636749267578,95.21664847149053
1391,94.83084106445312,95.42661335533748
1392,91.47399139404295,95.0154053977796
1393,92.31320190429688,94.87617715589398
1394,95.67005157470706,94.97316831723317
1395,99.0269012451172,94.70296147205843
1396,99.86610412597656,95.1252075529652
1397,99.0269012451172,96.19659150287333
1398,99.0269012451172,97.2997980327671
1399,98.18768310546876,97.89537561317005
1400,98.18768310546876,98.95529381267464
1401,98.18768310546876,99.91063937951648
1402,98.18768310546876,99.9435310271388
1403,99.0269012451172,100.46913367627155
1404,99.0269012451172,101.09709955161789
1405,99.0269012451172,101.50872622733347
1406,96.5092544555664,102.26918967290274
1407,97.34847259521484,102.58665821651637
1408,97.34847259521484,102.81189294977413
1409,99.0269012451172,104.21807324790736
1410,97.34847259521484,102.30937325269701
1411,98.18768310546876,101.29431134944878
1412,100.70530700683594,101.23481328101819
1413,100.70530700683594,101.18271850597174
1414,102.38372802734376,101.243771176924
1415,102.38372802734376,101.37513286278293
1416,114.1326904296875,101.6652600015881
1417,115.81110382080078,105.04793254644359
1418,106.57978057861328,106.74091696481125
1419,109.09742736816406,108.93634535463174
1420,106.57978057861328,108.17133837160654
1421,109.09742736816406,109.02624503398084
1422,112.45426940917967,110.12472984847922
1423,124.20321655273438,111.16458521200181
1424,138.46981811523438,111.25166522545913
1425,138.46981811523438,107.5454749959457
1426,140.14820861816406,182.8312247010719
1427,138.46981811523438,158.05750097434372
1428,137.63058471679688,150.82093202900776
1429,138.46981811523438,145.8053722575366
1430,133.4345245361328,142.0975361093075
1431,125.8816375732422,139.15731279646803
1432,121.68558502197266,136.20866166709266
1433,114.1326904296875,133.67009374703235
1434,123.36400604248048,133.44975890710947
1435,117.4895248413086,136.22774006995917
1436,121.68558502197266,128.53259567547488
1437,125.0424346923828,124.08438341712518
1438,121.68558502197266,122.86406498207992
1439,118.32872772216795,122.80672286671668
1440,113.2934799194336,122.6080544642308
1441,114.1326904296875,121.06470833386109
1442,112.45426940917967,121.2417548433948
1443,125.8816375732422,120.93333773910518
1444,117.4895248413086,121.73008266759479
1445,115.81110382080078,119.91106853820622
1446,113.2934799194336,119.40810785072897
1447,113.2934799194336,118.89912920334683
1448,114.1326904296875,118.1820030871001
1449,112.45426940917967,117.4420301045675
1450,110.77584838867188,116.1796438580183
1451,114.1326904296875,116.32614175983343
1452,106.57978057861328,116.09476879656165
1453,106.57978057861328,116.04309719412137
1454,108.25820922851562,113.90212889149353
1455,108.25820922851562,113.27647932936003
1456,108.25820922851562,112.98910058527088
1457,109.09742736816406,113.21342215658896
1458,109.09742736816406,114.39166832568176
1459,109.09742736816406,114.58505375226298
1460,107.41900634765624,114.37893305745963
1461,107.41900634765624,113.72150545982538
1462,107.41900634765624,113.43004644092284
1463,107.41900634765624,113.82555692201524
1464,109.09742736816406,115.1565416752524
1465,106.57978057861328,115.5010665389714
1466,110.77584838867188,115.42655697914222
1467,109.93663024902344,115.57148246064173
1468,111.61505126953124,115.54027904899569
1469,111.61505126953124,115.71692465816565
1470,113.2934799194336,115.9809130932536
1471,113.2934799194336,116.3845484883849
1472,114.1326904296875,116.17218265680384
1473,116.65030670166016,116.47571768555255
1474,115.81110382080078,117.25422610193954
1475,117.4895248413086,118.12085241828113
1476,119.16796875,119.19418741662625
1477,115.81110382080078,119.084919795259
1478,117.4895248413086,119.09941011618471
1479,114.97190856933594,119.13272939086173
1480,117.4895248413086,119.7830966876453
1481,111.61505126953124,120.13363060237224
1482,110.77584838867188,120.80420327748936
1483,117.4895248413086,120.61282235272697
1484,151.8971710205078,120.45358027379271
1485,151.05795288085938,122.31534374530364
1486,165.32456970214844,117.37781922963849
1487,161.1284942626953,115.76568750574441
1488,156.9324493408203,118.28803232441784
1489,151.8971710205078,122.59102065321946
1490,155.25401306152344,124.16576619096861
1491,150.21876525878906,194.51867300578868
1492,155.25401306152344,231.95518328249383
1493,162.80691528320312,207.47307559397734
1494,160.28929138183594,194.51421187562974
1495,159.4500732421875,188.09036373827925
1496,159.4500732421875,181.29478407946797
1497,160.28929138183594,168.20956825939024
1498,180.43035888671875,162.55664539668498
1499,176.2342987060547,165.97837454586775
1500,176.2342987060547,165.72410126292826
1501,176.2342987060547,166.7170334660969
1502,172.03823852539062,172.98477837947928
1503,180.43035888671875,180.51342592966193
1504,180.43035888671875,172.51384712543924
1505,193.0185089111328,178.92337379330195
1506,193.0185089111328,174.6790643233139
1507,188.82247924804688,164.36735197964674
1508,184.62640380859372,179.3532801335899
1509,172.03823852539062,182.40158200845377
1510,176.2342987060547,175.6963729477175
1511,172.03823852539062,177.649336936737
1512,165.32456970214844,186.66581552181304
1513,163.6461181640625,178.2643164243278
1514,167.8422088623047,180.1833446151595
1515,166.1637725830078,165.55210888200824
1516,167.00299072265625,163.14054786760553
1517,180.43035888671875,165.1477089921555
1518,172.03823852539062,159.414733565286
1519,176.2342987060547,155.89447312919995
1520,180.43035888671875,157.46828657360334
1521,184.62640380859372,155.06962731243496
1522,176.2342987060547,158.60006950414842
1523,176.2342987060547,161.52915112771166
1524,167.8422088623047,165.46147811630132
1525,176.2342987060547,159.6141113386933
1526,176.2342987060547,163.6818090167795
1527,172.03823852539062,167.95665246962693
1528,176.2342987060547,172.47071859838948
1529,176.2342987060547,161.52252290836415
1530,176.2342987060547,165.66395562904898
1531,180.43035888671875,162.39217713606428
1532,172.03823852539062,164.36583523993718
1533,172.03823852539062,161.7300233685861
1534,172.03823852539062,164.8144137930703
1535,172.03823852539062,166.98996921777552
1536,172.03823852539062,167.19564725176053
1537,172.03823852539062,164.06314655640085
1538,172.03823852539062,163.01234995378394
1539,172.03823852539062,164.65116048327417
1540,166.1637725830078,164.76311970513922
1541,167.8422088623047,163.9088021435772
1542,167.00299072265625,162.96831661688543
1543,172.03823852539062,163.49959757422602
1544,172.03823852539062,164.63784056868823
1545,180.43035888671875,165.3805185150641
1546,172.03823852539062,163.27693639858117
1547,172.03823852539062,162.7939249586495
1548,167.8422088623047,158.25417378390776
1549,166.1637725830078,157.7089927200659
1550,166.1637725830078,159.2237089964025
1551,165.32456970214844,162.39406804944667
1552,165.32456970214844,164.19620761435726
1553,166.1637725830078,165.2519074511454
1554,167.8422088623047,166.06263489343328
1555,172.03823852539062,163.30784136217864
1556,167.00299072265625,161.9326595710611
1557,167.8422088623047,157.94937814623745
1558,180.43035888671875,158.57731729489288
1559,184.62640380859372,177.38559572354004
1560,188.82247924804688,179.46126292497186
1561,176.2342987060547,170.45037216711876
1562,176.2342987060547,155.45598167466392
1563,172.03823852539062,175.04046765785338
1564,176.2342987060547,195.61698186957187
1565,176.2342987060547,215.97121005372895
1566,172.03823852539062,227.4438648524397
1567,172.03823852539062,235.47430003893106
1568,172.03823852539062,244.8857478896084
1569,172.03823852539062,178.70661810273774
1570,176.2342987060547,173.89193071134252
1571,180.43035888671875,171.6737622227983
1572,180.43035888671875,175.06697441037676
1573,180.43035888671875,175.249609164738
1574,176.2342987060547,175.90381466490004
1575,172.03823852539062,176.83035526220263
1576,167.8422088623047,175.7070806066693
1577,167.00299072265625,173.78931385996827
1578,167.00299072265625,171.37274701987766
1579,167.00299072265625,171.2580054381269
1580,167.8422088623047,170.89040597444315
1581,165.32456970214844,172.03385399196154
1582,164.4853515625,171.38966668564655
1583,160.28929138183594,170.07607404812083
1584,157.77166748046875,165.83731886649065
1585,160.28929138183594,162.6618516746449
1586,156.9324493408203,162.53036860506472
1587,156.09326171875,158.9990032289025
1588,160.28929138183594,159.51094853897646
1589,161.96771240234375,159.5302552323279
1590,158.61087036132812,158.5718060285033
1591,160.28929138183594,157.36531531517142
1592,156.9324493408203,156.91885596590564
1593,157.77166748046875,156.39560637918572
1594,162.80691528320312,158.6911863615464
1595,164.4853515625,152.15215509523892
1596,163.6461181640625,153.5360007886622
1597,164.4853515625,154.13819990673994
1598,164.4853515625,155.21463074678297
1599,161.96771240234375,157.3332666719251
1600,165.32456970214844,157.60395793837273
1601,165.32456970214844,158.42530812668815
1602,165.32456970214844,159.45439263377102
1603,167.8422088623047,160.5953305695674
1604,172.03823852539062,164.35366234583643
1605,172.03823852539062,163.00808370574626
1606,167.8422088623047,159.62542786507257
1607,172.03823852539062,159.99947347252197
1608,167.8422088623047,157.24488261867344
1609,167.8422088623047,156.63012752392513
1610,166.1637725830078,158.21711277250233
1611,166.1637725830078,159.21788480500675
1612,164.4853515625,159.79595640285882
1613,165.32456970214844,160.32205349577356
1614,164.4853515625,157.37941475824243
1615,164.4853515625,157.68733185068947
1616,166.1637725830078,158.38246635475969
1617,164.4853515625,160.29487801917116
1618,164.4853515625,162.8199077566697
1619,163.6461181640625,163.56189192269383
1620,162.80691528320312,164.74707812252817
1621,161.1284942626953,165.42951410757627
1622,160.28929138183594,164.90084122982435
1623,159.4500732421875,165.23978244236588
1624,160.28929138183594,164.052667466337
1625,165.32456970214844,162.78661854951997
1626,180.43035888671875,159.76257365229088
1627,176.2342987060547,175.00747411472196
1628,176.2342987060547,177.1678458557543
1629,172.03823852539062,171.0644407199941
1630,172.03823852539062,161.92263038029435
1631,172.03823852539062,161.51380221184024
1632,176.2342987060547,166.91830883455935
1633,176.2342987060547,168.05239805580817
1634,176.2342987060547,161.00301283114845
1635,172.03823852539062,169.5242926052345
1636,176.2342987060547,181.06017607298307
1637,193.0185089111328,166.40863362279518
1638,197.21458435058597,179.42691161026121
1639,201.41061401367188,216.5724180570185
1640,213.9987945556641,218.79392278827737
1641,209.80276489257807,202.25095636452693
1642,201.41061401367188,189.78294948350737
1643,197.21458435058597,177.4355832660495
1644,209.80276489257807,209.97634646423273
1645,205.60667419433597,249.0390355681333
1646,218.19485473632807,233.18746191172463
1647,230.78302001953125,236.89248953018316
1648,255.95932006835935,209.39850204325347
1649,247.56723022460935,205.38858524370642
1650,243.3711700439453,255.06977974018608
1651,239.17515563964844,248.0232475897818
1652,251.7632751464844,254.9795147960611
1653,247.56723022460935,280.29802982238857
1654,243.3711700439453,278.90667392881755
1655,243.3711700439453,325.5553600759443
1656,247.56723022460935,319.3922920571596
1657,243.3711700439453,257.8721267362555
1658,251.7632751464844,287.9145220199515
1659,264.3515014648437,228.3236540640581
1660,264.3515014648437,255.23520013917073
1661,260.1553955078125,269.5376947900079
1662,255.95932006835935,325.2621326409927
1663,243.3711700439453,302.40942211870293
1664,255.95932006835935,287.7029624435465
1665,247.56723022460935,287.25547745751675
1666,247.56723022460935,292.00895307062785
1667,243.3711700439453,290.1078746367774
1668,226.5869598388672,287.7664026988874
1669,230.78302001953125,240.75220232677452
1670,222.39089965820312,226.03545287561488
1671,213.9987945556641,226.57033414094445
1672,218.19485473632807,191.12695347605768
1673,226.5869598388672,208.47162931113562
1674,230.78302001953125,180.6310517668075
1675,230.78302001953125,180.8841167805951
1676,222.39089965820312,186.71419640043413
1677,218.19485473632807,189.71451579141342
1678,213.9987945556641,190.68677489915748
1679,213.9987945556641,186.4623864275075
1680,218.19485473632807,190.9930438456646
1681,213.9987945556641,194.71487587103746
1682,205.60667419433597,203.2649492001385
1683,234.9790496826172,198.1356339504502
1684,218.19485473632807,206.6966919495183
1685,230.78302001953125,212.98718837614865
1686,226.5869598388672,198.4418750566543
1687,230.78302001953125,204.54280574628038
1688,243.3711700439453,205.68404658457382
1689,234.9790496826172,210.35082303957316
1690,239.17515563964844,219.54219440833984
1691,226.5869598388672,207.29444552800678
1692,234.9790496826172,209.0506987054486
1693,226.5869598388672,211.91170410640893
1694,222.39089965820312,209.15800191503342
1695,222.39089965820312,202.09993942472252
1696,218.19485473632807,204.14824851716403
1697,213.9987945556641,194.70311389980955
1698,209.80276489257807,191.48218572032545
1699,213.9987945556641,189.14799903293465
1700,213.9987945556641,198.89688806062577
1701,226.5869598388672,200.56950005884164
1702,213.9987945556641,197.66085210409685
1703,209.80276489257807,203.32158751264092
1704,205.60667419433597,203.8730304174423
1705,209.80276489257807,208.5902802282391
1706,209.80276489257807,208.82857985890695
1707,205.60667419433597,205.71777121406308
1708,205.60667419433597,209.36372393669723
1709,209.80276489257807,208.99321182050954
1710,209.80276489257807,210.44476735814777
1711,213.9987945556641,213.29909331360298
1712,205.60667419433597,209.1550508429113
1713,205.60667419433597,206.59887671520917
1714,205.60667419433597,207.1003629802375
1715,197.21458435058597,209.47118305197904
1716,188.82247924804688,210.88427442693865
1717,201.41061401367188,215.17032248814715
1718,201.41061401367188,214.33723816890688
1719,201.41061401367188,214.73355935962377
1720,197.21458435058597,215.9561451089485
1721,197.21458435058597,214.75588060098826
1722,201.41061401367188,218.22914326470823
1723,209.80276489257807,219.15118737466702
1724,205.60667419433597,218.72124846122455
1725,197.21458435058597,218.7331329297858
1726,197.21458435058597,219.9474155871322
1727,197.21458435058597,222.08058415046065
1728,197.21458435058597,224.0243762908455
1729,193.0185089111328,223.5247787119754
1730,193.0185089111328,223.8023665782918
1731,194.5751190185547,223.45802880140923
1732,190.2512359619141,223.4468793168482
1733,190.2512359619141,221.7604696644462
1734,190.2512359619141,220.20263766759928
1735,190.2512359619141,218.12015181914714
1736,203.222900390625,216.46240208830557
1737,207.5467834472656,214.83307619325464
1738,203.222900390625,215.0277756821393
1739,190.2512359619141,216.33573093670265
1740,185.9273376464844,215.9350221142268
1741,181.6034393310547,215.85820515008177
1742,172.95567321777344,214.63170394053762
1743,164.30787658691406,212.62278776328407
1744,168.63177490234375,209.25883503819196
1745,168.63177490234375,206.242834874929
1746,164.30787658691406,203.67281409410745
1747,167.76698303222656,198.7335478890842
1748,170.361328125,190.38750055038585
1749,159.98399353027344,183.0588692909607
1750,148.7418670654297,177.97482070359555
1751,155.6600799560547,171.13798728374118
1752,155.6600799560547,157.1061187530425
1753,152.20098876953125,161.7783441121526
1754,158.2544403076172,163.81810289072482
1755,159.98399353027344,163.5920374028244
1756,162.5783233642578,162.55903186746147
1757,162.5783233642578,162.4540806066774
1758,162.5783233642578,162.12833903861272
1759,161.7135467529297,161.24575243334496
1760,162.5783233642578,160.9546018850001
1761,160.84877014160156,162.28199078469675
1762,163.44309997558594,170.70457223006127
1763,162.5783233642578,164.21036162442226
1764,162.5783233642578,164.7960302841676
1765,161.7135467529297,160.24310953247632
1766,159.98399353027344,160.22692095306525
1767,156.52487182617188,161.76396960688754
1768,156.52487182617188,161.8268330111495
1769,157.38966369628906,162.4667312403783
1770,151.33621215820312,162.7480107308777
1771,155.6600799560547,162.5736925710418
1772,157.38966369628906,160.6900020768574
1773,157.38966369628906,161.2170368311785
1774,153.0657501220703,161.61275333051336
1775,153.0657501220703,160.76807964992403
1776,152.20098876953125,159.95169394444653
1777,159.1192169189453,159.56086508871314
1778,160.84877014160156,157.80039132133064
1779,161.7135467529297,157.71338146543695
1780,159.98399353027344,158.18042148032126
1781,161.7135467529297,158.73698143282118
1782,161.7135467529297,159.84190515260642
1783,162.5783233642578,158.54911618152656
1784,159.1192169189453,158.47546855747945
1785,162.5783233642578,159.0252354760379
1786,161.7135467529297,160.171438569945
1787,172.95567321777344,161.01651649173445
1788,172.0908966064453,170.82657317082942
1789,170.361328125,167.24839070586782
1790,164.30787658691406,167.12398909576862
1791,160.84877014160156,164.6883150380978
1792,153.0657501220703,165.46715642450914
1793,153.0657501220703,166.16933842289063
1794,151.33621215820312,165.61818561404692
1795,153.9305419921875,164.63146513929232
1796,150.47142028808594,163.00055346058028
1797,153.0657501220703,162.64530451213068
1798,145.28274536132812,154.0678730740393
1799,142.6884307861328,145.70272840106838
1800,141.82363891601562,147.01758805078538
1801,146.14755249023438,148.54322774842234
1802,142.6884307861328,146.5204827358433
1803,145.28274536132812,137.88115562242365
1804,139.22930908203125,144.4172369302211
1805,138.36453247070312,146.2057648141699
1806,137.499755859375,145.78669252780958
1807,135.7702178955078,144.774330020344
1808,133.1758575439453,142.63990084809393
1809,129.7167510986328,142.08878757248053
1810,129.7167510986328,145.02767900522258
1811,130.58152770996094,142.8302260685651
1812,134.04061889648438,141.01264404436486
1813,135.7702178955078,140.53226518348856
1814,131.44630432128906,139.92275854266916
1815,131.44630432128906,139.56989495138393
1816,129.7167510986328,138.60985662306183
1817,134.90542602539062,138.40904563085408
1818,130.58152770996094,135.25467025259064
1819,129.7167510986328,136.50970220468906
1820,129.7167510986328,136.114414446021
1821,129.7167510986328,135.445253831074
1822,121.93372344970703,133.31314988093374
1823,124.52809143066406,141.99115942500782
1824,123.66329956054688,140.41353185908807
1825,128.85195922851562,147.872075995002
1826,121.93372344970703,145.1371715762384
1827,121.06895446777344,157.37432221001058
1828,127.1224136352539,161.93538346631044
1829,125.3928680419922,159.55369565387457
1830,122.79851531982422,157.37410505564685
1831,122.79851531982422,158.337313837679
1832,129.7167510986328,150.1668408132897
1833,122.79851531982422,158.45832895331657
1834,119.33940887451172,153.14444808504982
1835,119.33940887451172,159.45617998122614
1836,118.47462463378906,151.50783248505115
1837,119.33940887451172,148.54712984529627
1838,121.93372344970703,149.16064326252905
1839,118.47462463378906,143.58574953076314
1840,115.88029479980467,138.8789387199938
1841,111.55640411376952,134.9404044574386
1842,112.42118072509766,131.83345781943228
1843,115.01551818847656,127.20740170526982
1844,115.88029479980467,123.86119773017109
1845,116.7450714111328,121.73312060146239
1846,117.60985565185548,120.79488011680769
1847,112.42118072509766,120.66480131211279
1848,113.28594970703124,119.95425441628022
1849,110.69161987304688,120.42116970660689
1850,110.69161987304688,119.75347460521186
1851,108.0972900390625,118.65688738576864
1852,108.0972900390625,119.06820670453867
1853,110.69161987304688,118.52177950873278
1854,110.69161987304688,118.56452885085514
1855,107.23250579833984,118.3017965702403
1856,109.82683563232422,116.71033348732232
1857,108.96207427978516,115.23669056686515
1858,115.01551818847656,114.58424304263849
1859,122.79851531982422,114.05918383622105
1860,123.66329956054688,113.29461784359597
1861,122.79851531982422,113.85570908381852
1862,120.20419311523438,114.32510104750355
1863,120.20419311523438,117.07667178527839
1864,121.06895446777344,117.95434958831433
1865,119.33940887451172,118.4110374649166
1866,118.47462463378906,122.0595292231879
1867,117.60985565185548,121.90341416709099
1868,114.15074157714844,122.34438229498537
1869,124.52809143066406,122.48934786652126
1870,129.7167510986328,123.87217794568966
1871,132.3110809326172,122.7905086742268
1872,135.7702178955078,122.77598717216169
1873,131.44630432128906,130.2108002337652
1874,130.58152770996094,166.13985053071784
1875,135.7702178955078,174.30649189419992
1876,148.7418670654297,156.79884532840174
1877,147.01231384277344,157.8464748181449
1878,147.87709045410156,156.31746198939177
1879,145.28274536132812,167.53399379542915
1880,145.28274536132812,167.37796615788378
1881,145.28274536132812,161.03732322061364
1882,152.20098876953125,154.99317784029003
1883,153.0657501220703,152.79310568792263
1884,145.28274536132812,155.93763228058305
1885,146.14755249023438,157.8094561240001
1886,154.79531860351562,147.52843756653175
1887,151.33621215820312,157.58187501000222
1888,147.87709045410156,146.00520327107736
1889,145.28274536132812,149.48068647736773
1890,146.14755249023438,150.458609416362
1891,148.7418670654297,150.4234615905814
1892,145.28274536132812,149.76844162235398
1893,145.28274536132812,149.30039490211178
1894,143.55319213867188,148.11189904705216
1895,143.55319213867188,147.40746588176694
1896,147.01231384277344,146.51342466221686
1897,147.01231384277344,144.36001508496696
1898,145.28274536132812,146.1189231137066
1899,132.3110809326172,142.66095257163985
1900,132.3110809326172,159.32733171792555
1901,129.7167510986328,147.86748568583693
1902,135.7702178955078,140.1708869139219
1903,129.7167510986328,144.66884868019005
1904,129.7167510986328,142.31949459570362
1905,129.7167510986328,143.8293544095781
1906,129.7167510986328,143.39595438966182
1907,127.9871826171875,140.95345556010406
1908,125.3928680419922,138.2842988009972
1909,122.79851531982422,137.45577806423108
1910,128.85195922851562,136.52740863742184
1911,127.1224136352539,140.98513782496238
1912,124.52809143066406,156.6627262915595
1913,124.52809143066406,150.0708919928963
1914,118.47462463378906,148.31015986750154
1915,120.20419311523438,149.4145223267775
1916,117.60985565185548,150.272041523189
1917,117.60985565185548,145.54893188540854
1918,116.7450714111328,142.78203784484106
1919,117.60985565185548,138.37753708948674
1920,119.33940887451172,135.30681848101892
1921,118.47462463378906,131.83384981089907
1922,118.47462463378906,131.83029961545554
1923,117.60985565185548,129.95686994335918
1924,119.33940887451172,130.8804864736336
1925,118.47462463378906,130.80665398997434
1926,118.47462463378906,130.29978675117465
1927,115.88029479980467,130.02717450381735
1928,115.88029479980467,129.3950749002758
1929,115.01551818847656,128.60392921353338
1930,117.60985565185548,128.0819569399169
1931,121.06895446777344,128.0895606834829
1932,127.1224136352539,125.87888026204554
1933,130.58152770996094,123.3259022011323
1934,128.85195922851562,123.64858690392332
1935,124.52809143066406,122.7475143374377
1936,129.7167510986328,123.03173933199861
1937,127.1224136352539,122.64113319868954
1938,130.58152770996094,122.62237997056252
1939,130.58152770996094,123.2256192023618
1940,134.04061889648438,123.79291103487718
1941,134.90542602539062,124.34205544425967
1942,138.36453247070312,125.28431384144896
1943,138.36453247070312,125.16944252388606
1944,135.7702178955078,126.54150620106324
1945,129.7167510986328,126.43496915661805
1946,121.06895446777344,127.31134626069601
1947,116.7450714111328,126.6621504838643
1948,117.60985565185548,125.70087604608729
1949,116.7450714111328,124.95043956406053
1950,119.33940887451172,124.5095516162389
1951,117.60985565185548,123.95475005727891
1952,117.60985565185548,123.66313067823086
1953,118.47462463378906,124.95468019901942
1954,118.47462463378906,124.19236815732839
1955,119.33940887451172,124.36728989493416
1956,118.47462463378906,124.57550418052602
1957,118.47462463378906,123.86285923945645
1958,119.33940887451172,124.641345383601
1959,121.12059020996094,124.39481838657906
1960,120.22998809814452,124.76486278567569
1961,120.22998809814452,125.20010249281677
1962,119.33940887451172,125.51697859478175
1963,118.44882202148438,125.0371186771541
1964,117.5582275390625,124.57225688757957
1965,117.5582275390625,123.65132193529385
1966,120.22998809814452,122.91007052604571
1967,118.44882202148438,121.19441296488316
1968,119.33940887451172,118.86903494937386
1969,119.33940887451172,118.2389710287905
1970,118.44882202148438,117.60846166335853
1971,118.44882202148438,117.05108543317348
1972,117.5582275390625,116.88974530900222
1973,117.5582275390625,116.83360589473025
1974,120.22998809814452,116.68831069400639
1975,122.90177154541016,116.79792576235556
1976,123.79237365722656,116.93997367013296
1977,130.02651977539062,118.27667348077796
1978,129.1359405517578,118.57243995136668
1979,125.57353973388672,119.26420243793281
1980,125.57353973388672,127.75419862030006
1981,127.35474395751952,125.45558738574452
1982,127.35474395751952,126.97849650645941
1983,127.35474395751952,131.83916842239162
1984,130.9171142578125,131.71008295970915
1985,124.68295288085938,164.61772650654865
1986,123.79237365722656,148.35600282409757
1987,125.57353973388672,146.109005284152
1988,124.68295288085938,141.98259574779303
1989,126.46414947509766,147.76771494864235
1990,127.35474395751952,145.57070968405773
1991,126.46414947509766,155.9548064067217
1992,124.68295288085938,156.69063452493785
1993,123.79237365722656,158.482939781203
1994,123.79237365722656,157.99593047375492
1995,122.0111846923828,153.79461493165152
1996,121.12059020996094,150.32702946252726
1997,120.22998809814452,147.59201145532722
1998,123.79237365722656,145.66597920105698
1999,120.22998809814452,137.95698815345324
2000,122.0111846923828,136.50233900134134
2001,121.12059020996094,129.8032271061721
2002,122.90177154541016,124.79809742583146
2003,125.57353973388672,119.73204425354461
2004,124.68295288085938,119.98168491005842
2005,123.79237365722656,126.76977441374011
2006,123.79237365722656,126.79005551769791
2007,122.0111846923828,129.29002118717654
2008,122.90177154541016,131.21649888629543
2009,121.12059020996094,131.7959558176267
2010,123.79237365722656,131.56669871738586
2011,122.90177154541016,131.3784804510487
2012,122.90177154541016,131.61684689844387
2013,121.12059020996094,132.78465629473342
2014,121.12059020996094,132.43393974761855
2015,122.0111846923828,130.93622498754178
2016,124.68295288085938,129.3975604825311
2017,122.0111846923828,127.94191798840679
2018,123.79237365722656,127.61636016634215
2019,123.79237365722656,127.8529181076519
2020,122.90177154541016,128.65816212385323
2021,122.0111846923828,128.75637380407764
2022,122.0111846923828,127.91802432672665
2023,122.90177154541016,128.20444090994278
2024,124.68295288085938,129.38702571186116
2025,122.90177154541016,130.1349498849417
2026,124.68295288085938,131.15764671289534
2027,122.0111846923828,130.98779413766687
2028,122.90177154541016,130.6460800309427
2029,121.12059020996094,132.65188700315284
2030,120.22998809814452,132.34896223384675
2031,122.0111846923828,132.60234908153748
2032,122.0111846923828,132.6287060532305
2033,121.12059020996094,132.83776222958627
2034,121.12059020996094,132.30423066214803
2035,118.44882202148438,130.75770405555915
2036,117.5582275390625,130.1021517807376
2037,118.44882202148438,127.67616113726979
2038,117.5582275390625,127.76904529710467
2039,115.77703857421875,126.21991283815134
2040,115.77703857421875,125.93037368654636
2041,115.77703857421875,125.16804382706138
2042,114.88644409179688,124.4037050113091
2043,113.10525512695312,123.78485739201408
2044,111.3240737915039,123.41839882394888
2045,114.88644409179688,122.91789699203602
2046,114.88644409179688,122.93905562234562
2047,123.79237365722656,120.52339929936588
2048,124.68295288085938,118.15407814953991
2049,123.79237365722656,117.65569218065804
2050,120.22998809814452,120.98975332918329
2051,120.22998809814452,119.56987560195492
2052,121.12059020996094,120.40611367072344
2053,121.12059020996094,121.70367224251993
2054,124.68295288085938,122.28925404051978
2055,130.02651977539062,128.0771327722063
2056,128.24533081054688,127.61558954675402
2057,128.24533081054688,140.1215249430217
2058,133.5888671875,138.49782056196042
2059,145.1665802001953,139.1722396533454
2060,141.60421752929688,136.48605799212416
2061,139.82302856445312,136.20378850044872
2062,140.713623046875,150.97421405586744
2063,139.82302856445312,167.15357832664446
2064,139.82302856445312,171.10335951482134
2065,131.8076934814453,171.14961339429024
2066,129.1359405517578,164.3108150058474
2067,127.35474395751952,159.9586918830184
2068,126.46414947509766,155.1416401538876
2069,124.68295288085938,146.95060650889795
2070,123.79237365722656,156.02417107854927
2071,123.79237365722656,164.0263116082561
2072,122.0111846923828,151.3793105101022
2073,123.79237365722656,156.93363137153446
2074,123.79237365722656,156.36121024158717
2075,129.1359405517578,158.21002240412437
2076,124.68295288085938,166.09995816049334
2077,123.79237365722656,158.29492864672042
2078,124.68295288085938,151.1465789400421
2079,126.46414947509766,146.7295834566839
2080,124.68295288085938,146.4949632004657
2081,122.90177154541016,145.42283090321183
2082,124.68295288085938,143.34726504048308
2083,121.12059020996094,139.52602308824305
2084,122.90177154541016,138.95541046438117
2085,123.79237365722656,140.70082151420752
2086,122.0111846923828,137.39864976239517
2087,121.12059020996094,135.05144049485486
2088,121.12059020996094,135.21665153476064
2089,121.12059020996094,134.8991295377652
2090,122.0111846923828,132.72120713049557
2091,119.33940887451172,131.49171698601717
2092,119.33940887451172,131.45565822552112
2093,121.12059020996094,130.66392455157853
2094,120.22998809814452,129.95061144323603
2095,120.22998809814452,128.66004190111443
2096,121.12059020996094,128.16556248355496
2097,122.90177154541016,127.656200753603
2098,122.0111846923828,127.7549647854397
2099,122.0111846923828,127.8944246586466
2100,122.90177154541016,127.62371446079291
2101,122.90177154541016,127.83288199836085
2102,122.90177154541016,128.2960199163712
2103,122.90177154541016,128.2813870530939
2104,122.90177154541016,128.34934857364834
2105,122.90177154541016,128.39369706277725
2106,122.90177154541016,128.62499875487325
2107,120.22998809814452,128.6625363922667
2108,120.22998809814452,129.02818425070743
2109,120.22998809814452,129.10313925538523
2110,120.22998809814452,129.46760668497708
2111,121.12059020996094,131.00630682557565
2112,122.90177154541016,131.39367457483522
2113,122.90177154541016,131.1810192041026
2114,122.90177154541016,131.1708496982085
2115,122.90177154541016,131.38987938472496
2116,126.46414947509766,131.15703199900423
2117,127.35474395751952,130.5410664078798
2118,124.68295288085938,135.2513828696078
2119,124.68295288085938,134.88472830580918
2120,125.57353973388672,133.89965374977027
2121,127.35474395751952,137.65433733272903
2122,125.57353973388672,139.04217421199596
2123,126.46414947509766,135.9225479863736
2124,126.46414947509766,138.40094521628188
2125,125.57353973388672,142.76895735686125
2126,124.68295288085938,144.42382728675648
2127,123.79237365722656,143.83835684996876
2128,123.79237365722656,141.26328027011533
2129,123.79237365722656,140.2703436124982
2130,122.90177154541016,135.67458665693908
2131,122.0111846923828,134.97483734423716
2132,122.0111846923828,133.37976615804533
2133,122.0111846923828,131.2014562137574
2134,122.0111846923828,131.6949645615469
2135,124.68295288085938,131.18736679319545
2136,123.79237365722656,130.26361662946647
2137,122.90177154541016,129.40891487172252
2138,122.90177154541016,129.31395048444455
2139,124.68295288085938,129.2379175032331
2140,123.79237365722656,129.28005213146434
2141,122.0111846923828,144.43168493388617
2142,123.79237365722656,136.15570718348835
2143,122.90177154541016,139.65285459999149
2144,121.12059020996094,144.74670798528086
2145,122.0111846923828,145.20617321051432
2146,120.22998809814452,143.90438959432865
2147,119.33940887451172,141.31530600121027
2148,120.22998809814452,140.04016444142073
2149,120.22998809814452,138.20633927081545
2150,119.33940887451172,135.50433763579537
2151,119.33940887451172,132.54954159473323
2152,121.12059020996094,130.24661845404302
2153,122.0111846923828,128.49469722775405
2154,116.66761779785156,128.45251360058944
2155,118.44882202148438,128.9578306913159
2156,113.10525512695312,128.64602375172825
2157,111.3240737915039,128.60000038996853
2158,109.54288482666016,128.6278852374923
2159,111.3240737915039,127.25754097743084
2160,113.995849609375,125.64973006856839
2161,113.995849609375,124.64027186151583
2162,114.88644409179688,123.52152821530208
2163,115.77703857421875,123.39226457468015
2164,115.77703857421875,122.06173417518859
2165,115.77703857421875,122.03373351200415
2166,115.77703857421875,121.53080846011478
2167,115.77703857421875,121.47707444802538
2168,116.66761779785156,121.71679950220886
2169,117.5582275390625,122.25047806644714
2170,115.77703857421875,123.01963214101303
2171,115.77703857421875,123.40377486956858
2172,115.77703857421875,122.26600627387015
2173,114.88644409179688,121.48218815488758
2174,115.77703857421875,121.02555373166712
2175,114.88644409179688,119.87908559807508
2176,112.21466827392578,119.48079999557577
2177,112.21466827392578,119.00558606771924
2178,113.10525512695312,118.8716408017383
2179,112.21466827392578,117.7121879508089
2180,112.21466827392578,116.87474718094909
2181,111.3240737915039,116.60169839764013
2182,107.7616958618164,118.05048104109565
2183,107.7616958618164,117.26456933132457
2184,105.98052215576172,116.37173304008999
2185,104.19932556152344,115.87787279087013
2186,101.52754974365234,114.75867479091079
2187,106.8711166381836,113.53032943969333
2188,105.98052215576172,112.4747587819113
2189,105.98052215576172,112.52619429858181
2190,107.82364654541016,111.93436736380427
2191,105.98052215576172,111.36405541521522
2192,106.90208435058594,110.93010749813513
2193,109.6667938232422,110.89704658147033
2194,109.6667938232422,111.46815587633841
2195,108.74523162841795,112.09772980758828
2196,107.82364654541016,112.442508574871
2197,108.74523162841795,113.87714388993427
2198,107.82364654541016,115.12871028111043
2199,107.82364654541016,115.87417114417806
2200,107.82364654541016,116.04468743223097
2201,107.82364654541016,115.92610555907902
2202,107.82364654541016,116.44142734110557
2203,105.05894470214844,117.29128265889649
2204,106.90208435058594,117.2492237562895
2205,106.90208435058594,117.52103420291928
2206,107.82364654541016,116.87265804460904
2207,106.90208435058594,116.68366470423526
2208,104.13738250732422,116.47006944487202
2209,105.98052215576172,116.21970271325495
2210,107.82364654541016,115.9805300106838
2211,108.74523162841795,115.65493209858278
2212,109.6667938232422,115.60470373745204
2213,105.05894470214844,115.48865644548877
2214,105.05894470214844,115.6419206545545
2215,105.05894470214844,115.57485002369732
2216,106.90208435058594,115.38222630780726
2217,108.74523162841795,115.23941223489022
2218,107.82364654541016,115.18569158614629
2219,114.2746353149414,115.43112278884061
2220,110.58837127685548,116.96714580589897
2221,110.58837127685548,116.94123873350304
2222,110.58837127685548,116.97957817162404
2223,106.90208435058594,117.34024150220864
2224,105.05894470214844,117.54999702697675
2225,108.74523162841795,117.6045595664846
2226,110.58837127685548,117.75661662001056
2227,106.90208435058594,117.91496780924756
2228,105.98052215576172,118.19395882683713
2229,105.98052215576172,117.64754499437672
2230,105.05894470214844,117.28120224197215
2231,94.9216766357422,116.65813625996067
2232,85.70597839355469,115.51047433417432
2233,77.41185760498047,112.40243635628887
2234,83.86284637451172,108.28051244955556
2235,82.01969909667969,105.2610199986794
2236,82.94126892089844,102.55038118804451
2237,79.25498962402344,99.79825364420888
2238,80.17656707763672,97.41352901151754
2239,81.09813690185547,95.19096412151892
2240,80.17656707763672,92.87672668167369
2241,79.25498962402344,90.71979363567118
2242,80.17656707763672,88.89052091141883
2243,92.15697479248048,87.1391386733967
2244,94.9216766357422,87.6993746595099
2245,94.00011444091795,87.84178337761468
2246,94.00011444091795,90.47676783515942
2247,97.68639373779295,91.69941594676298
2248,97.68639373779295,93.96786165616977
2249,96.76482391357422,95.32939056267702
2250,92.15697479248048,96.99335870360537
2251,92.15697479248048,98.22844363538248
2252,90.31383514404295,99.08316321092036
2253,90.31383514404295,100.30296047549274
2254,91.23540496826172,101.59312466280208
2255,91.23540496826172,101.5972628454458
2256,86.62754821777344,101.08701022579658
2257,89.39225769042969,100.43628211868561
2258,92.15697479248048,99.80907795403043
2259,89.39225769042969,98.90729267578702
2260,99.52952575683594,98.53397425705302
2261,105.98052215576172,99.19680510070108
2262,105.98052215576172,100.96236584825488
2263,104.13738250732422,101.32635665185872
2264,110.58837127685548,102.71309328234955
2265,107.82364654541016,104.23877752447135
2266,103.21580505371094,105.37074197379222
2267,96.76482391357422,107.69844075696285
2268,99.52952575683594,109.21705578933701
2269,101.37266540527344,110.29349999272551
2270,99.52952575683594,111.1363128274597
2271,103.21580505371094,111.9293115647724
2272,110.58837127685548,111.79378496957884
2273,108.74523162841795,112.03780411210303
2274,108.74523162841795,111.7678556249405
2275,108.74523162841795,111.84058340537518
2276,105.98052215576172,111.79753116075577
2277,108.74523162841795,111.65550552522079
2278,108.74523162841795,111.53923551083321
2279,110.58837127685548,112.29442488939476
2280,110.58837127685548,112.86900865408211
2281,111.50993347167969,113.9692307034901
2282,109.6667938232422,115.03981285267074
2283,119.80406188964844,115.93864483156776
2284,112.43150329589844,117.03631002754466
2285,109.6667938232422,118.50700410310395
2286,105.98052215576172,117.63266268198421
2287,107.82364654541016,118.31543163705665
2288,104.13738250732422,119.09169946585504
2289,105.05894470214844,118.50047388162315
2290,109.6667938232422,118.30562739593844
2291,106.90208435058594,118.52173050979943
2292,110.58837127685548,117.60064856071368
2293,112.43150329589844,117.6541153058939
2294,113.3530731201172,117.4950202237597
2295,109.6667938232422,116.88434206298842
2296,115.19621276855469,117.0568361261692
2297,112.43150329589844,117.4594692703911
2298,112.43150329589844,117.98867556834921
2299,110.58837127685548,118.75099206448874
2300,114.2746353149414,119.41509688040387
2301,112.43150329589844,119.80544020125224
2302,108.74523162841795,119.9869055236843
2303,110.58837127685548,120.17437098822731
2304,111.50993347167969,120.09406619091754
2305,110.58837127685548,120.03043884874023
2306,110.58837127685548,120.07464924996606
2307,110.58837127685548,120.56863867819203
2308,109.6667938232422,120.27754046961688
2309,109.6667938232422,119.584406012917
2310,109.6667938232422,119.86549953019208
2311,109.6667938232422,119.39374225436087
2312,109.6667938232422,118.93243066022988
2313,109.6667938232422,118.62760829586864
2314,109.6667938232422,118.3504436021584
2315,109.6667938232422,117.99704993150333
2316,106.90208435058594,118.03285033398717
2317,109.6667938232422,117.61976705361658
2318,108.74523162841795,117.6457053071519
2319,109.6667938232422,117.54224183216223
2320,110.58837127685548,117.69638802202823
2321,110.58837127685548,117.67381287710002
2322,111.50993347167969,117.71809009505316
2323,107.82364654541016,117.94451416605673
2324,106.90208435058594,117.70984491090513
2325,106.90208435058594,117.51456634371728
2326,105.98052215576172,117.23118323992027
2327,106.90208435058594,117.05834172975756
2328,104.13738250732422,116.66749505623025
2329,111.50993347167969,116.1034861522492
2330,110.58837127685548,116.14358064307376
2331,109.6667938232422,115.98406684278186
2332,110.58837127685548,115.84012133994932
2333,109.6667938232422,115.29202372596109
2334,110.58837127685548,115.16979365949894
2335,110.58837127685548,115.42113146088599
2336,110.58837127685548,114.82840918196271
2337,110.58837127685548,114.81256025424871
2338,112.43150329589844,115.82598292045402
2339,112.43150329589844,116.1889224742151
2340,115.19621276855469,116.48911666659914
2341,131.7844696044922,116.58799651409649
2342,134.54917907714844,119.16221338539208
2343,138.23544311523438,165.68917114831743
2344,142.8433074951172,180.03988520401805
2345,141.0001678466797,162.04382033303497
2346,138.23544311523438,160.95028775164118
2347,138.23544311523438,169.34751726025237
2348,137.31387329101562,164.20786713326999
2349,132.70603942871094,153.3083918343613
2350,136.39231872558594,144.46240949231995
2351,141.0001678466797,140.96462286245904
2352,141.0001678466797,138.45403778778925
2353,137.31387329101562,138.60544449183624
2354,137.31387329101562,138.86384036684973
2355,136.39231872558594,139.35200114923148
2356,134.54917907714844,139.67848549658123
2357,133.62762451171875,138.40132161717895
2358,133.62762451171875,132.9609722747154
2359,129.01974487304688,136.7770938384205
2360,131.7844696044922,137.42370158068172
2361,131.7844696044922,138.51758717711806
2362,132.70603942871094,138.71150268306914
2363,133.62762451171875,160.77679032393885
2364,133.62762451171875,147.63144891500008
2365,133.62762451171875,143.33472799521857
2366,132.70603942871094,141.7008585627117
2367,132.70603942871094,139.54771847959523
2368,132.70603942871094,138.99530450502385
2369,136.39231872558594,138.8566174786293
2370,134.54917907714844,136.7876197001935
2371,133.62762451171875,137.88453432160046
2372,137.31387329101562,138.3276650842349
2373,134.54917907714844,137.17024346181523
2374,133.62762451171875,137.84795439063151
2375,133.62762451171875,137.9465046089409
2376,133.62762451171875,132.5514169175459
2377,133.62762451171875,136.26230659021232
2378,132.70603942871094,137.58876562378748
2379,132.70603942871094,138.23254479125993
2380,133.62762451171875,137.59485930931663
2381,142.8433074951172,166.22599845082942
2382,143.76487731933594,169.58488869521693
2383,141.0001678466797,155.09551656703692
2384,141.0001678466797,151.92777338886629
2385,141.0001678466797,155.1400187346386
2386,140.07858276367188,154.15377488587202
2387,140.07858276367188,158.17349481292516
2388,141.92173767089844,159.65045407028035
2389,141.92173767089844,158.42912002098024
2390,141.92173767089844,160.94774648877979
2391,141.92173767089844,161.4415410348845
2392,141.92173767089844,140.75626826173988
2393,141.92173767089844,141.09586873265732
2394,141.0001678466797,142.61465748852245
2395,141.92173767089844,142.5094745964171
2396,142.8433074951172,143.53875287200916
2397,141.0001678466797,144.20739677093175
2398,140.07858276367188,144.06636670463345
2399,140.07858276367188,144.5348722330697
2400,184.3139495849609,143.08796268520263
2401,176.0198211669922,160.65639437664092
2402,180.62767028808597,143.7679743366621
2403,180.62767028808597,145.93290089047312
2404,180.62767028808597,148.55641514316582
2405,178.78451538085938,152.66674857493797
2406,176.0198211669922,156.83687852318928
2407,179.70608520507812,161.04329106797306
2408,177.86294555664062,166.89626154177677
2409,177.86294555664062,174.2314377780433
2410,176.94137573242188,182.486508296068
2411,173.25509643554688,186.22265580526346
2412,176.94137573242188,189.87133465037115
2413,176.94137573242188,190.35717577870372
2414,175.09825134277344,189.8839051039993
2415,176.94137573242188,188.85164234792148
2416,186.15707397460935,188.3073911502011
2417,182.47080993652344,184.60065636436025
2418,186.15707397460935,180.48777665847214
2419,184.3139495849609,181.76038864832756
2420,184.3139495849609,183.58722089161552
2421,183.3923797607422,185.2584759534613
2422,188.00022888183597,187.88320292975436
2423,188.00022888183597,191.23334463731493
2424,184.3139495849609,193.64148073763778
2425,184.3139495849609,196.3500036852417
2426,186.15707397460935,199.25312144219083
2427,188.00022888183597,199.6142257631756
2428,186.15707397460935,202.480948448768
2429,186.15707397460935,203.52234950591532
2430,184.3139495849609,203.76859141823414
2431,184.3139495849609,204.54115537311623
2432,184.3139495849609,204.67355939992095
2433,202.74533081054688,203.8883626291319
2434,195.37278747558597,195.1692429799784
2435,195.37278747558597,189.3792829072367
2436,200.90219116210935,192.38990209672826
2437,195.37278747558597,177.28633140145772
2438,196.3258209228516,180.50568799583527
2439,189.6545562744141,184.9955710629676
2440,190.6075897216797,187.60462506226187
2441,196.3258209228516,189.71566281189862
2442,198.23190307617188,192.1480789973078
2443,200.13796997070312,195.23847179112715
2444,200.13796997070312,199.49649468968454
2445,203.9501190185547,203.9577607093231
2446,207.7622833251953,204.9069814094964
2447,203.9501190185547,211.93337499829443
2448,202.04405212402344,211.84683397310394
2449,200.13796997070312,213.57570120125243
2450,200.13796997070312,216.06064647043547
2451,202.04405212402344,216.18430196041322
2452,207.7622833251953,216.49384158572138
2453,211.57443237304688,216.17627058979255
2454,219.19873046875,210.6332528913941
2455,234.4473419189453,211.02298149835138
2456,232.541259765625,185.75945218413793
2457,232.541259765625,197.5664445228797
2458,238.2594757080078,203.47645755038593
2459,247.78985595703125,205.87524710417256
2460,259.2263488769531,208.13290413934567
2461,257.3202819824219,209.59675395480588
2462,257.3202819824219,211.4651389639916
2463,261.13238525390625,215.92547623112083
2464,261.13238525390625,221.15573819240404
2465,261.13238525390625,225.75260430563623
2466,261.13238525390625,233.30848482264702
2467,266.85064697265625,236.25577957245835
2468,276.3810119628906,259.9819495350676
2469,285.911376953125,248.3707435706411
2470,278.287109375,238.89408259412534
2471,276.3810119628906,237.24394106129824
2472,285.911376953125,237.34949812707646
2473,282.0992431640625,235.785358631173
2474,278.287109375,235.60587553831732
2475,276.3810119628906,234.2962632289171
2476,270.66278076171875,234.35548066709305
2477,274.47491455078125,233.82230990998218
2478,276.3810119628906,246.22676406083656
2479,276.3810119628906,245.66478193091677
2480,274.47491455078125,262.03530774486825
2481,266.85064697265625,260.8052830665715
2482,266.85064697265625,260.36788295191457
2483,266.85064697265625,259.1521659621556
2484,266.85064697265625,257.3361764032892
2485,266.85064697265625,256.2137622915228
2486,261.13238525390625,255.21942248263252
2487,259.2263488769531,254.3643109156278
2488,253.50808715820312,254.69467063316063
2489,242.0716552734375,253.80164280064113
2490,243.97772216796875,251.70216323121406
2491,251.6020355224609,249.09232413537407
2492,249.69595336914065,246.56923096935495
2493,249.69595336914065,245.24870526116345
2494,249.69595336914065,244.23227584222994
2495,264.9445495605469,242.80393466287774
2496,264.9445495605469,238.34623442925235
2497,263.0384521484375,238.1874110684758
2498,257.3202819824219,238.28954266336808
2499,253.50808715820312,238.605474422254
2500,251.6020355224609,239.7295678610997
2501,251.6020355224609,241.57628420562412
2502,247.78985595703125,242.4659845651244
2503,251.6020355224609,242.19791585522304
2504,249.69595336914065,242.09620297848846
2505,249.69595336914065,241.66710595580986
2506,247.78985595703125,243.36994361422907
2507,251.6020355224609,243.4380343137896
2508,249.69595336914065,241.6249535097847
2509,253.50808715820312,239.82834971073032
2510,257.3202819824219,238.05856614601157
2511,278.287109375,237.01637219703372
2512,274.47491455078125,288.35971741945934
2513,297.34783935546875,258.0635343877088
2514,289.7235412597656,338.5384025406752
2515,278.287109375,338.2474023299667
2516,280.1931457519531,297.24937117445967
2517,278.287109375,266.1539353597218
2518,282.0992431640625,309.11771463220225
2519,285.911376953125,349.6365896729425
2520,289.7235412597656,341.1372346943057
2521,297.34783935546875,329.9770060035221
2522,312.596435546875,323.45233476552215
2523,303.0660705566406,338.0511393296634
2524,303.0660705566406,285.8131092198814
2525,291.6296081542969,267.15674752963287
2526,282.0992431640625,260.72489808918897
2527,284.0053100585937,256.5531467216887
2528,289.7235412597656,270.67135192975354
2529,284.0053100585937,306.83051569466846
2530,280.1931457519531,340.8345816463572
2531,293.53570556640625,254.31365492744243
2532,280.1931457519531,276.9672605112947
2533,268.7567138671875,176.94189465229783
2534,247.78985595703125,163.85522069634845
2535,259.2263488769531,182.08326711962775
2536,257.3202819824219,154.50768304532727
2537,253.50808715820312,161.0877286460717
2538,259.2263488769531,178.17189051588093
2539,270.66278076171875,187.3418705094046
2540,264.9445495605469,196.1461258052512
2541,257.3202819824219,211.67163383246776
2542,255.4141845703125,203.20388762028924
2543,249.69595336914065,209.25398859823895
2544,257.3202819824219,215.87167985675262
2545,255.4141845703125,241.71522290835816
2546,249.69595336914065,251.61032141232494
2547,255.4141845703125,241.08671359029648
2548,257.3202819824219,237.3523667919016
2549,268.7567138671875,233.4009146287363
2550,274.47491455078125,252.729287780963
2551,266.85064697265625,201.6091460632854
2552,270.66278076171875,207.85830520796353
2553,266.85064697265625,210.88847497186117
2554,272.56884765625,218.29600899093504
2555,268.7567138671875,230.2677624702855
2556,268.7567138671875,224.52254844620006
2557,264.9445495605469,233.7796942013144
2558,264.9445495605469,234.014372365363
2559,264.9445495605469,235.47428222113712
2560,259.2263488769531,232.942614241782
2561,257.3202819824219,241.56780739015483
2562,259.2263488769531,240.2258112402597
2563,264.9445495605469,240.79816332625546
2564,264.9445495605469,239.00683359420879
2565,263.0384521484375,247.64069064488734
2566,263.0384521484375,247.24362110682478
2567,257.3202819824219,247.18496938360659
2568,259.2263488769531,247.15932066922286
2569,263.0384521484375,246.88974635573317
2570,266.85064697265625,246.24204281914433
2571,266.85064697265625,247.0936442807419
2572,264.9445495605469,247.70976132311483
2573,264.9445495605469,248.27917792755818
2574,268.7567138671875,248.84376145539392
2575,266.85064697265625,248.05186296685736
2576,266.85064697265625,248.5984995217421
2577,264.9445495605469,248.70988300614027
2578,270.66278076171875,249.09619505110862
2579,270.66278076171875,249.6254369846546
2580,266.85064697265625,250.39298300331697
2581,268.7567138671875,250.8334566874294
2582,266.85064697265625,250.92744555048887
2583,266.85064697265625,251.2142763974142
2584,270.66278076171875,251.72431965798455
2585,266.85064697265625,252.51500208208438
2586,264.9445495605469,252.4060462721112
2587,264.9445495605469,252.37915031215135
2588,263.0384521484375,252.2531517822698
2589,264.9445495605469,251.97984464094867
2590,268.7567138671875,251.40298465308484
2591,268.7567138671875,247.423732276917
2592,266.85064697265625,249.30500177834915
2593,266.85064697265625,249.58524004151485
2594,266.85064697265625,249.69604890205835
2595,270.66278076171875,249.60741428607932
2596,272.56884765625,249.44238587856148
2597,287.8174743652344,249.7538320078217
2598,287.8174743652344,306.9395605936114
2599,303.0660705566406,279.88989543428625
2600,301.15997314453125,313.42855169923666
2601,303.0660705566406,277.9129399249214
2602,304.97216796875,286.787288194923
2603,304.97216796875,289.2697612451962
2604,303.0660705566406,284.29261886469453
2605,327.8450927734375,281.22276441923304
2606,333.5632629394531,339.1528313470718
2607,352.6240539550781,323.5069908484482
2608,343.0936889648437,300.02380659631433
2609,360.24835205078125,295.5370900852497
2610,360.24835205078125,260.8267267815842
2611,360.24835205078125,262.0358957320684
2612,407.9002380371094,299.09309412960135
2613,413.6184997558594,384.57993845023174
2614,449.83392333984375,390.9781478957076
2615,446.0217590332031,385.70841061193937
2616,430.7731628417969,384.29825694575646
2617,442.2095947265625,422.784780955757
2618,434.5853271484375,445.85713142400584
2619,447.9278259277344,445.9085713951249
2620,444.1156921386719,478.64399260014125
2621,476.5189514160156,425.446545557601
2622,505.1100769042969,498.07012753329525
2623,514.6405639648438,450.58082459453806
2624,524.1708984375,451.0392942505348
2625,519.4056396484375,356.6958570915689
2626,524.1708984375,340.22578326284713
2627,609.9443359375,401.8970167497132
2628,714.7784423828125,427.12868784835314
2629,690.9524536132812,495.85990146560346
2630,681.4221191406249,495.39414433188324
2631,609.9443359375,494.70053324919536
2632,609.9443359375,549.735636288039
2633,595.648681640625,478.12877327042986
2634,571.82275390625,526.8779367834446
2635,714.7784423828125,544.0050061282975
2636,724.308837890625,534.0419371948793
2637,671.8917236328125,552.9463314857381
2638,671.8917236328125,532.9018478315196
2639,652.8309936523438,504.8887478269015
2640,652.8309936523438,523.5265166491686
2641,652.8309936523438,547.5910153376525
2642,614.70947265625,536.2535530504988
2643,638.5354614257812,532.9818853619201
2644,619.4746704101562,607.860344796932
2645,624.2398071289062,524.6852434249947
2646,605.1790771484375,471.74592276333453
2647,590.883544921875,364.87329798700284
2648,528.93603515625,488.2425451050342
2649,533.7012939453125,494.8496325489265
2650,465.08251953125,417.47703831750437
2651,455.5521545410156,358.26977410189966
2652,476.5189514160156,299.86981631214536
2653,459.3642883300781,362.8104072574416
2654,428.8670654296875,296.43426055486134
2655,434.5853271484375,363.47438734879916
2656,432.6792297363281,447.6017963537108
2657,442.2095947265625,503.60704263726757
2658,524.1708984375,549.8457146190308
2659,519.4056396484375,528.6297110129335
2660,524.1708984375,517.1948922996648
2661,500.3449401855469,486.6730112720139
2662,500.3449401855469,355.45377867566845
2663,495.5797119140625,395.9189330676646
2664,466.98858642578136,426.87553263198373
2665,472.70684814453136,460.0466167167474
2666,466.98858642578136,460.0633119896738
2667,465.08251953125,471.1208567339528
2668,465.08251953125,507.9312074141727
2669,459.3642883300781,459.95063226076604
2670,455.5521545410156,342.60417366979107
2671,470.8007507324219,316.98732641054676
2672,461.2703857421875,362.78938226058665
2673,459.3642883300781,350.60545003649156
2674,453.64605712890636,325.0891396795815
2675,457.4582214355469,391.6598923276282
2676,455.5521545410156,471.59404388774806
2677,461.2703857421875,462.535406174974
2678,463.1764831542969,452.29398766454824
2679,459.3642883300781,455.49862481230616
2680,457.4582214355469,452.0403335499484
2681,461.2703857421875,449.4952398628558
2682,457.4582214355469,484.02788848971454
2683,457.4582214355469,485.4601184025953
2684,457.4582214355469,484.95965220627033
2685,457.4582214355469,486.06054242295124
2686,457.4582214355469,483.67930116897617
2687,457.4582214355469,481.1435083703227
2688,457.4582214355469,472.188641489484
2689,457.4582214355469,463.076942386342
2690,457.4582214355469,455.3247409611977
2691,468.8946838378906,450.2675343236044
2692,486.0493469238281,427.8139958390627
2693,476.5189514160156,440.43761776433666
2694,461.2703857421875,434.7170902937619
2695,461.2703857421875,413.25133466993884
2696,461.2703857421875,399.10566333250785
2697,476.5189514160156,389.4360712831565
2698,468.8946838378906,383.7658434448882
2699,465.08251953125,382.08093939607465
2700,468.8946838378906,382.19475946379475
2701,463.1764831542969,381.8779590874541
2702,466.98858642578136,436.93688451680214
2703,466.98858642578136,489.96873298241826
2704,465.08251953125,483.68585811714786
2705,453.64605712890636,481.06389846697687
2706,444.1156921386719,445.2951225673952
2707,434.5853271484375,476.53554177146293
2708,432.6792297363281,475.09771707128345
2709,440.30352783203136,472.6408570998061
2710,461.2703857421875,470.2072849850148
2711,457.4582214355469,478.0444951050704
2712,463.1764831542969,482.1847446128761
2713,459.3642883300781,462.0466819048588
2714,449.83392333984375,457.94937328046035
2715,449.83392333984375,449.00220368660587
2716,446.0217590332031,444.75830807142256
2717,442.2095947265625,438.7362678917119
2718,444.1156921386719,432.28173639957606
2719,440.30352783203136,432.9854858070187
2720,438.3974609375,427.98338960609715
2721,440.30352783203136,477.06052525225607
2722,438.3974609375,473.2315169690803
2723,438.3974609375,465.44100728695423
2724,438.3974609375,462.4515021832874
2725,438.3974609375,458.67717670972866
2726,436.4913635253906,456.9017404498808
2727,432.6792297363281,450.14092107983186
2728,432.6792297363281,457.8727033131154
2729,434.5853271484375,455.87468717130764
2730,428.8670654296875,455.26733202910714
2731,409.8063049316406,454.2608404847464
2732,400.2759399414063,424.6359784754586
2733,383.1212463378906,444.8529740106519
2734,383.1212463378906,461.11422329433924
2735,377.40301513671886,461.0420968644502
2736,383.1212463378906,434.43681639500835
2737,405.9941711425781,406.199301275654
2738,394.5577087402344,391.0821147233762
2739,394.5577087402344,375.1850433301292
2740,392.6516418457031,352.63648255047923
2741,383.1212463378906,333.3566851589949
2742,386.9334106445313,321.0998425220772
2743,377.40301513671886,313.62636484761316
2744,377.40301513671886,367.0550155843827
2745,377.40301513671886,369.62339712816134
2746,377.40301513671886,366.5494356811955
2747,434.5853271484375,361.7096239475244
2748,434.5853271484375,438.7636716587991
2749,421.2427673339844,409.861339011772
2750,419.3367004394531,428.3608239352324
2751,405.9941711425781,400.2125937813361
2752,390.7455749511719,380.2319334650283
2753,398.369873046875,366.6085373037108
2754,398.369873046875,362.25452772194797
2755,400.2759399414063,355.47811778219716
2756,394.5577087402344,349.3422575347663
2757,396.46380615234375,344.79355291856723
2758,398.369873046875,357.2917732100568
2759,396.46380615234375,350.92579615382726
2760,394.5577087402344,415.2751331595848
2761,396.46380615234375,406.2101523121665
2762,400.2759399414063,403.5864999715707
2763,405.9941711425781,403.1713275548601
2764,411.71240234375,399.7866237814949
2765,442.2095947265625,409.44964106488055
2766,425.0549621582031,437.4928887768534
2767,440.30352783203136,422.8342075161603
2768,444.1156921386719,402.98525633269327
2769,444.1156921386719,393.0662508037009
2770,434.5853271484375,382.23271136489745
2771,425.0549621582031,367.5571210177506
2772,446.0217590332031,356.81322290028413
2773,440.30352783203136,357.2670064764734
2774,442.2095947265625,350.41342767114713
2775,421.2427673339844,350.05356168684153
2776,419.3367004394531,416.38705259071764
2777,411.71240234375,412.34526421225166
2778,411.71240234375,406.13378524731854
2779,411.71240234375,460.3393274356746
2780,417.43060302734375,456.4061919646847
2781,432.6792297363281,452.10340854051344
2782,421.2427673339844,447.7086140284106
2783,419.3367004394531,461.63861878793216
2784,432.6792297363281,439.4845261484288
2785,428.8670654296875,426.394078021798
2786,428.8670654296875,415.4138268676521
2787,428.8670654296875,412.5980630727422
2788,430.7731628417969,405.06678447472086
2789,430.7731628417969,403.6253605801646
2790,428.8670654296875,403.8281805286396
2791,426.96099853515625,399.40516263092803
2792,432.6792297363281,444.2606749043348
2793,432.6792297363281,442.6361909947884
2794,447.9278259277344,443.10221539541783
2795,438.3974609375,454.07296966539116
2796,428.8670654296875,447.6063755267546
2797,430.7731628417969,437.9593586223315
2798,428.8670654296875,427.84234394922913
2799,428.8670654296875,419.53966178015634
2800,411.71240234375,412.6175022859361
2801,409.8063049316406,406.99450941941586
2802,409.8063049316406,405.56942444190713
2803,409.8063049316406,400.3576306240478
2804,411.71240234375,396.42342608542117
2805,411.71240234375,440.5466448454856
2806,409.8063049316406,428.196953684321
2807,409.8063049316406,421.2515063334147
2808,419.3367004394531,419.90089973459567
2809,415.5245666503906,418.6651822711335
2810,417.43060302734375,419.8278467794215
2811,413.6184997558594,414.3966802825123
2812,409.8063049316406,411.08196480376273
2813,411.71240234375,410.07119698885526
2814,407.9002380371094,410.235281053294
2815,407.9002380371094,410.72614345868266
2816,407.9002380371094,408.68723547977135
2817,407.9002380371094,407.36572533846436
2818,407.9002380371094,405.9303238582615
2819,405.9941711425781,402.67640269245203
2820,405.9941711425781,401.13785400310195
2821,417.43060302734375,399.94757191419933
2822,423.14886474609375,399.63335511798067
2823,419.3367004394531,403.80170328683744
2824,415.5245666503906,406.6632766299798
2825,413.6184997558594,408.64278008387873
2826,415.5245666503906,412.2124147405983
2827,423.14886474609375,415.3573800964346
2828,419.3367004394531,419.8212541956619
2829,417.43060302734375,424.7613088380672
2830,413.6184997558594,427.22290834273394
2831,415.5245666503906,430.0908426383146
2832,413.6184997558594,429.63003885131104
2833,419.3367004394531,422.43002867831365
2834,444.1156921386719,422.7289221717397
2835,444.1156921386719,462.5384173821508
2836,432.6792297363281,441.7624598331113
2837,436.4913635253906,427.1540425691368
2838,446.0217590332031,413.80436335840125
2839,505.1100769042969,408.63128760678427
2840,509.87530517578136,441.71312236167785
2841,481.2841491699219,413.55592985742726
2842,481.2841491699219,350.6540926139612
2843,476.5189514160156,398.70239320215245
2844,472.70684814453136,410.9621579572771
2845,470.8007507324219,396.92374973939457
2846,455.5521545410156,397.16635682174865
2847,461.2703857421875,383.1192891560089
2848,455.5521545410156,377.61025889956034
2849,451.7400207519531,378.6139174146839
2850,451.7400207519531,341.03945064113594
2851,461.2703857421875,430.4443654879758
2852,465.08251953125,489.13657073401464
2853,490.81451416015625,484.90765988353905
2854,490.81451416015625,471.1590580841706
2855,495.5797119140625,483.3876595176856
2856,486.0493469238281,485.357666087412
2857,486.0493469238281,487.6802511637204
2858,476.5189514160156,489.845861475374
2859,500.3449401855469,492.8357229349198
2860,500.3449401855469,497.7000163174713
2861,495.5797119140625,496.59018156823004
2862,486.0493469238281,508.99881399176456
2863,486.0493469238281,513.4233285841675
2864,470.8007507324219,512.6312563721399
2865,476.5189514160156,513.842759453631
2866,476.5189514160156,510.9426640399797
2867,455.5521545410156,509.1618111707727
2868,461.2703857421875,508.103220396917
2869,459.3642883300781,507.23321315417434
2870,457.4582214355469,501.4408977917956
2871,449.83392333984375,489.1289090826183
2872,457.4582214355469,479.9732000284324
2873,453.64605712890636,475.66560579989607
2874,449.83392333984375,473.2645333412602
2875,455.5521545410156,466.0869201352516
2876,451.7400207519531,463.25934314295625
2877,457.4582214355469,460.5818632468529
2878,447.9278259277344,454.9445983273828
2879,440.30352783203136,454.67538927866894
2880,440.30352783203136,455.4152375366439
2881,440.30352783203136,454.2197882874973
2882,438.3974609375,452.54140555126753
2883,438.3974609375,447.93172844418893
2884,438.3974609375,445.2345420679824
2885,438.3974609375,443.13304017894257
2886,438.3974609375,440.52344607776934
2887,426.96099853515625,439.3158807287401
2888,436.4913635253906,439.3433379492093
2889,432.6792297363281,437.1697809014562
2890,438.3974609375,437.19358547416664
2891,446.0217590332031,436.926247293817
2892,440.30352783203136,438.3044358376627
2893,440.30352783203136,441.09366893738866
2894,442.2095947265625,442.82848062704204
2895,442.2095947265625,444.4708536017091
2896,442.2095947265625,443.84869187274035
2897,436.4913635253906,441.7830037495298
2898,436.4913635253906,435.7035724555225
2899,436.4913635253906,434.3245821109492
2900,440.30352783203136,433.2515767417922
2901,434.5853271484375,432.25139269648787
2902,434.5853271484375,427.629510400557
2903,434.5853271484375,425.268937787558
2904,434.5853271484375,423.55329804418943
2905,417.43060302734375,422.3792657833646
2906,417.43060302734375,422.1444094413765
2907,419.3367004394531,422.8929349650027
2908,405.9941711425781,420.9868230043629
2909,405.9941711425781,420.44612422931027
2910,407.9002380371094,419.399043750343
2911,407.9002380371094,415.8720114389458
2912,419.3367004394531,412.63708404148156
2913,419.3367004394531,410.33666430084065
2914,411.71240234375,408.48945796698274
2915,409.8063049316406,407.1890084581187
2916,407.9002380371094,401.5220234583484
2917,402.1820373535156,401.1379787276596
2918,398.369873046875,398.86963101611946
2919,390.7455749511719,396.2331320460894
2920,377.40301513671886,394.9619571726769
2921,371.6847839355469,393.53450242857343
2922,367.8726196289063,392.00145943755234
2923,371.6847839355469,388.2823691252228
2924,371.6847839355469,383.8479656571804
2925,371.6847839355469,379.4129385663499
2926,371.6847839355469,375.9148067167314
2927,371.6847839355469,371.89359789027174
2928,369.7787170410156,368.33078744863303
2929,369.7787170410156,365.035315187344
2930,360.24835205078125,362.177198496227
2931,365.9665832519531,358.9113394084744
2932,371.8064575195313,358.3256863392988
2933,371.8064575195313,357.9150040066623
2934,371.8064575195313,357.8896671036726
2935,371.8064575195313,356.78742273465184
2936,371.8064575195313,356.07576222669775
2937,371.8064575195313,356.15369725741283
2938,371.8064575195313,355.5001049399252
2939,371.8064575195313,355.14556647600915
2940,371.8064575195313,355.391469850243
2941,371.8064575195313,354.81966120696256
2942,367.9132080078125,354.32623303924584
2943,362.0733337402344,354.0483645426748
2944,362.0733337402344,353.3067879586872
2945,356.2334289550781,352.324688974237
2946,354.2867736816406,351.37252388361435
2947,346.500244140625,350.1447175206638
2948,334.82049560546875,348.6983046438029
2949,328.9805908203125,346.2103169863038
2950,330.9272155761719,343.00694490191603
2951,323.1407165527344,338.76563286685473
2952,323.1407165527344,334.1966694189403
2953,313.40753173828125,329.10901217149524
2954,307.567626953125,324.0859177004096
2955,321.1940612792969,318.80164109678236
2956,321.1940612792969,313.38488919517465
2957,332.87384033203125,308.9557954297278
2958,348.4468994140625,305.80870084751507
2959,350.3935241699219,304.58760288398474
2960,348.4468994140625,305.841396499404
2961,344.5536499023437,307.97740254641826
2962,348.4468994140625,310.17295566079633
2963,342.60699462890625,312.8514689889485
2964,340.6603698730469,315.6789212566863
2965,340.6603698730469,319.6698309245426
2966,336.76708984375,322.5131944822732
2967,332.87384033203125,324.6923017728402
2968,340.6603698730469,325.9134442808554
2969,344.5536499023437,325.45640004837423
2970,325.0873107910156,324.23996143796046
2971,328.9805908203125,322.4959290399406
2972,328.9805908203125,321.89398159820234
2973,325.0873107910156,320.0409933902093
2974,321.1940612792969,318.30742003723515
2975,325.0873107910156,316.5802610900811
2976,317.3008117675781,314.678113588594
2977,309.5142822265625,312.864565067498
2978,340.6603698730469,311.20996908618474
2979,327.0339660644531,293.584019328668
2980,309.5142822265625,303.42006520905284
2981,309.5142822265625,299.11296096984995
2982,303.67437744140625,295.9284579292499
2983,299.7811279296875,291.55414497128675
2984,299.7811279296875,287.02843421817363
2985,288.1013488769531,282.99065484334517
2986,290.0479736328125,279.001633861647
2987,290.0479736328125,275.60607014287234
2988,278.3681945800781,272.5771966234842
2989,270.5816650390625,288.41080103469943
2990,268.635009765625,281.81667603590216
2991,270.5816650390625,276.88438995165683
2992,274.47491455078125,272.55153900020355
2993,270.5816650390625,268.96718684568543
2994,288.1013488769531,265.96664361866976
2995,270.5816650390625,262.5601665011038
2996,264.74176025390625,260.2759164084679
2997,253.06198120117188,259.06982102743916
2998,251.1153564453125,256.05374068410345
2999,258.9018859863281,253.70097226485234
3000,258.9018859863281,251.5030672016735
3001,258.9018859863281,250.6940591765013
3002,255.0086212158203,250.3712363858072
3003,253.06198120117188,249.50631612323582
3004,253.06198120117188,247.31213943343997
3005,249.16873168945312,245.6639311312559
3006,253.06198120117188,244.53072834525585
3007,249.16873168945312,243.22000687818257
3008,255.0086212158203,244.1532851072236
3009,253.06198120117188,243.5477696522479
3010,249.16873168945312,243.43125018874508
3011,249.16873168945312,243.24556650359654
3012,253.06198120117188,242.37194224868307
3013,249.16873168945312,241.30903065979578
3014,251.1153564453125,242.06630472024887
3015,253.06198120117188,242.2019070410667
3016,249.16873168945312,241.94256905019836
3017,253.06198120117188,242.00844143441276
3018,247.22210693359372,242.38739027603333
3019,247.22210693359372,242.97078048537796
3020,249.16873168945312,242.61927550088103
3021,247.22210693359372,242.34477456736556
3022,245.2754669189453,242.22935089819038
3023,237.4889373779297,242.84500913236923
3024,237.4889373779297,242.1229786683392
3025,235.5423126220703,241.33280850581525
3026,235.5423126220703,240.05268019094538
3027,239.43557739257807,239.40628626221152
3028,239.43557739257807,238.3862353766587
3029,235.5423126220703,237.69878479622724
3030,235.5423126220703,237.4260522787608
3031,235.5423126220703,236.8377755394268
3032,233.5956878662109,236.27272874894845
3033,233.5956878662109,235.1658651168475
3034,233.5956878662109,235.7368719594004
3035,233.5956878662109,235.83986326285054
3036,233.5956878662109,236.6770278569042
3037,239.43557739257807,235.64339535791686
3038,241.3822021484375,234.86837922914307
3039,245.2754669189453,234.3773252824695
3040,247.22210693359372,233.43279957100074
3041,255.0086212158203,233.2900211336716
3042,253.06198120117188,233.28725937561012
3043,249.16873168945312,234.50244628599924
3044,251.1153564453125,235.26372489564147
3045,249.16873168945312,236.2990189039142
3046,253.06198120117188,237.4427787328266
3047,251.1153564453125,239.49487633370566
3048,251.1153564453125,240.81329508776318
3049,245.2754669189453,241.68038021229884
3050,247.22210693359372,242.77866012216685
3051,247.22210693359372,243.22980666485228
3052,251.1153564453125,243.74270522690227
3053,247.22210693359372,244.22543826380357
3054,247.22210693359372,243.71926591896775
3055,239.43557739257807,243.42984703747192
3056,233.5956878662109,242.6495078427571
3057,233.5956878662109,241.74104089178434
3058,233.5956878662109,240.53865606634463
3059,233.5956878662109,238.76301490186648
3060,235.5423126220703,237.82934468135866
3061,233.5956878662109,236.07622075397842
3062,243.32884216308597,234.72481235443186
3063,241.3822021484375,233.1171395334725
3064,239.43557739257807,231.99658292672487
3065,237.4889373779297,231.50208123692298
3066,231.6490478515625,231.5306654328591
3067,229.70242309570312,231.92392641746596
3068,231.6490478515625,230.00948909260535
3069,231.6490478515625,229.9757421908737
3070,223.86253356933597,230.07161528564282
3071,223.86253356933597,229.43943550202852
3072,223.86253356933597,228.12417049749925
3073,235.5423126220703,258.97406820277916
3074,251.1153564453125,236.04638485801763
3075,251.1153564453125,221.17793025476243
3076,251.1153564453125,222.33216694651446
3077,301.727783203125,222.78777684658309
3078,293.94122314453125,247.98628457624307
3079,293.94122314453125,200.72385338056228
3080,293.94122314453125,175.41449656112096
3081,293.94122314453125,196.93536721526573
3082,299.7811279296875,222.22273896500172
3083,301.727783203125,249.77867001258096
3084,301.727783203125,260.5053739588906
3085,301.727783203125,274.2679805442997
3086,336.76708984375,274.23065226598504
3087,328.9805908203125,219.68373005454131
3088,328.9805908203125,233.21437123502994
3089,330.9272155761719,253.88901235325005
3090,332.87384033203125,277.66550422040825
3091,346.500244140625,283.23817072793105
3092,344.5536499023437,289.59107843230197
3093,336.76708984375,294.405713623129
3094,325.0873107910156,300.40322760947447
3095,330.9272155761719,306.1392832874722
3096,297.8345031738281,312.1140974043319
3097,297.8345031738281,370.3532496037332
3098,295.88787841796875,343.92628961609216
3099,293.94122314453125,324.20351514044614
3100,291.9945983886719,310.12332419576273
3101,286.1546936035156,299.4862348440991
3102,286.1546936035156,288.2668421685214
3103,297.8345031738281,277.131166397794
3104,291.9945983886719,261.5449086021222
3105,290.0479736328125,325.7338052823027
3106,290.0479736328125,291.2933013768301
3107,297.8345031738281,295.98077988116916
3108,330.9272155761719,288.29453102031187
3109,381.53961181640625,358.00671219209676
3110,377.6463623046875,388.96152997702137
3111,369.8598327636719,366.1643931540458
3112,356.2334289550781,394.95317300026204
3113,356.2334289550781,425.50595008261337
3114,330.9272155761719,445.5441440555694
3115,340.6603698730469,399.4413149348423
3116,340.6603698730469,396.3768681898431
3117,342.60699462890625,383.78170128149924
3118,328.9805908203125,382.30032989291846
3119,311.4609069824219,337.5219152139113
3120,350.3935241699219,304.22098395577405
3121,330.9272155761719,383.17422141474106
3122,325.0873107910156,352.1808459237197
3123,315.3541564941406,288.83463289926726
3124,315.3541564941406,290.6808414366643
3125,319.2474365234375,284.9967958991918
3126,313.40753173828125,278.60294290433546
3127,303.67437744140625,282.3717270439774
3128,303.67437744140625,273.0988749035006
3129,307.567626953125,276.219233885899
3130,315.3541564941406,289.07409514099004
3131,311.4609069824219,267.8794461609359
3132,309.5142822265625,271.5403881027262
3133,303.67437744140625,307.8250336814982
3134,305.6210327148437,304.70076369332895
3135,305.6210327148437,305.7655906950654
3136,332.87384033203125,372.1844555586286
3137,323.1407165527344,386.1414899115647
3138,319.2474365234375,360.53794363550026
3139,325.0873107910156,380.46219281617846
3140,303.67437744140625,376.51628198693004
3141,301.727783203125,368.2041385692726
3142,340.6603698730469,320.553834044429
3143,340.6603698730469,359.2345898262232
3144,321.1940612792969,365.88392325955874
3145,325.0873107910156,357.34137794839944
3146,325.0873107910156,309.6558565538238
3147,325.0873107910156,285.60748296886004
3148,327.0339660644531,298.33734349053054
3149,321.1940612792969,339.97658359673346
3150,317.3008117675781,371.71789662418087
3151,315.3541564941406,395.36517384965043
3152,321.1940612792969,398.69275377562826
3153,323.1407165527344,261.32683662203027
3154,319.2474365234375,239.4972906447852
3155,323.1407165527344,228.5301132969464
3156,336.76708984375,234.53974338317445
3157,336.76708984375,225.54035874416434
3158,348.4468994140625,237.57779306644426
3159,348.4468994140625,248.8569020784283
3160,346.500244140625,273.9511979857529
3161,350.3935241699219,279.8126909331229
3162,371.8064575195313,322.2334283906471
3163,399.0592956542969,325.0308398577937
3164,389.3261413574219,373.89303945559504
3165,395.1660461425781,400.17439243111824
3166,430.20538330078125,395.1515741358387
3167,430.20538330078125,427.57375852330335
3168,432.1520080566406,450.08689752859084
3169,441.8851623535156,440.21564368737086
3170,457.45819091796886,462.7344843867206
3171,484.7110290527344,424.2213405925663
3172,482.764404296875,451.1838856483978
3173,467.1913757324219,416.26911661259624
3174,496.39080810546886,371.89555784760563
3175,525.59033203125,359.7091489501522
3176,520.7236938476562,425.45869729307145
3177,515.8571166992188,395.34197508193415
3178,496.39080810546886,405.5493794237191
3179,459.40484619140636,424.5244390853634
3180,471.0846252441406,422.2495166078577
3181,480.8177795410156,419.8480165221672
3182,471.0846252441406,420.513831846301
3183,484.7110290527344,397.3453187441314
3184,486.6576843261719,475.80829069380695
3185,510.9905700683594,414.01520131415157
3186,496.39080810546886,343.7188370411914
3187,559.6563110351562,295.86816251454024
3188,559.6563110351562,367.9947260370379
3189,554.7897338867188,316.75522291772324
3190,554.7897338867188,322.75021568622554
3191,554.7897338867188,326.7293745189752
3192,554.7897338867188,389.42165668785503
3193,554.7897338867188,388.63352220828926
3194,554.7897338867188,470.1960419570355
3195,559.6563110351562,463.0314535584007
3196,564.5228881835938,484.0905358532249
3197,540.1900024414062,490.574074713903
3198,549.9231567382812,538.2648612665894
3199,545.0565795898438,553.6885138747199
3200,496.39080810546886,551.9837429856576
3201,515.8571166992188,508.60710760967936
3202,515.8571166992188,557.0573241758863
3203,520.7236938476562,557.8228478749359
3204,510.9905700683594,549.552540637461
3205,515.8571166992188,540.6029834592179
3206,515.8571166992188,530.6373131278837
3207,554.7897338867188,521.7714283100058
3208,545.0565795898438,489.71974712983194
3209,548.0188598632812,505.51447311465927
3210,552.9559936523438,505.3144861954215
3211,622.0755004882812,537.7833888386098
3212,602.3270263671875,511.35995677416975
3213,627.0125732421875,539.3460806387552
3214,627.0125732421875,539.5806340782461
3215,622.0755004882812,547.9853943888294
3216,646.760986328125,553.52993550861
3217,641.8239135742188,563.1181180574271
3218,636.8867797851562,570.6893619672669
3219,607.26416015625,572.7129644611796
3220,622.0755004882812,576.9647889946683
3221,612.2012939453125,584.072805897528
3222,602.3270263671875,596.8564316124274
3223,651.6981201171875,597.6272650140726
3224,622.0755004882812,576.3510729000294
3225,622.0755004882812,590.8615635684827
3226,622.0755004882812,593.8032457132014
3227,641.8239135742188,592.3161013593824
3228,651.6981201171875,591.5059619042947
3229,636.8867797851562,593.0742128561509
3230,607.26416015625,593.8346763017202
3231,587.5157470703125,547.5337133123256
3232,592.4528198242188,492.4551704918442
3233,617.1383666992188,561.3747181910924
3234,622.0755004882812,537.0529305580437
3235,592.4528198242188,526.3941480422521
3236,597.3899536132811,516.0915432274195
3237,587.5157470703125,511.9572804983793
3238,592.4528198242188,494.1956126043841
3239,592.4528198242188,481.1187416367393
3240,587.5157470703125,472.22130150578505
3241,582.57861328125,566.0071308032446
3242,582.57861328125,585.2221605137391
3243,567.7672729492188,583.5502456367115
3244,567.7672729492188,580.3880504741304
3245,562.8302001953125,576.4261214481255
3246,572.7044067382812,572.4322985709591
3247,597.3899536132811,569.1118101269715
3248,592.4528198242188,567.636781873035
3249,582.57861328125,566.0000036856667
3250,582.57861328125,565.9501138626209
3251,587.5157470703125,564.6148483843884
3252,587.5157470703125,565.2281012163847
3253,587.5157470703125,564.1181951959677
3254,587.5157470703125,562.9152802911582
3255,587.5157470703125,562.9168838926132
3256,582.57861328125,563.0800592495608
3257,572.7044067382812,561.8882270125849
3258,622.0755004882812,559.3526480274589
3259,622.0755004882812,554.1624315580669
3260,622.0755004882812,566.8247180962013
3261,622.0755004882812,570.8512900786384
3262,622.0755004882812,572.1048787894273
3263,612.2012939453125,572.9558209926488
3264,617.1383666992188,575.5185186601591
3265,631.94970703125,578.3015155320043
3266,631.94970703125,580.7402369892457
3267,661.5723266601562,583.1263246831738
3268,686.2578735351562,584.6432603884687
3269,676.3836669921875,586.4590361338078
3270,671.4465332031249,590.5165398065333
3271,661.5723266601562,592.8289331047051
3272,641.8239135742188,596.0641812224603
3273,641.8239135742188,599.0439221750454
3274,631.94970703125,600.8956542285654
3275,627.0125732421875,603.004318870771
3276,646.760986328125,601.9876711838617
3277,636.8867797851562,602.0120102903904
3278,631.94970703125,599.7957618083453
3279,622.0755004882812,593.7184686496114
3280,607.26416015625,590.8465966215689
3281,597.3899536132811,588.025647848621
3282,597.3899536132811,584.7645995652337
3283,622.0755004882812,580.4442834318205
3284,617.1383666992188,577.5132206922931
3285,627.0125732421875,576.0260407028862
3286,622.0755004882812,576.2398898658131
3287,617.1383666992188,574.7034971295304
3288,627.0125732421875,573.284452384169
3289,631.94970703125,572.8415376622861
3290,636.8867797851562,573.7456481626393
3291,631.94970703125,574.6295889202469
3292,641.8239135742188,574.7218138217058
3293,631.94970703125,576.3804009888628
3294,622.0755004882812,576.5131079181646
3295,646.760986328125,577.4575222684213
3296,602.3270263671875,577.9549594397755
3297,582.57861328125,546.6662005607352
3298,562.8302001953125,579.7795015397355
3299,562.8302001953125,575.6470918612656
3300,557.89306640625,565.3003701886254
3301,582.57861328125,557.547812407602
3302,582.57861328125,551.8194985610734
3303,567.7672729492188,545.8349648376168
