,y_actual,y_predict
0,713.79736328125,729.5470721159696
1,709.8096923828125,739.0419865324201
2,717.7850952148438,743.6238896841077
3,717.7850952148438,795.8671392341446
4,701.8342895507812,768.0261329551965
5,693.85888671875,758.8643598846961
6,685.883544921875,758.0421874266945
7,657.9696655273438,767.6114049230088
8,606.1295776367188,761.1681414173504
9,622.080322265625,725.4687158148315
10,614.10498046875,717.5705068960165
11,594.16650390625,719.0233161277985
12,594.16650390625,711.6797165155253
13,602.1419067382812,709.2360279713919
14,677.9080810546875,685.3099472498566
15,661.9573364257812,677.4806108775313
16,638.0311889648438,646.2792754791499
17,626.0680541992188,621.0827330564301
18,638.0311889648438,604.6576602036444
19,657.9696655273438,596.0398284013748
20,653.98193359375,593.3896766405225
21,649.9942626953125,591.1946344609768
22,709.8096923828125,588.8114281605843
23,717.7850952148438,630.3190022352319
24,761.6497192382812,654.4797926681696
25,797.5390014648438,654.8801593846094
26,841.403564453125,700.0624158233932
27,801.5266723632812,740.2580914256126
28,817.4774169921875,773.4565633808818
29,805.5143432617188,777.355145863922
30,781.5881958007812,772.8413431449742
31,785.5758666992188,765.8376280053999
32,733.73583984375,766.0136956774984
33,717.7850952148438,734.4866955679786
34,697.8465576171875,712.2339140280671
35,713.79736328125,707.4355873922871
36,685.883544921875,711.221415530719
37,729.7481079101562,695.5876048488146
38,717.7850952148438,710.3296241496028
39,701.8342895507812,720.1013156082618
40,697.8465576171875,819.912151210287
41,705.822021484375,791.0363580837443
42,693.85888671875,761.0494160597433
43,677.9080810546875,761.8108746398791
44,677.9080810546875,744.4535516454832
45,665.9450073242188,743.7490750600889
46,653.98193359375,732.957061018083
47,634.0435180664062,713.8841527456946
48,653.98193359375,706.8927914261185
49,646.006591796875,696.6097032937862
50,634.0435180664062,687.1627886154536
51,661.9573364257812,678.394613397519
52,653.98193359375,682.6069829085121
53,657.9696655273438,677.2194562701953
54,665.9450073242188,684.0425225294217
55,642.0189208984375,686.7806180463859
56,638.0311889648438,683.3767545800216
57,618.0926513671875,676.702783485898
58,586.191162109375,675.1579640322547
59,606.1295776367188,655.7274512766073
60,602.1419067382812,649.7657808538768
61,602.1419067382812,656.1643904476668
62,602.1419067382812,661.3860284468209
63,566.252685546875,664.6763654548272
64,554.28955078125,656.5784493146047
65,558.2772827148438,647.4407919302256
66,514.41259765625,639.4573673905484
67,494.4741821289063,628.679161316103
68,502.4495239257813,622.9278532845283
69,498.46185302734375,601.7670593525156
70,558.2772827148438,579.7613542125671
71,626.0680541992188,558.8745577132634
72,614.10498046875,518.2097972708643
73,594.16650390625,528.2591150968566
74,610.1172485351562,605.8376559104674
75,598.1542358398438,619.2625521024532
76,598.1542358398438,624.1184140811622
77,558.2772827148438,617.2271959149462
78,582.2034912109375,600.7168044927981
79,578.2157592773438,563.8280534756451
80,574.22802734375,572.3430397264301
81,558.2772827148438,587.1620902423318
82,538.3388061523438,591.5674495851083
83,534.35107421875,581.1510045396086
84,558.2772827148438,577.5113246654672
85,546.3141479492188,566.0536584911238
86,546.3141479492188,555.9074017838335
87,546.3141479492188,506.77541676036105
88,530.3634033203125,526.3393121663008
89,550.3018798828125,534.1473188962857
90,546.3141479492188,525.0706263267411
91,546.3141479492188,529.5412421499454
92,546.3141479492188,552.1941652064531
93,574.22802734375,565.948766838202
94,586.191162109375,570.8550092390908
95,606.1295776367188,564.7048787185761
96,646.006591796875,555.8486181903423
97,638.0311889648438,545.0511736149623
98,649.9942626953125,529.1814371424995
99,665.9450073242188,537.4194275855135
100,665.9450073242188,538.3371233829383
101,661.9573364257812,558.2431102200455
102,653.98193359375,566.9356440276164
103,661.9573364257812,573.7323554708466
104,665.9450073242188,594.2380237546452
105,665.9450073242188,607.3002066440604
106,669.9326782226562,633.3180464625319
107,657.9696655273438,638.4803475200074
108,657.9696655273438,636.6037893937265
109,649.9942626953125,659.3001374143838
110,669.9326782226562,679.3217933255049
111,733.73583984375,675.0455700073965
112,713.79736328125,692.8562267214744
113,817.4774169921875,691.086155949865
114,805.5143432617188,705.5649359361927
115,801.5266723632812,703.8016597655821
116,805.5143432617188,758.6504843759782
117,805.5143432617188,760.6248307086819
118,797.5390014648438,761.2482353503385
119,797.5390014648438,764.2241676393919
120,761.6497192382812,770.521861966072
121,737.7235107421875,779.2728962587591
122,765.6373901367188,781.4552757728068
123,757.6619873046875,785.8504560826473
124,745.6989135742188,786.9744735426036
125,757.6619873046875,791.0923105934859
126,813.48974609375,795.4295566349601
127,793.55126953125,812.3615736387949
128,793.55126953125,814.8010155573038
129,817.4774169921875,826.8262496806246
130,793.55126953125,854.3503032652452
131,777.6005249023438,842.9917893649493
132,749.6866455078125,826.1878660322204
133,745.6989135742188,833.9507748849308
134,737.7235107421875,818.8365967566983
135,745.6989135742188,775.395032161341
136,733.73583984375,763.3685626560203
137,725.7604370117188,764.6202877302076
138,713.79736328125,755.198415274496
139,713.79736328125,769.9285954977861
140,685.883544921875,795.2594085016108
141,693.85888671875,789.2078125641436
142,689.8712158203125,795.3204054878515
143,685.883544921875,786.3177393240773
144,729.7481079101562,774.5171903019727
145,725.7604370117188,751.6348529475308
146,701.8342895507812,746.6287762387818
147,701.8342895507812,741.8899795731178
148,701.8342895507812,731.0857403967387
149,725.7604370117188,729.1477348845295
150,729.7481079101562,731.9825247801042
151,701.8342895507812,731.5957472656622
152,717.7850952148438,729.2925062126328
153,713.79736328125,727.9477414315845
154,709.8096923828125,729.2771668861351
155,705.822021484375,732.3426901073001
156,717.7850952148438,731.4306693459371
157,717.7850952148438,733.0018178784512
158,717.7850952148438,735.9994208267515
159,709.8096923828125,738.1255132484325
160,689.8712158203125,727.658378935253
161,669.9326782226562,724.3969704557423
162,673.92041015625,723.0290937364475
163,697.8465576171875,722.7009968669968
164,681.895751953125,722.7107255002452
165,665.9450073242188,712.8643191677226
166,669.9326782226562,706.3148900214551
167,669.9326782226562,703.1421716746811
168,669.9326782226562,699.4618400116083
169,665.9450073242188,694.6566415634543
170,665.9450073242188,691.3979612191931
171,693.85888671875,689.5030396542275
172,725.7604370117188,687.6873626971249
173,721.7727661132812,677.407929236542
174,709.8096923828125,683.7490935673408
175,705.822021484375,689.0687514070426
176,709.8096923828125,691.825840922254
177,701.8342895507812,692.9308129097132
178,701.8342895507812,693.9893551236794
179,677.9080810546875,689.0191044929251
180,657.9696655273438,689.572735788717
181,634.0435180664062,690.1095350047615
182,642.0189208984375,690.5489449398206
183,638.0311889648438,689.2791009296361
184,602.1419067382812,688.479396981756
185,630.0557861328125,682.5137115675261
186,590.1788330078125,680.4775703977066
187,594.16650390625,660.3844682275961
188,578.2157592773438,649.017937212864
189,586.191162109375,637.5034305979665
190,590.1788330078125,628.6570016514813
191,614.10498046875,620.7028144857996
192,610.1172485351562,613.0103352756412
193,634.0435180664062,607.0443796215989
194,649.9942626953125,599.6742836391421
195,642.0189208984375,603.2913277118494
196,642.0189208984375,603.5016772344428
197,618.0926513671875,604.6897801356396
198,626.0680541992188,601.0468445151862
199,626.0680541992188,601.6264574386616
200,618.0926513671875,614.1059132124769
201,618.0926513671875,616.1963468474758
202,618.0926513671875,623.3149267759077
203,618.0926513671875,623.3286317949681
204,618.0926513671875,626.9990804020425
205,618.0926513671875,629.8017889713095
206,618.0926513671875,631.9527691928618
207,626.0680541992188,630.571869488319
208,622.080322265625,633.7670949509021
209,610.1172485351562,633.2348126002944
210,610.1172485351562,628.542407102436
211,606.1295776367188,626.9726612432339
212,598.1542358398438,624.2294955126456
213,614.10498046875,619.3838125668725
214,622.080322265625,620.2001684346251
215,634.0435180664062,622.703914559937
216,630.0557861328125,629.1631479516553
217,661.9573364257812,636.6541955530314
218,657.9696655273438,643.1384068245586
219,653.98193359375,648.441026687513
220,646.006591796875,660.1692029141284
221,697.8465576171875,668.6092555254872
222,685.883544921875,639.5858342499666
223,657.9696655273438,632.1128927160253
224,661.9573364257812,634.1524697920318
225,653.98193359375,653.4018703990812
226,638.0311889648438,664.0895332677903
227,642.0189208984375,666.7609181567645
228,669.9326782226562,678.3592248506494
229,673.92041015625,685.1192094165101
230,665.9450073242188,683.7102562457216
231,653.98193359375,688.7936987522089
232,646.006591796875,694.1653198472779
233,642.0189208984375,688.5582297956192
234,653.98193359375,685.4888460057048
235,657.9696655273438,686.0163026453756
236,673.92041015625,681.8746587538719
237,685.883544921875,687.7273839264939
238,697.8465576171875,688.538901214747
239,677.9080810546875,697.7260253533688
240,681.895751953125,708.4744921798812
241,665.9450073242188,717.7051635339963
242,689.8712158203125,723.8327097273269
243,677.9080810546875,731.9228146501132
244,649.9942626953125,732.6160698490091
245,649.9942626953125,726.2652026220869
246,622.080322265625,728.5963427186123
247,634.0435180664062,729.4690114158564
248,630.0557861328125,729.118548984784
249,646.006591796875,728.8226749958283
250,646.006591796875,726.8566932287483
251,630.0557861328125,724.1094610324104
252,630.0557861328125,710.1211791742592
253,630.0557861328125,697.6538069806296
254,622.080322265625,677.0569263258448
255,618.0926513671875,668.770575824963
256,618.0926513671875,659.2289742637695
257,618.0926513671875,655.2148835637468
258,614.10498046875,642.3565515728634
259,610.1172485351562,633.9880739061189
260,606.1295776367188,632.8371482819791
261,582.2034912109375,626.3574924815763
262,578.2157592773438,622.6650128955052
263,598.1542358398438,619.3549097755019
264,586.191162109375,617.3245079845565
265,590.1788330078125,613.3442744724662
266,582.2034912109375,611.48577093937
267,578.2157592773438,610.4323890189655
268,582.2034912109375,605.8161654110957
269,594.16650390625,600.9717307158849
270,610.1172485351562,598.7729437846523
271,614.10498046875,599.6719158236424
272,614.10498046875,602.7790817130513
273,610.1172485351562,602.9335945429656
274,606.1295776367188,604.5334399698505
275,598.1542358398438,607.0684824391577
276,622.080322265625,608.6287827734861
277,626.0680541992188,617.4120270781059
278,602.1419067382812,600.6497464136207
279,598.1542358398438,595.6302606627488
280,590.1788330078125,598.2327086624209
281,586.191162109375,599.594601500154
282,574.22802734375,604.4218180587422
283,574.22802734375,606.3253358234567
284,582.2034912109375,609.0202444446774
285,574.22802734375,609.6655127740181
286,550.3018798828125,607.2888179662497
287,538.3388061523438,600.8760915593992
288,510.4249572753906,594.9650846672237
289,510.4249572753906,587.9619486129618
290,506.437255859375,578.6415705096726
291,514.41259765625,570.2265343838102
292,510.4249572753906,585.6135389055642
293,502.4495239257813,576.0573057888104
294,502.4495239257813,567.4088982820454
295,538.3388061523438,561.4312451046923
296,530.3634033203125,559.1822450425922
297,522.3880615234375,544.4833482947349
298,518.4002685546875,548.0732268320088
299,526.375732421875,539.5604218025672
300,518.4002685546875,530.7813533464782
301,514.41259765625,524.8362640665264
302,518.4002685546875,533.0327920011716
303,530.3634033203125,542.5123670911244
304,538.3388061523438,549.8992501133599
305,554.28955078125,547.4861244051594
306,538.3388061523438,552.4524372557894
307,542.3264770507812,546.2879454195267
308,526.375732421875,544.8993889202975
309,526.375732421875,545.7819728449464
310,522.3880615234375,546.4475863715965
311,510.4249572753906,545.2935465553321
312,522.3880615234375,544.5566347581614
313,514.41259765625,544.0732658136089
314,514.41259765625,543.3995450925851
315,506.437255859375,542.139841509649
316,510.4249572753906,540.8898279542741
317,510.4249572753906,539.1563811115342
318,510.4249572753906,536.7086261016514
319,510.4249572753906,535.9316094294554
320,510.4249572753906,530.4599416952451
321,530.3634033203125,542.4902782035965
322,522.3880615234375,547.7664531706174
323,514.41259765625,546.7991683676063
324,530.3634033203125,547.0416120850699
325,514.41259765625,547.526004080341
326,518.4002685546875,548.4907473422587
327,530.3634033203125,550.6594347058083
328,554.28955078125,550.8911460421485
329,550.3018798828125,552.2323204942599
330,566.252685546875,519.1864889930615
331,594.16650390625,487.92644721256397
332,586.191162109375,524.328689355915
333,586.191162109375,519.0531964227065
334,590.1788330078125,538.6770078556374
335,586.191162109375,547.6048111570791
336,602.1419067382812,592.7647535084913
337,594.16650390625,623.9833456491824
338,657.9696655273438,639.9505679168494
339,661.9573364257812,657.9624503427095
340,693.85888671875,672.2081806621973
341,757.6619873046875,679.6724873907024
342,721.7727661132812,740.1467011486293
343,705.822021484375,746.2097758438447
344,689.8712158203125,721.4674164659318
345,689.8712158203125,711.3423542810758
346,709.8096923828125,711.0495430099947
347,701.8342895507812,686.6112935010362
348,705.822021484375,696.6073354782866
349,689.8712158203125,726.5203604792987
350,665.9450073242188,711.2957958219579
351,725.7604370117188,682.2582448648144
352,721.7727661132812,779.4087110673638
353,717.7850952148438,867.5804466323852
354,729.7481079101562,771.0474912698683
355,701.8342895507812,786.4224636856866
356,713.79736328125,726.4160221745644
357,693.85888671875,671.3422550917021
358,681.895751953125,688.3478030616508
359,657.9696655273438,681.0441989416215
360,657.9696655273438,658.2403984241054
361,665.9450073242188,652.5026924630912
362,638.0311889648438,633.4533079229492
363,642.0189208984375,671.7196642926456
364,610.1172485351562,642.0270906357878
365,598.1542358398438,557.1183335149018
366,590.1788330078125,524.3798354575636
367,538.3388061523438,575.900026217959
368,562.2649536132812,569.3628093375022
369,566.252685546875,577.0145338102293
370,554.28955078125,507.2294003424492
371,562.2649536132812,521.3590562282043
372,538.3388061523438,518.5703486549352
373,550.3018798828125,534.2089528763702
374,566.252685546875,483.8019056406203
375,602.1419067382812,396.5469650736488
376,578.2157592773438,482.9647027016209
377,550.3018798828125,553.4251075522059
378,566.252685546875,549.3507919796922
379,558.2772827148438,548.438925641079
380,550.3018798828125,562.8999341425969
381,546.3141479492188,517.1121024554977
382,558.2772827148438,502.2596129799448
383,558.2772827148438,525.0556215828684
384,562.2649536132812,518.9077945350408
385,570.2403564453125,523.7089586888518
386,550.3018798828125,565.0122314652799
387,542.3264770507812,548.7805409354339
388,538.3388061523438,559.7893709526886
389,526.375732421875,562.6799460666924
390,514.41259765625,534.0789160523271
391,502.4495239257813,459.8091158996653
392,498.46185302734375,403.9220476240735
393,522.3880615234375,353.5270131914156
394,542.3264770507812,333.7395586834781
395,534.35107421875,380.40663490325784
396,530.3634033203125,406.54174593177424
397,426.6833801269531,421.02207175417203
398,430.6710510253906,444.27641894223297
399,422.6956176757813,474.10393174223157
400,381.2236328125,487.18558476670637
401,381.2236328125,484.74296431326036
402,341.3466796875,468.74736847385554
403,319.0155944824219,464.21352136024666
404,296.6844787597656,460.9711696132253
405,275.948486328125,405.7813136194977
406,261.5928039550781,330.7882182173584
407,248.8321533203125,275.68393977281323
408,290.30419921875,249.61865356441135
409,326.990966796875,242.64696827689482
410,312.63525390625,243.58136746844215
411,296.6844787597656,252.27287179101313
412,307.8500671386719,282.2530578197027
413,298.2795715332031,289.8788521389961
414,344.5368347167969,277.25983680488935
415,382.8186950683594,290.57150251545465
416,402.7571716308594,302.0425005205461
417,402.7571716308594,316.57272901974113
418,374.8433227539063,310.66760306062713
419,410.7325439453125,316.0652829947548
420,389.1990051269531,338.00940562886876
421,389.1990051269531,351.97373909221113
422,363.6777648925781,370.25820984318665
423,339.7515869140625,382.51560570253514
424,355.7023620605469,379.1464294463844
425,349.3220520019531,376.82582870254504
426,325.3958740234375,385.0135867118479
427,315.825439453125,392.61327715211394
428,328.5860595703125,393.8406967288829
429,326.990966796875,400.4644064350298
430,328.5860595703125,386.8785180919118
431,322.20574951171875,375.56469670917176
432,323.8008117675781,364.91826471470654
433,358.8925476074219,340.3231602974591
434,360.4876098632813,363.4526963032077
435,395.5793151855469,349.0101027146245
436,387.60394287109375,358.39827240515353
437,390.7940979003906,353.6453331893041
438,382.8186950683594,360.2208855174426
439,373.2482604980469,367.5896946436495
440,379.6285095214844,365.06515292134077
441,365.2728271484375,371.59109694104916
442,374.8433227539063,374.91195817930094
443,387.60394287109375,380.7042461481507
444,384.4137878417969,387.7184749032858
445,366.867919921875,395.3438735142824
446,371.6531372070313,397.53741650629706
447,363.6777648925781,404.46233422055496
448,357.29742431640625,407.6064811414426
449,350.9171447753906,399.7164469769545
450,358.8925476074219,397.92164282822375
451,386.00885009765625,387.9242367833487
452,373.2482604980469,393.5205976710247
453,382.8186950683594,385.2893535719003
454,410.7325439453125,389.1413261215723
455,393.9842224121094,394.7710648432277
456,382.8186950683594,391.61414909120134
457,374.8433227539063,393.05958141953136
458,374.8433227539063,391.30838239482534
459,362.0827026367188,392.47494975668155
460,384.4137878417969,392.65342706710794
461,382.8186950683594,401.42485803135446
462,374.8433227539063,401.62869927846447
463,374.8433227539063,403.7984482984202
464,378.033447265625,406.5814711842058
465,374.8433227539063,411.4015585591701
466,378.033447265625,413.0097653345382
467,368.4629821777344,410.4618446513111
468,358.8925476074219,417.71678308511326
469,362.0827026367188,412.38501271096004
470,360.4876098632813,412.84117108011037
471,374.8433227539063,403.83942501855466
472,376.43841552734375,399.7083172625963
473,368.4629821777344,396.3431592150856
474,370.0580749511719,379.4951095815508
475,374.8433227539063,383.73661351803946
476,373.2482604980469,384.85962723012096
477,371.6531372070313,379.8907985755227
478,366.867919921875,377.9492477743453
479,366.867919921875,375.18835559891573
480,366.867919921875,373.07569152220145
481,376.43841552734375,374.25444541274334
482,389.1990051269531,379.1496337184464
483,379.6285095214844,409.022856255652
484,366.867919921875,409.5573648675718
485,376.43841552734375,403.1395875499409
486,376.43841552734375,406.5525040500226
487,384.4137878417969,401.61676690388816
488,371.6531372070313,403.3348100773179
489,368.4629821777344,403.5577836597219
490,368.4629821777344,401.5300520954949
491,366.867919921875,400.60468663482123
492,370.0580749511719,401.1279449059771
493,355.7023620605469,401.7175116625449
494,360.4876098632813,397.29643337067694
495,360.4876098632813,397.09556476150397
496,374.8433227539063,396.9987996057997
497,378.033447265625,396.3370241279147
498,392.38916015625,392.1881223671621
499,450.6094970703125,396.74387981699425
500,430.6710510253906,410.13600299743814
501,418.70794677734375,405.9335229767249
502,410.7325439453125,402.8863567599633
503,410.7325439453125,402.9963250607905
504,410.7325439453125,405.27003919716816
505,458.58489990234375,407.31610846295496
506,442.6341247558594,403.8449938889757
507,446.6217956542969,393.6844434258907
508,458.58489990234375,389.36024932393013
509,446.6217956542969,384.75879560866736
510,438.64642333984375,382.5800514635255
511,442.6341247558594,377.10860249487763
512,458.58489990234375,376.94611759049576
513,442.6341247558594,378.5044812061682
514,438.64642333984375,381.2514624655373
515,450.6094970703125,391.54739020610197
516,430.6710510253906,396.2221882933225
517,435.2469177246094,396.8091491659844
518,405.0999450683594,397.7722838575899
519,393.7948303222656,396.5263303336831
520,386.258056640625,394.67680262292936
521,378.7213439941406,394.2764262550676
522,393.7948303222656,397.03250558812283
523,395.6790161132813,397.4682061600418
524,405.0999450683594,397.0578952619315
525,378.7213439941406,389.5916872033173
526,361.7636413574219,386.0321527364138
527,357.99530029296875,381.6089768688587
528,339.1534423828125,380.8061522945729
529,350.45855712890625,382.8039129767419
530,342.9218139648437,383.4052094280267
531,327.84832763671875,383.77071520865934
532,318.4273986816406,385.5017105902434
533,333.5008850097656,376.328079139401
534,318.4273986816406,377.3748144472752
535,318.4273986816406,370.6208781057885
536,335.38507080078125,367.8696116151075
537,325.9641418457031,366.61932138563884
538,325.9641418457031,359.00270878568784
539,333.5008850097656,353.7119537373566
540,333.5008850097656,340.4342288603799
541,331.61669921875,337.19738646667804
542,357.99530029296875,333.8091003952177
543,359.8794860839844,336.69396830175356
544,357.99530029296875,346.1336958879311
545,363.6478576660156,346.0431655507572
546,357.99530029296875,349.84692603103025
547,352.3427429199219,354.3926749563795
548,348.5743713378906,355.7816432496086
549,363.6478576660156,354.1373112021678
550,352.3427429199219,363.8426523525867
551,359.8794860839844,363.9961292632199
552,348.5743713378906,365.4808074900284
553,354.2269287109375,370.41912478294375
554,346.690185546875,372.98991611887055
555,354.2269287109375,370.1315510167994
556,352.3427429199219,373.7668877510977
557,359.8794860839844,375.1985475004142
558,371.1846008300781,369.058145613148
559,384.3739013671875,375.0593096541851
560,374.9529724121094,376.89569856262835
561,378.7213439941406,377.0469813833556
562,391.91064453125,381.02493072560253
563,397.5632019042969,391.14974197348977
564,393.7948303222656,397.60366708317775
565,403.21575927734375,397.80144402021057
566,401.3315734863281,407.29375576989577
567,439.0152893066406,408.8703670071905
568,444.6678466796875,420.48979262070503
569,446.5520324707031,418.4567736858616
570,485.1778259277344,412.4597468876676
571,480.4673767089844,398.222352179538
572,469.1622619628906,388.6402725550069
573,475.7569274902344,376.33397937530634
574,508.7301635742188,374.84253871890513
575,522.861572265625,376.25795190806775
576,527.572021484375,381.73828018483925
577,532.282470703125,392.41305197106584
578,527.572021484375,404.0161425530594
579,551.1243896484375,412.17559937628835
580,593.5184936523438,415.5093645655851
581,598.22900390625,419.7851616125607
582,593.5184936523438,424.899877943059
583,602.939453125,436.1454102881902
584,631.2022705078125,447.7084072551507
585,626.4917602539062,455.903284394513
586,631.2022705078125,493.1698298651992
587,588.8080444335938,505.38619753016326
588,569.9661865234375,520.4699029024002
589,579.3871459960938,524.7292233636674
590,584.0975952148438,539.7607081092872
591,555.8347778320312,543.3557533744041
592,598.22900390625,543.4578718521076
593,598.22900390625,541.9824847274226
594,645.3336181640625,547.9812809529601
595,687.7278442382812,546.0151383288489
596,683.017333984375,550.112018925703
597,692.438232421875,550.376075393882
598,673.596435546875,551.9665203358622
599,692.438232421875,553.8936390441982
600,673.596435546875,566.1164184704268
601,650.0440673828125,519.7889050092837
602,617.0708618164062,534.2140488271194
603,593.5184936523438,547.3084417284673
604,659.4650268554688,560.2095037811255
605,631.2022705078125,562.8022360161116
606,602.939453125,577.9117299875946
607,574.6766967773438,584.8654893675514
608,560.5452270507812,591.8593471882521
609,607.6499633789062,590.2185668640607
610,569.9661865234375,561.062573657685
611,612.3603515625,557.8752108867882
612,621.7813110351562,551.5529762114243
613,635.9127197265625,548.9012094459783
614,650.0440673828125,547.740529451465
615,631.2022705078125,545.5585745999799
616,645.3336181640625,558.2523241107941
617,664.1754760742188,583.4652482135739
618,650.0440673828125,597.4415365714771
619,640.6231689453125,622.6524917841946
620,640.6231689453125,613.3251646571565
621,654.7545776367188,593.5884959311177
622,640.6231689453125,607.9807090975208
623,640.6231689453125,603.1334690556856
624,654.7545776367188,635.4887284532688
625,640.6231689453125,672.82239715023
626,659.4650268554688,659.411604902742
627,678.306884765625,686.3392778269522
628,659.4650268554688,723.5769341791154
629,668.8859252929688,679.8936979800442
630,654.7545776367188,642.0879718049662
631,659.4650268554688,655.5338823595114
632,645.3336181640625,662.8291090453544
633,626.4917602539062,639.2107542588353
634,612.3603515625,666.2334872542186
635,617.0708618164062,668.5044024782529
636,631.2022705078125,659.1349308090337
637,617.0708618164062,644.8195300921814
638,607.6499633789062,652.0490241607843
639,617.0708618164062,627.6975988430002
640,612.3603515625,644.7627797315649
641,612.3603515625,631.2387570026565
642,593.5184936523438,618.4232258506416
643,588.8080444335938,653.9089432357551
644,579.3871459960938,630.455370392024
645,593.5184936523438,618.4652288386353
646,574.6766967773438,638.0547970267588
647,555.8347778320312,628.338324569779
648,560.5452270507812,615.8924814812088
649,574.6766967773438,597.3256680347445
650,565.2557373046875,561.7780914697026
651,555.8347778320312,563.7697974932164
652,536.992919921875,542.7931205191447
653,541.7034301757812,530.5923720719128
654,541.7034301757812,518.3423627674382
655,555.8347778320312,512.2102031944519
656,546.4138793945312,507.3489299852125
657,546.4138793945312,502.2802991941605
658,569.9661865234375,510.2015299712845
659,541.7034301757812,515.7207727810502
660,532.282470703125,501.3383204193018
661,546.4138793945312,498.4694417016697
662,546.4138793945312,511.20170038575947
663,541.7034301757812,514.7155771929198
664,532.282470703125,528.7416861905342
665,536.992919921875,533.628754433301
666,522.861572265625,541.8286989712894
667,536.992919921875,542.9999118842074
668,569.9661865234375,565.5461223861998
669,565.2557373046875,575.589340513568
670,551.1243896484375,572.0210811612909
671,579.3871459960938,567.6995862403143
672,584.0975952148438,579.915056323044
673,631.2022705078125,562.9186064267816
674,645.3336181640625,610.462089661211
675,664.1754760742188,594.6547464140201
676,654.7545776367188,676.961698963359
677,631.2022705078125,669.6373249834579
678,650.0440673828125,688.067011027943
679,678.306884765625,685.980270670381
680,678.306884765625,685.8180753086554
681,664.1754760742188,700.277423765611
682,715.9906005859375,666.4687245766834
683,697.1487426757812,722.3972215806673
684,687.7278442382812,740.3970461634667
685,654.7545776367188,728.9554528236833
686,635.9127197265625,670.7644308984138
687,678.306884765625,672.3645594336738
688,650.0440673828125,692.3149749828056
689,640.6231689453125,639.9756101394706
690,650.0440673828125,617.0159584615403
691,654.7545776367188,622.6376929373218
692,654.7545776367188,642.2684791311266
693,654.7545776367188,618.8866613918847
694,640.6231689453125,607.02032827829
695,631.2022705078125,625.5839889269423
696,687.7278442382812,604.1591835667192
697,683.017333984375,590.133286900386
698,692.438232421875,633.6505829860446
699,706.5697021484375,664.2354627665184
700,692.438232421875,658.6200596234859
701,697.1487426757812,671.8891175236201
702,678.306884765625,666.3690189544483
703,631.2022705078125,656.4207450811908
704,631.2022705078125,718.3380394376513
705,650.0440673828125,725.5148110056996
706,635.9127197265625,722.191942271698
707,631.2022705078125,713.11487007956
708,635.9127197265625,699.057921571919
709,612.3603515625,687.5106258597764
710,607.6499633789062,672.4354909501631
711,602.939453125,651.2945660786474
712,584.0975952148438,650.4796000156447
713,593.5184936523438,636.2992677307722
714,579.3871459960938,623.4022528410196
715,607.6499633789062,607.0013342800428
716,588.8080444335938,600.8609838670266
717,565.2557373046875,594.6488140067086
718,560.5452270507812,608.062746183446
719,555.8347778320312,593.9530494381254
720,546.4138793945312,583.3856818916483
721,546.4138793945312,574.5851551075937
722,536.992919921875,562.3215437325587
723,536.992919921875,555.3590465986657
724,522.861572265625,540.3434738305748
725,499.3092651367188,563.2615021431052
726,508.7301635742188,572.5077959320929
727,504.0196838378906,539.3385935222256
728,480.4673767089844,537.22607743398
729,480.4673767089844,485.6417336723911
730,480.4673767089844,434.1896449533059
731,480.4673767089844,464.3511828075698
732,459.7413330078125,485.5988170164601
733,452.20458984375,497.16036144442864
734,440.89947509765625,508.19174361746104
735,469.1622619628906,504.7898683440027
736,450.3204040527344,506.00938984053846
737,459.7413330078125,492.3924914789408
738,450.3204040527344,494.27718253672055
739,455.9729614257813,496.1275563554586
740,457.8571472167969,496.6891404228743
741,454.0887756347656,492.40792410251663
742,435.2469177246094,490.28537696980385
743,427.7101745605469,498.1928190822112
744,408.8683166503906,504.09925763470005
745,423.9418029785156,498.08333335247767
746,485.1778259277344,491.8757865232371
747,452.20458984375,452.53509017053784
748,469.1622619628906,437.71844486939557
749,455.9729614257813,436.002705168653
750,437.131103515625,442.5647096400773
751,454.0887756347656,434.08657500626276
752,448.4362182617188,439.4181201805722
753,448.4362182617188,438.54815428359535
754,463.50970458984375,438.4033930090565
755,471.0464477539063,434.37889083768766
756,465.3938903808594,427.7791769791739
757,465.3938903808594,426.25858902871454
758,452.20458984375,436.58313926727294
759,448.4362182617188,443.8405479623965
760,454.0887756347656,452.7704232029362
761,463.50970458984375,462.69864544296615
762,471.0464477539063,483.6121361666019
763,480.4673767089844,503.16940104571455
764,480.4673767089844,505.4590528967461
765,461.6255187988281,510.2677901995871
766,450.3204040527344,510.3968297100365
767,455.9729614257813,504.7288649234806
768,457.8571472167969,507.93592302928073
769,459.7413330078125,487.1352751216202
770,463.50970458984375,482.8771932594934
771,475.7569274902344,480.50694238439587
772,513.4406127929688,489.4303253346196
773,499.3092651367188,513.7078979722272
774,518.151123046875,520.5050726837075
775,504.0196838378906,525.3926749718179
776,532.282470703125,512.9673572404321
777,555.8347778320312,513.3770794018081
778,574.6766967773438,515.2166018052196
779,536.992919921875,518.0258154328294
780,565.2557373046875,519.6299010510575
781,598.22900390625,525.6292313219386
782,588.8080444335938,529.5684655939101
783,574.6766967773438,498.4486525389541
784,579.3871459960938,499.55567706213174
785,588.8080444335938,515.8457844314378
786,593.5184936523438,526.9471136759284
787,584.0975952148438,543.1078919921288
788,555.8347778320312,522.5161201566557
789,551.1243896484375,538.5893536421818
790,560.5452270507812,553.5864535888066
791,565.2557373046875,566.7473898268321
792,560.5452270507812,537.6067037755479
793,522.861572265625,513.4864621830417
794,536.992919921875,530.4690462032125
795,527.572021484375,542.7070555731577
796,522.861572265625,565.3340870819192
797,522.861572265625,557.8784537645378
798,532.282470703125,553.1740290293061
799,518.151123046875,563.0625155611975
800,527.572021484375,542.957136782464
801,522.861572265625,538.1536755902471
802,532.282470703125,564.3440056204428
803,532.282470703125,532.2965171978447
804,522.861572265625,571.5742975399205
805,513.4406127929688,560.9336049243294
806,527.572021484375,529.3891293069371
807,518.151123046875,531.7950614887011
808,489.8883056640625,530.3258255368903
809,504.0196838378906,527.2167293631068
810,489.8883056640625,519.7151617118884
811,499.3092651367188,509.35619410078635
812,499.3092651367188,513.5684156233107
813,489.8883056640625,526.3957729842612
814,467.278076171875,517.4430111058543
815,459.7413330078125,489.43317893835354
816,450.3204040527344,464.7123052341015
817,448.4362182617188,416.61750382798914
818,448.4362182617188,426.4473804919831
819,459.7413330078125,452.8747373791158
820,457.8571472167969,479.56470302114667
821,469.1622619628906,479.73322649848075
822,471.0464477539063,492.82050951904847
823,480.4673767089844,483.68273631760695
824,471.0464477539063,484.24226784930426
825,471.0464477539063,469.9248821566867
826,465.3938903808594,464.04118396270223
827,459.7413330078125,448.0383262326227
828,455.9729614257813,441.49138061838175
829,450.3204040527344,434.806840513557
830,444.6678466796875,448.1529239988086
831,450.3204040527344,458.43874589638654
832,457.8571472167969,443.09794906488685
833,455.9729614257813,446.8954478836125
834,455.9729614257813,443.9736296089693
835,454.0887756347656,438.74686419140926
836,454.0887756347656,442.5317856742651
837,448.4362182617188,448.2029018762679
838,439.0152893066406,466.93325987280735
839,435.2469177246094,465.0316418296317
840,442.7836608886719,452.9449080418475
841,455.9729614257813,446.264949446879
842,459.7413330078125,455.56391144717327
843,463.50970458984375,458.79549462023925
844,454.0887756347656,463.4106437031406
845,446.5520324707031,457.32670745954556
846,450.3204040527344,458.3046796037113
847,450.3204040527344,452.5336464786826
848,444.6678466796875,454.42099730747367
849,444.6678466796875,448.7911705165937
850,452.20458984375,444.81564870801924
851,471.0464477539063,441.6392036054387
852,489.8883056640625,445.99555051455025
853,489.8883056640625,466.25334615608125
854,471.0464477539063,477.5163817569227
855,454.0887756347656,497.68041222638186
856,480.4673767089844,516.7468090061463
857,480.4673767089844,531.6902213100293
858,513.4406127929688,552.5620388025854
859,522.861572265625,591.8709803687503
860,499.3092651367188,574.1585493922203
861,532.282470703125,581.5512940446736
862,527.572021484375,559.7032674010139
863,546.4138793945312,543.6695532709196
864,546.4138793945312,542.8991124341601
865,527.572021484375,536.0587701297801
866,546.4138793945312,537.4435432716349
867,536.992919921875,537.7131911302195
868,569.9661865234375,507.63144640629514
869,551.1243896484375,522.5280235769665
870,527.572021484375,539.9163469384201
871,541.7034301757812,554.1350661452244
872,536.992919921875,557.9251666464057
873,522.861572265625,537.6281363663884
874,536.992919921875,505.85399551409307
875,527.572021484375,529.5905866528443
876,598.22900390625,515.4871697660228
877,565.2557373046875,577.6303073943244
878,574.6766967773438,615.5991168619404
879,617.0708618164062,619.397285951808
880,617.0708618164062,635.3836437719095
881,650.0440673828125,639.5646397275323
882,607.6499633789062,651.0563689868081
883,612.3603515625,638.7361230682191
884,598.22900390625,634.5617801594078
885,598.22900390625,637.6492700167571
886,560.5452270507812,616.7319364186454
887,522.861572265625,628.1746750604912
888,546.4138793945312,641.3437828357029
889,555.8347778320312,617.5628594991457
890,565.2557373046875,610.8671276658379
891,569.9661865234375,604.397084681621
892,574.6766967773438,591.7513284746433
893,565.2557373046875,601.7072977482745
894,574.6766967773438,601.0773044026191
895,546.4138793945312,589.4741848663599
896,555.8347778320312,603.5970075454286
897,532.282470703125,600.5740277918821
898,527.572021484375,594.5283513931641
899,522.861572265625,580.4056059254705
900,518.151123046875,565.135113368574
901,522.861572265625,573.0628942440096
902,532.282470703125,579.6946049788896
903,522.861572265625,600.0767479312692
904,518.151123046875,595.7571446889798
905,527.572021484375,562.8886484132861
906,499.3092651367188,567.344658418055
907,485.1778259277344,543.5261781818473
908,489.8883056640625,542.9933682201772
909,494.5987854003906,547.1939243907971
910,532.282470703125,548.3080974004424
911,536.992919921875,550.0539044974616
912,536.992919921875,543.4554847337641
913,527.572021484375,547.1623127670205
914,522.861572265625,550.8833862989623
915,508.7301635742188,523.2392046834223
916,494.5987854003906,528.5057346628508
917,504.0196838378906,537.2196495870122
918,518.151123046875,522.566018007742
919,518.151123046875,499.03578713720975
920,532.282470703125,511.82785889979056
921,527.572021484375,522.6159480302344
922,504.0196838378906,499.2494696174902
923,513.4406127929688,508.83215406445873
924,532.282470703125,488.038114163641
925,532.282470703125,504.59055361375135
926,527.572021484375,488.1609735469507
927,527.572021484375,475.18332424458526
928,522.861572265625,475.92016204752156
929,532.282470703125,499.8881170714256
930,541.7034301757812,494.11839734405686
931,551.1243896484375,510.84044766503246
932,555.8347778320312,525.458948068683
933,551.1243896484375,548.3121381290667
934,555.8347778320312,571.6926239720901
935,551.1243896484375,585.550573029261
936,579.3871459960938,593.6109515726768
937,588.8080444335938,616.1104491928011
938,621.7813110351562,635.5572406800085
939,607.6499633789062,633.284999994037
940,584.0975952148438,629.475635254796
941,551.1243896484375,611.6817591462155
942,593.5184936523438,593.9837538282459
943,588.8080444335938,597.2564737741923
944,612.3603515625,592.6504291992584
945,612.3603515625,566.971470105611
946,631.2022705078125,568.1968661009272
947,635.9127197265625,570.8907452371479
948,617.0708618164062,574.5742425665953
949,612.3603515625,583.855075577328
950,607.6499633789062,588.4412639603274
951,607.6499633789062,580.9061930066454
952,626.4917602539062,579.8107437554347
953,612.3603515625,610.5773276383813
954,598.22900390625,635.574433079506
955,560.5452270507812,616.8906315313716
956,546.4138793945312,632.5390094260239
957,569.9661865234375,650.5667587894441
958,546.4138793945312,643.6662623896669
959,536.992919921875,634.0830567659171
960,536.992919921875,600.1191112390129
961,541.7034301757812,551.0448738897505
962,546.4138793945312,544.22513415393
963,527.572021484375,549.5325089507274
964,522.861572265625,586.0191559955033
965,513.4406127929688,617.7317851190579
966,522.861572265625,555.0924228522682
967,546.4138793945312,512.4882220529414
968,555.8347778320312,537.7726631918042
969,555.8347778320312,556.4163791677571
970,551.1243896484375,540.8855620258059
971,536.992919921875,541.2603203028748
972,551.1243896484375,537.6789285825683
973,565.2557373046875,544.0880839633255
974,579.3871459960938,546.0382824385017
975,574.6766967773438,529.4190873204326
976,588.8080444335938,570.4411176634654
977,565.2557373046875,551.5380229418015
978,579.3871459960938,574.9648291755368
979,565.2557373046875,609.2497809939555
980,575.8609008789062,612.8137679834832
981,566.1005859375,605.6834905317405
982,570.9807739257812,587.2175666152609
983,605.1419677734375,597.9766886115218
984,610.0221557617188,618.2606058263535
985,614.90234375,613.9304760999407
986,614.90234375,604.1709840385299
987,605.1419677734375,536.6347283815062
988,605.1419677734375,534.9603225035074
989,625.0,577.5675731521462
990,615.0,601.4623189239989
991,735.0,590.0327962958386
992,770.0,595.1416928189471
993,775.0,678.3587358452744
994,835.0,739.6449044225797
995,935.0,846.6882067311448
996,905.0,934.7112074508136
997,860.0,930.4840905671978
998,890.0,922.1493800084482
999,885.0,920.3703784544651
1000,980.0,869.0546434150391
1001,995.0,892.3470246449195
1002,930.0,929.6119623495786
1003,880.0,914.4838861738483
1004,885.0,886.9288450907325
1005,930.0,840.695085541669
1006,940.0,806.5575945809156
1007,975.0,842.1772093588215
1008,1000.0,839.4425883537318
1009,965.0,889.6633631473221
1010,970.0,894.4750730881003
1011,955.0,905.8710602423905
1012,960.0,856.0536119346147
1013,990.0,864.2834694461299
1014,995.0,872.0686666490869
1015,930.0,912.2986498389262
1016,900.0,856.7158281607653
1017,870.0,868.5014239132471
1018,895.0,856.6139091457806
1019,915.0,866.2880569007042
1020,930.0,933.9537638621772
1021,975.0,908.9241009579325
1022,955.0,866.8984385571126
1023,945.0,907.6325605513762
1024,940.0,1050.7755007561502
1025,990.0,1017.3252167699188
1026,975.0,937.9193400815823
1027,995.0,951.8757079047384
1028,990.0,947.6329428491249
1029,1010.0,932.7767021876039
1030,1005.0,999.7093900920618
1031,975.0,972.7323533621093
1032,965.0,1022.2812090334253
1033,1030.0,1014.2567852536292
1034,1020.0,1007.4288804149037
1035,1085.0,997.5498394078859
1036,1085.0,1005.3433497022165
1037,1080.0,1020.030394504013
1038,1150.0,1023.0988774945527
1039,1145.0,1029.6056344875765
1040,1155.0,1032.7783528343505
1041,1105.0,1095.5112052076886
1042,1110.0,1092.7791064408484
1043,1130.0,1093.4948044127411
1044,1190.0,1078.8568660454373
1045,1190.0,1079.5272666773367
1046,1180.0,1080.150774267493
1047,1165.0,1085.7943595623963
1048,1085.0,1087.8890012173322
1049,1160.0,1082.4269141279017
1050,1160.0,1089.5780257823287
1051,1140.0,1081.3960907975563
1052,1160.0,1079.184036378388
1053,1130.0,1080.3970785537063
1054,1070.0,1060.015643372264
1055,1055.0,1060.1966783094867
1056,1080.0,1061.8061236839953
1057,1090.0,1051.8807558519845
1058,1075.0,1052.0422305742102
1059,1055.0,1051.1697420368412
1060,1000.0,1045.8459147828898
1061,1055.0,1037.8833115773346
1062,1065.0,1041.118828509099
1063,1125.0,1044.5548891188337
1064,1080.0,1046.5519870700339
1065,1095.0,1040.666884594167
1066,1090.0,1037.6351542181217
1067,1065.0,1040.4152269859546
1068,1070.0,1039.806080711546
1069,1075.0,1040.5710395406813
1070,1130.0,1041.8769927372355
1071,1145.0,1041.2379913978311
1072,1150.0,1044.7679925138016
1073,1125.0,1047.6138493731246
1074,1105.0,1047.11089447645
1075,1110.0,1046.384026592309
1076,1070.0,1036.5359216095367
1077,1080.0,1029.3182022756196
1078,1120.0,1020.9866316461196
1079,1110.0,1011.7576074680042
1080,1110.0,1015.397763478958
1081,1085.0,1009.3336850358678
1082,1055.0,1007.472530578897
1083,1030.0,1003.9828852749206
1084,1015.0,1000.0939027395041
1085,1090.0,999.1770433986417
1086,1115.0,989.0932378251546
1087,1075.0,986.9172153809811
1088,1000.0,987.5705265618831
1089,1035.0,987.6280232991244
1090,1015.0,988.5473534039866
1091,1075.0,989.9479162720263
1092,1075.0,992.6338426366233
1093,1085.0,995.5374021301877
1094,1145.0,991.6855325290157
1095,1145.0,995.2195486364853
1096,1195.0,1002.2473279879309
1097,1190.0,1010.7545802326547
1098,1250.0,1024.1177073246497
1099,1300.0,1029.522503573839
1100,1405.0,1042.6896167218633
1101,1360.0,1050.8856556511337
1102,1360.0,1059.128175828147
1103,1380.0,1064.0732555506552
1104,1365.0,1068.1089396985496
1105,1395.0,1066.3997372275562
1106,1370.0000000000002,1070.940280819375
1107,1335.0,1074.4715173173452
1108,1260.0,1079.6762331568143
1109,1220.0,1076.2249361690822
1110,1275.0,1078.2545143720276
1111,1315.0,1088.2793304550235
1112,1290.0,1090.469199472445
1113,1250.0,1098.0590261595562
1114,1220.0,1092.9045491880797
1115,1220.0,1085.0191573575128
1116,1165.0,1072.312481375669
1117,1130.0,1076.4816897280436
1118,1095.0,1078.2149821480334
1119,1060.0,1082.9267805695765
1120,1065.0,1088.6217371659723
1121,1060.0,1084.8878465457824
1122,1060.0,1085.8360537048902
1123,1105.0,1089.6737678873144
1124,1115.0,1093.268163290025
1125,1150.0,1095.776040223899
1126,1160.0,1094.6456142198185
1127,1125.0,1091.6054935410245
1128,1115.0,1095.1343622234951
1129,1075.0,1097.1884936436868
1130,1065.0,1100.540702700184
1131,1025.0,1097.600596489125
1132,1025.0,1096.9427040999738
1133,1020.0,1093.7905239789468
1134,1025.0,1091.9135154529783
1135,955.0,1087.5710962493797
1136,930.0,1082.457644255147
1137,865.0,1080.016992691763
1138,915.0,1067.9412365920748
1139,860.0,1055.0548640035083
1140,875.0,1056.762470772752
1141,910.0,1044.4602279730977
