,y_actual,y_predict
0,276.1847229003906,294.9918554065314
1,276.1847229003906,287.5879032381838
2,276.1847229003906,288.5128185581293
3,276.1847229003906,292.4993142951307
4,276.1847229003906,289.53857883461296
5,276.1847229003906,287.50215483202555
6,276.1847229003906,295.3614189598327
7,276.1847229003906,299.5975109964495
8,276.1847229003906,309.39094515893703
9,257.043212890625,320.2059125638018
10,257.043212890625,318.5722645253518
11,257.043212890625,316.80717585492675
12,257.043212890625,315.84945069882224
13,257.043212890625,314.92554181556875
14,257.043212890625,313.2723689052939
15,257.043212890625,311.3192778608038
16,257.043212890625,308.29795491142795
17,251.5742340087893,307.1274690386351
18,251.5742340087893,307.68141179391023
19,251.5742340087893,307.9036330155034
20,254.30870056152344,306.29655490572213
21,254.30870056152344,297.34953400120435
22,281.6537475585935,289.7493266779172
23,289.857238769531,283.6658194494703
24,273.4502258300781,272.8750065252134
25,273.4502258300781,268.2150033539274
26,295.326232910156,270.0030387809297
27,295.326232910156,281.3194129457477
28,295.326232910156,295.60296376591214
29,303.5297241210935,306.0272324469436
30,303.5297241210935,315.78846063528727
31,295.326232910156,321.81399711027507
32,292.5917663574219,321.7026852121403
33,287.1227111816406,322.527963299578
34,278.9192199707031,322.537021229806
35,284.3882141113281,326.1028264295526
36,284.3882141113281,330.3769617731268
37,254.30870056152344,331.3495821922729
38,254.30870056152344,329.86649708294567
39,254.30870056152344,326.8576539485505
40,254.30870056152344,322.797084471018
41,254.30870056152344,319.3222611482281
42,254.30870056152344,316.43519685356455
43,254.30870056152344,313.4426579935798
44,306.2642822265623,309.9006046997645
45,306.2642822265623,308.57532886374247
46,306.2642822265623,306.35553209587306
47,306.2642822265623,306.0711130867146
48,306.2642822265623,309.63490541307715
49,306.2642822265623,312.7087643577754
50,306.2642822265623,317.2190097492921
51,257.043212890625,323.6227651331328
52,257.043212890625,328.0790655179585
53,257.043212890625,333.9610841206677
54,251.5742340087893,336.4709359431706
55,229.69815063476585,334.15935214899105
56,224.22920227050759,329.6470938840903
57,213.2911376953125,324.20287524240007
58,196.8841552734375,318.46980927010645
59,196.8841552734375,309.7633267349761
60,196.8841552734375,295.513189612986
61,196.8841552734375,283.05913941153426
62,205.08766174316406,276.4470516324502
63,205.08766174316406,272.39554008514597
64,205.08766174316406,267.76895061203413
65,205.08766174316406,263.32513004218913
66,205.08766174316406,261.417328648839
67,205.08766174316406,258.7158512801798
68,207.8221893310547,257.5139645825966
69,185.9461669921875,258.38654519455827
70,175.0081329345703,258.7961649282013
71,158.60113525390625,259.7192686621013
72,142.19410705566406,259.589639616172
73,139.45960998535156,257.4006398110778
74,139.45960998535156,256.06872149288847
75,106.64556884765625,254.05806226961636
76,128.5216064453125,244.01966141629669
77,139.45960998535156,229.96557816190762
78,114.84907531738281,218.0566140728415
79,114.84907531738281,211.19875445357184
80,112.1146011352539,211.11683050684314
81,112.1146011352539,204.34492058107026
82,112.1146011352539,199.35057914070285
83,131.25611877441406,196.79624281641327
84,125.78711700439453,195.84677044118325
85,120.31810760498047,196.2678635531147
86,114.84907531738281,195.7390817151395
87,109.38009643554688,197.34998428435028
88,112.1146011352539,199.59353295815072
89,117.58360290527344,196.4830397178639
90,142.19410705566406,194.66662277614705
91,191.41513061523438,195.32724782077412
92,218.76019287109375,199.4912789902437
93,164.0701446533203,235.77573718480812
94,180.4771728515625,220.26715162314463
95,180.4771728515625,324.940593337634
96,180.4771728515625,369.74675229067793
97,172.2736358642578,429.0608974462016
98,180.4771728515625,334.35460086723856
99,155.86660766601562,348.60836116131986
100,139.45960998535156,300.0288697626395
101,144.92861938476562,376.0718043252043
102,144.92861938476562,364.53079349073255
103,185.9461669921875,267.16991949295743
104,144.92861938476562,216.5350830818802
105,125.78711700439453,227.75504061160473
106,125.78711700439453,285.5299414903877
107,125.78711700439453,268.10489917982295
108,120.31810760498047,402.26452052177297
109,120.31810760498047,448.2862537114113
110,120.31810760498047,454.0585707146927
111,123.0526123046875,369.58592370729684
112,125.78711700439453,312.15039328105536
113,123.0526123046875,146.48668674418968
114,120.31810760498047,162.56189616344773
115,123.0526123046875,98.27836919751826
116,120.31810760498047,119.74505997580582
117,120.31810760498047,157.64424519901058
118,114.84907531738281,174.78768652315466
119,112.1146011352539,132.9835269350001
120,106.64556884765625,149.12012899246974
121,112.1146011352539,167.3070438788768
122,106.64556884765625,175.102499920411
123,101.17658233642578,189.05010217278686
124,101.17658233642578,173.49743468401402
125,101.17658233642578,182.79791615476097
126,106.64556884765625,181.52537760139967
127,103.91109466552734,143.76971025047396
128,106.64556884765625,121.2965827801886
129,101.17658233642578,110.39787984254963
130,139.45960998535156,142.2399264786377
131,155.86660766601562,166.68124154379302
132,131.25611877441406,210.4626466570453
133,131.25611877441406,211.71646548793524
134,128.5216064453125,250.09773388660687
135,133.99058532714844,404.2860492613188
136,125.78711700439453,466.732627977015
137,125.78711700439453,349.38794702294103
138,147.66311645507812,276.760858593015
139,142.19410705566406,222.445684486642
140,142.19410705566406,305.37526275786763
141,136.72511291503906,361.2290772789663
142,139.45960998535156,190.5072212154605
143,125.78711700439453,269.47868526439925
144,117.58360290527344,190.78922477655806
145,112.1146011352539,214.12788780196115
146,112.1146011352539,317.8301181086729
147,112.1146011352539,411.3093670727528
148,109.38009643554688,578.6356063811288
149,109.38009643554688,576.6973099560112
150,106.64556884765625,541.9025793529413
151,106.64556884765625,513.4711453786938
152,106.64556884765625,498.8067589142777
153,106.64556884765625,284.3276522181277
154,112.1146011352539,184.10990702644904
155,106.64556884765625,152.28899556089254
156,112.1146011352539,98.06097887204669
157,109.38009643554688,162.7821045116566
158,109.38009643554688,157.22254822506375
159,106.64556884765625,211.67500029622488
160,106.64556884765625,168.5298644596537
161,106.64556884765625,132.01915929672805
162,106.64556884765625,123.75530761873824
163,106.64556884765625,67.99730587071781
164,114.84907531738281,90.31584466511185
165,109.38009643554688,124.78308076860594
166,109.38009643554688,184.93921086065484
167,109.38009643554688,221.67616299194083
168,106.64556884765625,233.84861220697167
169,106.64556884765625,331.8308602183861
170,106.64556884765625,253.43004577380998
171,109.38009643554688,175.71099154439298
172,106.64556884765625,128.0052884817046
173,106.64556884765625,186.8514405754495
174,103.91109466552734,129.37102307274472
175,101.17658233642578,164.87589540568797
176,101.17658233642578,134.6143569507126
177,101.17658233642578,159.14202428404087
178,101.17658233642578,177.3021679544404
179,98.44207763671875,125.86419506314951
180,101.17658233642578,107.3650835148851
181,103.91109466552734,40.87363573405173
182,98.44207763671875,97.8590876716321
183,95.70756530761719,121.84488948998887
184,98.44207763671875,113.52789795466151
185,92.97308349609375,113.32258486949422
186,95.70756530761719,144.53359569969962
187,92.97308349609375,162.96869787435298
188,101.17658233642578,146.58290209194456
189,101.17658233642578,137.0320191722285
190,101.17658233642578,235.47219587850168
191,98.44207763671875,172.4370529853254
192,98.44207763671875,139.08192942648884
193,92.97308349609375,186.1469348910514
194,92.97308349609375,181.71941859561684
195,90.23858642578125,104.94299297192447
196,92.97308349609375,74.38777629022388
197,92.97308349609375,87.92153177485034
198,90.23858642578125,121.66272444873766
199,90.23858642578125,111.3479560797955
200,90.23858642578125,114.40591332476015
201,92.97308349609375,97.11231164616993
202,103.91109466552734,79.95699436906034
203,98.44207763671875,48.60810171205094
204,95.70756530761719,180.39414275959462
205,95.70756530761719,133.3756346702021
206,98.44207763671875,282.2586196667196
207,101.17658233642578,377.6195026701578
208,103.91109466552734,318.678745527365
209,101.17658233642578,261.2677721564082
210,101.17658233642578,291.6231105110778
211,103.91109466552734,144.97542140748646
212,103.91109466552734,274.99315318719096
213,101.17658233642578,251.3326317076876
214,101.17658233642578,142.30896803570886
215,101.17658233642578,83.06929919539289
216,101.17658233642578,11.07244142199579
217,101.17658233642578,-21.542548593546144
218,101.17658233642578,14.587320925127187
219,101.17658233642578,54.2938651598206
220,101.17658233642578,112.14887839928679
221,101.17658233642578,145.21052501873737
222,103.91109466552734,171.91189431944122
223,103.91109466552734,187.21516679593742
224,101.17658233642578,204.32076610046215
225,101.17658233642578,167.82012530445718
226,101.17658233642578,181.9311728756129
227,98.44207763671875,193.35221645639876
228,101.17658233642578,121.9390919643597
229,98.44207763671875,91.57127379470967
230,101.17658233642578,57.338134865774464
231,101.17658233642578,112.5544723861617
232,98.44207763671875,141.22584086778124
233,98.44207763671875,137.57267696316967
234,95.70756530761719,145.63262456736084
235,90.23858642578125,156.51019233446777
236,90.23858642578125,141.70248928511137
237,92.97308349609375,133.96983489315744
238,95.70756530761719,135.69547124525616
239,92.97308349609375,159.17785343027617
240,92.97308349609375,155.02469177707962
241,92.97308349609375,156.67021576849538
242,87.50406646728516,146.34659075666377
243,87.50406646728516,139.86876163229226
244,87.50406646728516,139.6129254251864
245,87.50406646728516,141.13868345025458
246,84.76957702636719,145.54466200048046
247,82.03507232666016,162.704206311696
248,82.03507232666016,163.08463938127124
249,79.30056762695312,169.72088164096294
250,73.83155822753906,172.9710682940995
251,76.56607055664062,184.0487156755753
252,76.56607055664062,182.1654713375101
253,73.83155822753906,163.74687472460528
254,76.56607055664062,132.9332051004003
255,76.56607055664062,102.8113600582742
256,76.56607055664062,89.86858419918826
257,76.56607055664062,78.86259511018261
258,73.83155822753906,103.70084880666127
259,73.83155822753906,135.18440269305984
260,73.83155822753906,137.64594555434678
261,76.56607055664062,143.0589646585854
262,76.56607055664062,145.4909182811275
263,76.56607055664062,143.13404483580825
264,73.83155822753906,140.21316426829344
265,73.83155822753906,142.65196166034139
266,76.56607055664062,135.57892587632296
267,73.83155822753906,135.92473752369324
268,73.83155822753906,130.42335327789715
269,73.83155822753906,135.6153588845732
270,73.83155822753906,154.80448342887075
271,73.83155822753906,156.63740593233615
272,73.83155822753906,152.60078964807371
273,73.83155822753906,141.98187611080994
274,73.83155822753906,133.89636501464156
275,73.83155822753906,136.3897112753957
276,73.83155822753906,127.13894777723317
277,73.83155822753906,157.86143423714338
278,73.83155822753906,173.17698524128173
279,71.09705352783203,132.91891369937366
280,73.83155822753906,104.5311590775591
281,76.56607055664062,98.8711604091045
282,76.56607055664062,110.77609875140251
283,73.83155822753906,110.49107588022889
284,76.56607055664062,138.09320602027037
285,73.83155822753906,140.93176006637987
286,76.56607055664062,143.8757886778103
287,76.56607055664062,131.49460449285925
288,76.56607055664062,126.019186313717
289,76.56607055664062,126.29857313941557
290,84.76957702636719,145.3308948470999
291,84.76957702636719,160.7154874083094
292,87.50406646728516,162.99828711309783
293,87.50406646728516,152.23424540484802
294,87.50406646728516,151.33529615155612
295,90.23858642578125,140.30937961604877
296,87.50406646728516,123.29315188977307
297,87.50406646728516,109.17646827314184
298,87.50406646728516,118.81974208118345
299,87.50406646728516,123.8974164796482
300,87.50406646728516,131.1463773974283
301,87.50406646728516,142.3727761219816
302,87.50406646728516,140.3089770413717
303,87.50406646728516,144.41564131939776
304,87.50406646728516,150.793028061908
305,87.50406646728516,154.4866507215379
306,87.50406646728516,163.5147904234309
307,87.50406646728516,167.5397320420666
308,87.50406646728516,169.79978627761557
309,87.50406646728516,169.84125146932593
310,87.50406646728516,170.40445344216778
311,87.50406646728516,174.2319321818336
312,92.97308349609375,171.30118853473732
313,92.97308349609375,171.79474508849262
314,92.97308349609375,164.8038345385412
315,98.44207763671875,157.21187999612857
316,98.44207763671875,158.22616689432334
317,109.38009643554688,159.83364757878144
318,106.64556884765625,176.76090630148428
319,101.17658233642578,180.03826674530455
320,103.91109466552734,170.55743181935122
321,103.91109466552734,172.3700243016383
322,103.91109466552734,156.36627188751208
323,103.91109466552734,132.53707161843022
324,101.17658233642578,111.99992576887098
325,101.17658233642578,113.97797644332286
326,101.17658233642578,128.87907681769684
327,101.17658233642578,126.99683891632321
328,103.91109466552734,131.19649794468978
329,103.91109466552734,134.95553898929984
330,103.91109466552734,148.683335468143
331,103.91109466552734,165.8579763297389
332,103.91109466552734,176.63590686433827
333,103.91109466552734,182.44425430119327
334,101.17658233642578,177.8371896999065
335,101.17658233642578,177.6767636912018
336,101.17658233642578,174.77560928285038
337,101.17658233642578,171.35855542618128
338,98.44207763671875,172.64015190977034
339,95.70756530761719,173.9708625039293
340,95.70756530761719,175.077137715773
341,95.70756530761719,177.50647460291611
342,95.70756530761719,179.7037271888844
343,95.70756530761719,171.11217972398026
344,95.70756530761719,160.7046178920359
345,98.44207763671875,156.07299623546442
346,98.44207763671875,159.1790611543065
347,98.44207763671875,168.97108630542516
348,98.44207763671875,171.7627404016871
349,98.44207763671875,174.71904754076013
350,98.44207763671875,177.38872150995212
351,98.44207763671875,175.72608809477288
352,98.44207763671875,173.13672777360216
353,98.44207763671875,172.18604767434135
354,98.44207763671875,175.31968895854425
355,101.17658233642578,176.1622777570842
356,101.17658233642578,174.07855122997307
357,101.17658233642578,174.19972620768976
358,101.17658233642578,174.2401849627081
359,101.17658233642578,175.87262527712755
360,98.44207763671875,176.94125975669021
361,98.44207763671875,178.63670300802914
362,103.91109466552734,179.25465513691552
363,98.44207763671875,180.34845053377785
364,98.44207763671875,183.37077991984597
365,98.44207763671875,181.15319731269892
366,101.17658233642578,182.1572185566356
367,98.44207763671875,182.7840273284114
368,101.17658233642578,171.238990747172
369,98.44207763671875,162.64160594945406
370,101.17658233642578,163.26157095172448
371,101.17658233642578,169.7941502321405
372,101.17658233642578,159.37390729787694
373,101.17658233642578,150.70506549502716
374,101.17658233642578,150.75961436373382
375,101.17658233642578,164.2050047068028
376,101.17658233642578,168.32435008714765
377,101.17658233642578,166.42500276201008
378,101.17658233642578,161.362626201264
379,101.17658233642578,157.8119175518973
380,101.17658233642578,161.95904058494125
381,101.17658233642578,169.17720453994616
382,101.17658233642578,173.666918622946
383,106.64556884765625,175.89778619442768
384,106.64556884765625,176.9988279354725
385,103.91109466552734,177.6137607542828
386,109.38009643554688,179.22848778292337
387,109.38009643554688,183.15540246775845
388,103.91109466552734,180.1286447602456
389,106.64556884765625,175.5582144545474
390,103.91109466552734,180.0092813685751
391,103.91109466552734,177.2987460696877
392,103.91109466552734,163.256941342941
393,106.64556884765625,154.3896302244293
394,106.64556884765625,154.9665197362824
395,98.44207763671875,164.20943302824753
396,101.17658233642578,166.15970604999984
397,92.97308349609375,174.6870428539546
398,92.97308349609375,178.93984173965873
399,92.97308349609375,181.44063563193367
400,92.97308349609375,184.11594564660072
401,92.97308349609375,183.8033464100663
402,92.97308349609375,169.69712973503192
403,92.97308349609375,153.41378920786883
404,92.97308349609375,146.24916768487856
405,92.97308349609375,151.2404898151699
406,92.97308349609375,162.7289646543195
407,92.97308349609375,168.53831852786607
408,92.97308349609375,174.69066602604607
409,92.97308349609375,174.69066602604607
410,92.97308349609375,174.69066602604607
411,92.97308349609375,174.69066602604607
412,92.97308349609375,174.69066602604607
413,92.97308349609375,174.69066602604607
414,92.97308349609375,174.69066602604607
415,92.97308349609375,174.69066602604607
416,92.97308349609375,174.69066602604607
417,92.97308349609375,174.69066602604607
418,92.97308349609375,174.69066602604607
419,92.97308349609375,174.69066602604607
420,92.97308349609375,174.69066602604607
421,92.97308349609375,174.69066602604607
422,92.97308349609375,174.69066602604607
423,92.97308349609375,174.69066602604607
424,92.97308349609375,174.69066602604607
425,92.97308349609375,174.69066602604607
426,92.97308349609375,174.69066602604607
427,92.97308349609375,174.69066602604607
428,92.97308349609375,174.69066602604607
429,92.97308349609375,174.69066602604607
430,92.97308349609375,174.69066602604607
431,92.97308349609375,174.69066602604607
432,92.97308349609375,174.69066602604607
433,92.97308349609375,174.69066602604607
434,92.97308349609375,174.69066602604607
435,92.97308349609375,174.69066602604607
436,92.97308349609375,174.69066602604607
437,92.97308349609375,174.69066602604607
438,92.97308349609375,174.69066602604607
439,92.97308349609375,174.69066602604607
440,92.97308349609375,174.69066602604607
441,92.97308349609375,174.69066602604607
442,92.97308349609375,174.69066602604607
443,92.97308349609375,174.69066602604607
444,92.97308349609375,174.69066602604607
445,92.97308349609375,174.69066602604607
446,92.97308349609375,174.69066602604607
447,92.97308349609375,174.69066602604607
448,92.97308349609375,174.69066602604607
449,92.97308349609375,174.69066602604607
450,92.97308349609375,174.69066602604607
451,92.97308349609375,174.69066602604607
452,92.97308349609375,174.69066602604607
453,92.97308349609375,174.69066602604607
454,92.97308349609375,174.69066602604607
455,92.97308349609375,174.69066602604607
456,92.97308349609375,174.69066602604607
457,92.97308349609375,174.69066602604607
458,92.97308349609375,174.69066602604607
459,92.97308349609375,174.69066602604607
460,92.97308349609375,174.69066602604607
461,92.97308349609375,174.69066602604607
462,92.97308349609375,174.69066602604607
463,92.97308349609375,174.69066602604607
464,92.97308349609375,174.69066602604607
465,92.97308349609375,174.69066602604607
466,92.97308349609375,174.69066602604607
467,92.97308349609375,174.69066602604607
468,92.97308349609375,174.69066602604607
469,92.97308349609375,174.69066602604607
470,92.97308349609375,174.69066602604607
471,92.97308349609375,174.69066602604607
472,92.97308349609375,174.69066602604607
473,92.97308349609375,174.69066602604607
474,92.97308349609375,174.69066602604607
475,92.97308349609375,174.69066602604607
476,92.97308349609375,174.69066602604607
477,92.97308349609375,174.69066602604607
478,92.97308349609375,174.69066602604607
479,92.97308349609375,174.69066602604607
480,92.97308349609375,174.69066602604607
481,92.97308349609375,174.69066602604607
482,92.97308349609375,174.69066602604607
483,92.97308349609375,174.69066602604607
484,92.97308349609375,174.69066602604607
485,92.97308349609375,174.69066602604607
486,92.97308349609375,174.69066602604607
487,92.97308349609375,174.69066602604607
488,92.97308349609375,174.69066602604607
489,92.97308349609375,174.69066602604607
490,92.97308349609375,174.69066602604607
491,92.97308349609375,174.69066602604607
492,92.97308349609375,174.69066602604607
493,92.97308349609375,174.69066602604607
494,92.97308349609375,174.69066602604607
495,92.97308349609375,174.69066602604607
496,92.97308349609375,174.69066602604607
497,92.97308349609375,174.69066602604607
498,92.97308349609375,174.69066602604607
499,73.83155822753906,174.69066602604607
500,73.83155822753906,174.17053954362154
501,65.62805938720703,173.581170216788
502,65.62805938720703,172.47086925817666
503,65.62805938720703,171.2341598510502
504,65.62805938720703,169.47853168553002
505,71.09705352783203,167.03349438599207
506,79.30056762695312,164.6550831954637
507,73.83155822753906,161.94374274722304
508,76.56607055664062,159.68046791425968
509,76.56607055664062,160.25474069071333
510,76.56607055664062,162.1253039264593
511,76.56607055664062,155.53737062798336
512,76.56607055664062,144.28259038871556
513,73.83155822753906,139.0456977055769
514,76.56607055664062,139.2971055912376
515,71.09705352783203,147.91461912279556
516,71.09705352783203,159.8543801746364
517,71.09705352783203,161.82558707958242
518,71.09705352783203,160.6651655737096
519,73.83155822753906,151.80369178801175
520,73.83155822753906,138.73994223854788
521,73.83155822753906,128.99542089929173
522,71.09705352783203,122.71726881461245
523,73.83155822753906,129.8035895629655
524,73.83155822753906,135.31664847438833
525,73.83155822753906,149.68655156272598
526,73.83155822753906,157.0838612489065
527,73.83155822753906,156.50737431173047
528,73.83155822753906,147.5766576816227
529,76.56607055664062,143.0307844312092
530,76.56607055664062,144.29305733031242
531,73.83155822753906,151.98384395587937
532,73.83155822753906,155.18874095787532
533,73.83155822753906,160.8056641359126
534,73.83155822753906,160.7354148548111
535,73.83155822753906,160.4320748358432
536,73.83155822753906,160.49326618671648
537,73.83155822753906,160.4471713862231
538,73.83155822753906,159.314930107726
539,73.83155822753906,158.22113471086323
540,73.83155822753906,159.34250647308681
541,73.83155822753906,158.32016808135586
542,73.83155822753906,158.3910212244723
543,73.83155822753906,158.15913821063623
544,71.09705352783203,158.6013664930997
545,71.09705352783203,163.0123772267857
546,71.09705352783203,158.1740334736778
547,71.09705352783203,149.95386114812072
548,71.09705352783203,146.7364843311434
549,71.09705352783203,146.52875579791544
550,71.09705352783203,152.08267603903323
551,71.09705352783203,153.52691269204934
552,73.83155822753906,157.68691811475128
553,73.83155822753906,157.75515452246873
554,73.83155822753906,157.70684556125252
555,73.83155822753906,158.1923506214721
556,73.83155822753906,158.51098847815865
557,73.83155822753906,158.60821026260555
558,71.09705352783203,158.80567314157543
559,71.09705352783203,159.01380424948047
560,68.36255645751953,159.4582466926663
561,68.36255645751953,159.73401034627386
562,73.83155822753906,160.38014270253598
563,76.56607055664062,161.93649640304056
564,76.56607055664062,161.5063453608809
565,76.56607055664062,160.66778230910904
566,76.56607055664062,162.6393917887317
567,76.56607055664062,154.60681926256257
568,76.56607055664062,143.08191141516272
569,76.56607055664062,134.49519484637995
570,76.56607055664062,132.8712086001733
571,76.56607055664062,138.3631323410641
572,76.56607055664062,145.85504707629207
573,76.56607055664062,156.30226251390104
574,76.56607055664062,159.21146841578866
575,71.09705352783203,162.2070265858497
576,73.83155822753906,162.64522912154507
577,71.09705352783203,167.5363101573139
578,73.83155822753906,166.7810800636389
579,73.83155822753906,168.4586087418602
580,73.83155822753906,180.74297371704097
581,73.83155822753906,175.77178032058964
582,73.83155822753906,155.04059347681323
583,73.83155822753906,132.68119335272422
584,73.83155822753906,107.3954779029832
585,73.83155822753906,90.20855851374517
586,73.83155822753906,75.67742426734958
587,73.83155822753906,68.76119131994392
588,73.83155822753906,87.8424258508594
589,73.83155822753906,119.7869277421928
590,73.83155822753906,139.9444456715305
591,73.83155822753906,137.66224982875747
592,73.83155822753906,97.90800049486324
593,73.83155822753906,72.94816924599127
594,73.83155822753906,86.91972469163647
595,73.83155822753906,119.87066327496723
596,73.83155822753906,139.23873226310207
597,73.83155822753906,158.59412014891768
598,73.83155822753906,157.90692517562184
599,73.83155822753906,157.13881269228932
600,73.83155822753906,156.93390218179866
601,73.83155822753906,157.73321420258299
602,73.83155822753906,157.9663049404494
603,73.83155822753906,157.6396155902271
604,73.83155822753906,158.86887736583276
605,73.83155822753906,159.45180549783754
606,73.83155822753906,160.00957271254265
607,73.83155822753906,161.06914926187756
608,71.09705352783203,159.72092666927756
609,73.83155822753906,159.38296522810515
610,73.83155822753906,157.71449448011208
611,73.83155822753906,156.18551585762953
612,73.83155822753906,156.7420753483043
613,73.83155822753906,157.81453428729628
614,73.83155822753906,163.3583901614943
615,73.83155822753906,191.11993987354845
616,73.83155822753906,150.096171296369
617,76.56607055664062,191.05391762655336
618,87.50406646728516,227.82971821415094
619,87.50406646728516,205.57881196545895
620,84.76957702636719,94.17552937892196
621,84.76957702636719,113.7462947168251
622,87.50406646728516,181.0827467442591
623,84.76957702636719,96.8540599910034
624,87.50406646728516,40.11095800885596
625,87.50406646728516,64.3389084953078
626,84.76957702636719,38.1310957483588
627,87.50406646728516,131.41328440814596
628,92.97308349609375,143.4550981405555
629,106.64556884765625,160.8217671229845
630,106.64556884765625,170.81588476185607
631,112.1146011352539,176.9756798915564
632,117.58360290527344,186.21698288481457
633,123.0526123046875,203.57801582176808
634,125.78711700439453,184.26288540363248
635,123.0526123046875,190.38000761759213
636,123.0526123046875,179.4867394380899
637,123.0526123046875,135.10831607914497
638,125.78711700439453,95.97423303485948
639,131.25611877441406,92.46841146195584
640,128.5216064453125,112.61083284091364
641,128.5216064453125,119.54175976402212
642,131.25611877441406,127.60492796562812
643,128.5216064453125,178.9621846342211
644,131.25611877441406,146.3737645473475
645,131.25611877441406,127.53789928194101
646,133.99058532714844,114.85760211212846
647,136.72511291503906,137.54993149393022
648,136.72511291503906,146.76204782312016
649,136.72511291503906,142.0179065443831
650,131.25611877441406,150.99834114707528
651,133.99058532714844,163.64844521612804
652,133.99058532714844,171.03689825941865
653,131.25611877441406,179.52699690576992
654,131.25611877441406,189.223007996472
655,131.25611877441406,216.44852952636847
656,136.72511291503906,195.42446960522102
657,136.72511291503906,197.70767188468608
658,136.72511291503906,198.7060570831477
659,136.72511291503906,149.30370304509006
660,136.72511291503906,112.66437527292783
661,136.72511291503906,114.43228196609016
662,139.45960998535156,155.61828813802003
663,142.19410705566406,175.920732951005
664,142.19410705566406,201.212688308236
665,150.3976287841797,206.78089995038044
666,169.53915405273438,207.89140219633055
667,169.53915405273438,209.13394893627037
668,169.53915405273438,205.99527546860736
669,169.53915405273438,196.611058465086
670,169.53915405273438,203.02991039930657
671,169.53915405273438,203.9071206200515
672,172.2736358642578,187.12961967711772
673,172.2736358642578,177.51231193572949
674,175.0081329345703,186.2409360780839
675,177.7426300048828,212.19190618123503
676,185.9461669921875,221.8476598042571
677,199.61866760253906,234.1632243168899
678,199.61866760253906,234.40617813433823
679,199.61866760253906,236.93797027672667
680,213.2911376953125,241.87252937758944
681,213.2911376953125,246.42101936340214
682,213.2911376953125,243.14345763224378
683,224.22920227050759,234.7302507491613
684,224.22920227050759,241.21572879239216
685,218.76019287109375,245.31112097946743
686,218.76019287109375,233.25863901812272
687,218.76019287109375,225.24337720305607
688,224.22920227050759,229.21256222895522
689,229.69815063476585,250.21468183021693
690,224.22920227050759,255.61763656753533
691,224.22920227050759,267.3027691363011
692,224.22920227050759,276.14351032614377
693,224.22920227050759,277.6805404421623
694,224.22920227050759,273.13285560570307
695,224.22920227050759,272.4814897786425
696,224.22920227050759,265.5723018880808
697,224.22920227050759,251.30626306635713
698,224.22920227050759,242.2918109034756
699,224.22920227050759,244.25295344150163
700,224.22920227050759,260.65122903889073
701,224.22920227050759,264.8577318367627
702,224.22920227050759,271.73954464930193
703,224.22920227050759,268.5183433728953
704,224.22920227050759,260.4867772834184
705,229.69815063476585,259.6665313794406
706,229.69815063476585,264.2462209027051
707,232.4326629638672,272.779596326812
708,232.4326629638672,271.9792778693359
709,232.4326629638672,274.8291040063955
710,262.5122375488281,273.33957770223924
711,273.4502258300781,276.39008731568333
712,281.6537475585935,276.3798216614248
713,281.6537475585935,277.37538883714865
714,273.4502258300781,285.2046611515341
715,273.4502258300781,285.31154472822436
716,273.4502258300781,276.29407325526677
717,273.4502258300781,271.96418131895575
718,273.4502258300781,277.6354520783607
719,273.4502258300781,292.4461744377934
720,289.857238769531,306.57171469731406
721,284.3882141113281,317.6477517800831
722,273.4502258300781,319.1453295777751
723,273.4502258300781,314.1153602785107
724,273.4502258300781,312.694472956749
725,273.4502258300781,316.22646188364433
726,262.5122375488281,315.93258236958127
727,262.5122375488281,313.78565161821257
728,273.4502258300781,309.514938159391
729,273.4502258300781,302.32294155837826
730,273.4502258300781,297.87650425313404
731,273.4502258300781,296.47916754996504
732,273.4502258300781,302.32455185708545
733,273.4502258300781,304.64982319027604
734,273.4502258300781,308.3452574359517
735,273.4502258300781,303.8007931969071
736,298.0607299804685,298.1993691439268
737,276.1847229003906,300.4549950580313
738,295.326232910156,303.51657547508694
739,300.7952575683594,310.4195234581582
740,287.1227111816406,314.62884427876793
741,287.1227111816406,318.00262135768116
742,300.7952575683594,319.6737088410737
743,300.7952575683594,321.63203335636194
744,300.7952575683594,322.39189305881996
745,300.7952575683594,324.6759004876387
746,300.7952575683594,328.0605470828257
747,306.2642822265623,329.0784571531117
748,306.2642822265623,332.126148743818
749,317.2022705078127,334.0532737216545
750,317.2022705078127,334.2612035422212
751,317.2022705078127,332.97155556509574
752,306.2642822265623,331.27852776181794
753,306.2642822265623,332.2807374197089
754,306.2642822265623,335.1541141753612
755,306.2642822265623,338.8022458965131
756,300.7952575683594,342.1269088648571
757,300.7952575683594,344.6434031695271
758,300.7952575683594,345.5310803318689
759,300.7952575683594,345.09448809488026
760,300.7952575683594,345.07335292434846
761,300.7952575683594,341.8187379497674
762,333.6092834472656,338.37048455564627
763,328.1402893066406,338.4093330119574
764,328.1402893066406,337.83163835075084
765,328.1402893066406,340.5141947096006
766,328.1402893066406,345.6625209638437
767,328.1402893066406,345.92177905570225
768,350.0162658691406,342.88515826860794
769,350.0162658691406,342.33906571953
770,360.9543457031252,345.9113121141054
771,360.9543457031252,358.8257064584766
772,382.83026123046875,362.95994710186324
773,382.83026123046875,358.16850329860245
774,382.83026123046875,355.5211722239726
775,382.83026123046875,359.0746988960768
776,382.83026123046875,372.27149937622244
777,382.83026123046875,379.78475056932075
778,382.83026123046875,388.9870038189292
779,382.83026123046875,391.1546671661529
780,382.83026123046875,395.1721611532678
781,382.83026123046875,395.13673458170956
782,382.83026123046875,385.72212319008986
783,382.83026123046875,381.9932752462398
784,382.83026123046875,383.7899660287933
785,382.83026123046875,395.8756604009741
786,382.83026123046875,399.35430818319355
787,350.0162658691406,405.0451038144231
788,350.0162658691406,405.5016234979132
789,344.5472717285156,399.6345001582456
790,344.5472717285156,393.2788524482826
791,322.6712646484377,391.1649328204114
792,339.078308105469,388.9690892458116
793,339.078308105469,387.05726210569355
794,339.078308105469,382.2501178900375
795,339.078308105469,378.94035018473505
796,339.078308105469,375.87434144623444
797,339.078308105469,369.29526479064793
798,339.078308105469,365.70530511029347
799,339.078308105469,364.0823253007786
800,317.2022705078127,363.60104727466546
801,317.2022705078127,364.68155770719386
802,317.2022705078127,366.2483783492953
803,317.2022705078127,366.2624684629832
804,317.2022705078127,364.9249140993188
805,317.2022705078127,363.3081741972942
806,317.2022705078127,361.0002135752061
807,317.2022705078127,358.1497835761313
808,317.2022705078127,355.66710554431234
809,317.2022705078127,352.859348460978
810,317.2022705078127,350.8513059731051
811,317.2022705078127,350.88411580926413
812,295.326232910156,350.88411580926413
813,295.326232910156,350.22691264939
814,295.326232910156,349.6482115514914
815,295.326232910156,348.52120374379274
816,295.326232910156,347.20518712533726
817,306.2642822265623,345.58663563726714
818,306.2642822265623,343.6186493297355
819,306.2642822265623,341.0862533253319
820,336.3438110351565,339.12692237335136
821,336.3438110351565,338.0760011795678
822,336.3438110351565,337.58727552193386
823,336.3438110351565,339.8475310448216
824,336.3438110351565,343.014787314537
825,336.3438110351565,346.4074854032601
826,336.3438110351565,350.94269042473843
827,336.3438110351565,355.9716532873106
828,336.3438110351565,359.6827879453815
829,336.3438110351565,363.6113129289238
830,336.3438110351565,366.40618762260056
831,336.3438110351565,366.4116223807373
832,336.3438110351565,366.4116223807373
833,336.3438110351565,366.4116223807373
834,328.1402893066406,366.4116223807373
835,328.1402893066406,366.18517412503775
836,333.6092834472656,365.9222928610882
837,333.6092834472656,365.86412082029074
838,333.6092834472656,365.5537357444787
839,333.6092834472656,365.23087085368593
840,317.2022705078127,366.0931858113893
841,317.2022705078127,363.14955977463546
842,317.2022705078127,360.400578594114
843,317.2022705078127,358.53726170255027
844,317.2022705078127,357.7357355210436
845,317.2022705078127,358.5972453293932
846,317.2022705078127,357.54632413560967
847,317.2022705078127,355.975880321417
848,317.2022705078127,354.1415488065827
849,333.6092834472656,352.18684746338545
850,317.2022705078127,351.25106262716645
851,317.2022705078127,352.04272572909144
852,317.2022705078127,351.4348379671251
853,317.2022705078127,352.0507772226274
854,317.2022705078127,355.338403320706
855,317.2022705078127,354.91107030128387
856,317.2022705078127,346.37930517588416
857,317.2022705078127,339.84451173474554
858,317.2022705078127,338.9135577946481
859,317.2022705078127,343.0105602804308
860,330.8747558593752,345.94452452494124
861,330.8747558593752,349.54474985955403
862,330.8747558593752,351.7870908093241
863,330.8747558593752,353.7341432336623
864,330.8747558593752,354.5235921748649
865,330.8747558593752,351.7238865850668
866,330.8747558593752,349.90746964334994
867,317.2022705078127,351.1802094840498
868,317.2022705078127,353.93583314673833
869,317.2022705078127,356.7669395613268
870,317.2022705078127,359.05155085216074
871,317.2022705078127,360.28946798331754
872,317.2022705078127,359.06403066714165
873,317.2022705078127,356.89455573387227
874,317.2022705078127,355.68824071484414
875,317.2022705078127,356.562431625513
876,306.2642822265623,353.9615979260536
877,317.2022705078127,351.091643055154
878,317.2022705078127,346.3179125376723
879,317.2022705078127,343.93990392182104
880,317.2022705078127,345.5644940300431
881,317.2022705078127,343.9978746752802
882,317.2022705078127,342.01499310470695
883,306.2642822265623,338.8457239616073
884,306.2642822265623,339.0987421459756
885,306.2642822265623,341.57095323619774
886,306.2642822265623,344.2555224684313
887,300.7952575683594,347.1144065357189
888,300.7952575683594,347.97913694148315
889,300.7952575683594,347.9219713373777
890,300.7952575683594,345.02303108974866
891,295.326232910156,343.11905415582805
892,295.326232910156,339.84471302208385
893,295.326232910156,337.0512473397762
894,295.326232910156,336.38860942176507
895,295.326232910156,336.35237770085314
896,317.2022705078127,335.97295106797014
897,317.2022705078127,335.9163893258799
898,317.2022705078127,335.5542734040994
899,317.2022705078127,336.0572904627595
900,317.2022705078127,343.58080731011637
901,317.2022705078127,341.977754947103
902,317.2022705078127,335.9524197594535
903,317.2022705078127,335.3326560445216
904,317.2022705078127,327.1257686832987
905,317.2022705078127,322.2252271426253
906,317.2022705078127,320.8357406456537
907,317.2022705078127,330.70304726133395
908,317.2022705078127,339.3775251096588
909,317.2022705078127,343.72311745836487
910,317.2022705078127,352.9018200893804
911,317.2022705078127,349.6677364233162
912,311.733215332031,344.7971866960643
913,317.2022705078127,341.8924091156216
914,317.2022705078127,345.2714196653335
915,317.2022705078127,353.99863479631904
916,317.2022705078127,349.2094051537806
917,317.2022705078127,347.4235838875006
918,317.2022705078127,340.48037843674933
919,317.2022705078127,324.23206190646783
920,317.2022705078127,317.7961005484833
921,339.078308105469,319.2250393637812
922,311.733215332031,337.37069034581623
923,311.733215332031,340.3628266311241
924,311.733215332031,345.45277955723145
925,311.733215332031,345.28088017023833
926,311.733215332031,346.7247142485776
927,311.733215332031,349.3639938296715
928,311.733215332031,350.45195189372043
929,311.733215332031,351.253880649904
930,311.733215332031,350.81648326356185
931,295.326232910156,349.2462407367077
932,295.326232910156,346.0087351858908
933,295.326232910156,345.09086492278925
934,295.326232910156,344.2702164441346
935,295.326232910156,343.4127323825528
936,295.326232910156,342.49425825743606
937,295.326232910156,340.81813859058366
938,295.326232910156,338.70965372084925
939,295.326232910156,336.85418703548316
940,295.326232910156,334.7350339368136
941,295.326232910156,333.22719048486306
942,295.326232910156,333.23262524300003
943,295.326232910156,333.23262524300003
944,295.326232910156,333.23262524300003
945,295.326232910156,333.23262524300003
946,295.326232910156,333.23262524300003
947,295.326232910156,333.23262524300003
948,295.326232910156,333.23262524300003
949,295.326232910156,333.23262524300003
950,295.326232910156,333.23262524300003
951,295.326232910156,333.23262524300003
952,295.326232910156,333.23262524300003
953,295.326232910156,333.23262524300003
954,295.326232910156,333.23262524300003
955,295.326232910156,333.23262524300003
956,295.326232910156,333.2477217933799
957,295.326232910156,333.2457089199959
958,295.326232910156,333.23967029984397
959,295.326232910156,333.28556381299904
960,289.857238769531,333.23041108227744
961,289.857238769531,333.1054116451314
962,289.857238769531,332.956056440039
963,289.857238769531,332.648690674303
964,289.857238769531,332.99591133304216
965,289.857238769531,331.85763143439317
966,289.857238769531,330.46271017928484
967,289.857238769531,329.4578837859947
968,289.857238769531,328.95909376144095
969,289.857238769531,328.8817994234955
970,289.857238769531,328.613483401409
971,289.857238769531,328.93232254543386
972,289.857238769531,329.5744291549281
973,289.857238769531,328.80490766022695
974,289.857238769531,327.9365540823717
975,289.857238769531,327.630396040666
976,289.857238769531,327.74935685766013
977,289.857238769531,328.2539842150277
978,289.857238769531,328.45325868004306
979,289.857238769531,328.8355033356636
980,289.857238769531,328.8355033356636
981,289.857238769531,328.8355033356636
982,289.857238769531,328.8355033356636
983,289.857238769531,328.8355033356636
984,295.326232910156,328.8355033356636
985,295.326232910156,329.02773274383503
986,240.63621520996094,329.19701539542916
987,284.3882141113281,327.7708946028688
988,284.3882141113281,329.4484232810901
989,284.3882141113281,326.942597205355
990,284.3882141113281,326.7706978183619
991,284.3882141113281,329.60985572648633
992,284.3882141113281,324.1054521706146
993,284.3882141113281,315.1052914087593
994,284.3882141113281,313.0755098883392
995,262.5122375488281,311.17898058593937
996,262.5122375488281,317.4299588799347
997,284.3882141113281,324.7845956503745
998,295.326232910156,324.09639424038664
999,295.326232910156,321.05755929257
1000,295.326232910156,317.58454755582557
1001,295.326232910156,315.5543634607286
1002,295.326232910156,317.44203612023875
1003,273.4502258300781,318.7852265293784
1004,273.4502258300781,322.79225357489645
1005,273.4502258300781,323.89792492472475
1006,273.4502258300781,326.2731155178385
1007,273.4502258300781,328.4099819022872
1008,273.4502258300781,327.94219012784674
1009,273.4502258300781,325.76164439096533
1010,273.4502258300781,322.97039286938
1011,273.4502258300781,320.5082461460779
1012,273.4502258300781,317.685593799702
1013,295.326232910156,315.681577058597
1014,295.326232910156,316.61454387207846
1015,295.326232910156,317.06985583153823
1016,295.326232910156,318.29811117045165
1017,295.326232910156,322.55352679155476
1018,295.326232910156,320.8590899769081
1019,295.326232910156,319.2977040929434
1020,295.326232910156,320.75582957230904
1021,317.2022705078127,323.61954453571843
1022,317.2022705078127,329.6130763239007
1023,317.2022705078127,333.178680236309
1024,317.2022705078127,335.82399843755456
1025,317.2022705078127,338.2559520600969
1026,317.2022705078127,338.43811710134855
1027,317.2022705078127,339.1355777289027
1028,317.2022705078127,342.28149754074775
1029,317.2022705078127,345.60535535973827
1030,317.2022705078127,346.8352209973589
1031,317.2022705078127,354.8442429049353
1032,317.2022705078127,351.42175429012923
1033,317.2022705078127,335.58003818341444
1034,317.2022705078127,326.49654446346176
1035,317.2022705078127,327.5029811554591
1036,317.2022705078127,339.9214034980141
1037,317.2022705078127,344.298195384172
1038,317.2022705078127,350.9591959864872
1039,317.2022705078127,351.23113518066475
1040,317.2022705078127,353.8551169240402
1041,317.2022705078127,350.8201064356531
1042,317.2022705078127,347.3670221454104
1043,317.2022705078127,346.1419874039111
1044,317.2022705078127,346.50148659029264
1045,306.2642822265623,348.626074447099
1046,306.2642822265623,349.0801786825282
1047,306.2642822265623,350.2019530194284
1048,306.2642822265623,349.6725673194378
1049,306.2642822265623,349.016571883594
1050,306.2642822265623,348.23396671189676
1051,306.2642822265623,347.1101795016125
1052,306.2642822265623,345.69975912144764
1053,306.2642822265623,344.460432978922
1054,306.2642822265623,343.0465907140042
1055,306.2642822265623,342.0405565966837
1056,306.2642822265623,342.0455887801436
1057,306.2642822265623,342.0455887801436
1058,306.2642822265623,342.0455887801436
1059,306.2642822265623,342.0455887801436
1060,306.2642822265623,342.0455887801436
1061,306.2642822265623,342.0455887801436
1062,306.2642822265623,342.0455887801436
1063,306.2642822265623,342.0455887801436
1064,306.2642822265623,342.0455887801436
1065,306.2642822265623,342.0455887801436
1066,306.2642822265623,342.0455887801436
1067,339.078308105469,342.0455887801436
1068,339.078308105469,343.2025884012637
1069,339.078308105469,344.1395809615133
1070,339.078308105469,345.9308369859302
1071,339.078308105469,349.87888684129734
1072,339.078308105469,349.94933740973715
1073,339.078308105469,350.7399940749701
1074,339.078308105469,354.0678776407285
1075,339.078308105469,358.10590293636005
1076,339.078308105469,363.9265289008574
1077,339.078308105469,367.5607717956598
1078,339.078308105469,368.7916438699724
1079,333.6092834472656,368.7145508193655
1080,339.078308105469,369.0601611793975
1081,339.078308105469,370.98889645594113
1082,339.078308105469,369.9993679003692
1083,339.078308105469,365.8923010476667
1084,339.078308105469,362.98913376593123
1085,339.078308105469,361.938413859486
1086,339.078308105469,363.27435792444317
1087,339.078308105469,364.99737754114267
1088,339.078308105469,366.630220430239
1089,339.078308105469,367.8365354492671
1090,339.078308105469,368.52976904271486
1091,339.078308105469,368.70810962453675
1092,339.078308105469,368.77111256145577
1093,339.078308105469,368.77876148031487
1094,339.078308105469,369.77875697748345
1095,339.078308105469,368.67469592636235
1096,339.078308105469,367.4029625223545
1097,339.078308105469,367.21556401030466
1098,339.078308105469,367.08211050494583
1099,339.078308105469,367.47743883756243
1100,339.078308105469,367.64672148915633
1101,339.078308105469,368.2195852542411
1102,339.078308105469,368.4148339724886
1103,339.078308105469,368.9911196223263
1104,339.078308105469,368.764671366627
1105,339.078308105469,368.9566994874601
1106,339.078308105469,373.1557546538113
1107,339.078308105469,369.09256844087963
1108,339.078308105469,360.5203445604618
1109,339.078308105469,357.35852304888294
1110,339.078308105469,358.6358924983658
1111,339.078308105469,363.345814929575
1112,339.078308105469,365.9224941484265
1113,339.078308105469,366.8848489133143
1114,350.0162658691406,364.5728625444581
1115,350.0162658691406,364.7968953520967
1116,344.5472717285156,365.66726180333603
1117,344.5472717285156,367.95831428899874
1118,344.5472717285156,369.0442594796639
1119,344.5472717285156,370.76707780902484
1120,344.5472717285156,371.218162734378
1121,344.5472717285156,371.781968569235
1122,344.5472717285156,372.2048732672122
1123,344.5472717285156,372.8431554172769
1124,339.078308105469,373.26928071266866
1125,339.078308105469,372.72560361165165
1126,339.078308105469,372.6565620545807
1127,339.078308105469,372.47419572599074
1128,339.078308105469,372.2553963891505
1129,339.078308105469,371.71373216151756
1130,339.078308105469,371.02029728073126
1131,339.078308105469,370.3777880965604
1132,339.078308105469,369.6911969852797
1133,339.078308105469,369.5973970855855
1134,339.078308105469,369.2228013488241
1135,339.078308105469,368.24414230952584
1136,339.078308105469,373.0613508921019
1137,339.078308105469,368.7596391831669
1138,339.078308105469,356.6916580967654
1139,339.078308105469,350.13452176106466
1140,339.078308105469,350.783270852726
1141,254.30870056152344,360.2868512479183
1142,339.078308105469,360.6829847298884
1143,339.078308105469,367.4687834820113
1144,339.078308105469,364.28441778853175
1145,339.078308105469,363.625000467935
1146,339.078308105469,366.07104420416545
1147,339.078308105469,359.9676095292168
1148,339.078308105469,352.23978603338446
1149,382.83026123046875,351.5680901851456
1150,410.1753234863279,352.2778293403421
1151,344.5472717285156,360.06161071624933
1152,344.5472717285156,369.3367299823583
1153,344.5472717285156,378.2839521742144
1154,344.5472717285156,376.51181844694565
1155,426.582275390625,366.41121980606044
1156,426.582275390625,367.41564362467375
1157,426.582275390625,372.01264385904074
1158,481.2724304199221,383.1732216239375
1159,481.2724304199221,394.9672506427771
1160,481.2724304199221,402.13448890116706
1161,481.2724304199221,406.3903070969468
1162,503.14846801757835,420.12575249464953
1163,514.08642578125,432.9620473517216
1164,546.900451660156,449.28343118584235
1165,546.900451660156,467.0428117654885
1166,546.900451660156,477.57154857514934
1167,546.900451660156,489.57350741455593
1168,546.900451660156,500.92772359899277
1169,546.900451660156,508.1126751431616
1170,459.39630126953125,514.5430004556711
1171,459.39630126953125,520.3614122594458
1172,459.39630126953125,526.5493876165222
1173,459.39630126953125,527.3420571551394
1174,459.39630126953125,525.3328069432359
1175,415.64437866210915,519.2889533204536
1176,415.64437866210915,509.14346760310536
1177,415.64437866210915,496.30616630934105
1178,426.582275390625,484.04998156153624
1179,426.582275390625,469.97134125186244
1180,426.582275390625,459.4782323010984
1181,426.582275390625,455.34560195641893
1182,426.582275390625,453.2914646680524
1183,426.582275390625,446.81665485375675
1184,426.582275390625,440.60774561348694
1185,492.21044921875,437.00671512952044
1186,459.39630126953125,440.8410376386919
1187,508.6174011230471,445.2522496597162
1188,508.6174011230471,451.27456553728985
1189,508.6174011230471,457.2801745657762
1190,508.6174011230471,461.11288677624043
1191,508.6174011230471,467.5760219249087
1192,475.8033447265625,476.17864019342505
1193,462.130859375,484.5964766852908
1194,448.4584045410154,495.76752139178416
1195,448.4584045410154,503.00078189716896
1196,437.5203857421875,501.14189332704973
1197,459.39630126953125,499.1368701492527
1198,459.39630126953125,496.6576140021866
1199,448.4584045410154,489.9134817291126
1200,448.4584045410154,482.6071539198888
1201,426.582275390625,475.70702395955504
1202,426.582275390625,468.44357035341045
1203,426.582275390625,463.26766773380655
1204,426.582275390625,460.2640580702098
1205,426.582275390625,458.34116012647974
1206,415.64437866210915,455.17068325934974
1207,481.2724304199221,452.2059220520641
1208,519.555419921875,449.2230449843223
1209,470.33441162109375,448.57389331798413
1210,508.6174011230471,449.2401544080865
1211,574.245422363281,451.5062472637876
1212,574.245422363281,459.08934516331055
1213,585.1835327148438,468.0973561313633
1214,579.7144775390625,488.42093611488053
1215,574.245422363281,499.6632365391674
1216,568.776428222656,502.14732358235506
1217,568.776428222656,510.8366966937217
1218,601.5905151367188,518.7195114401216
1219,552.369445800781,533.8615527585596
1220,574.245422363281,548.9880949519409
1221,574.245422363281,565.2649942842752
1222,590.6524658203125,571.9491429305062
1223,579.7144775390625,573.2997809711667
1224,590.6524658203125,572.5745426909134
1225,612.528564453125,570.5379174009875
1226,596.1214599609375,572.0674998854852
1227,612.528564453125,572.2051804249504
1228,623.4664306640625,572.6659271425467
1229,639.87353515625,574.4968367726283
1230,639.87353515625,574.2389876921384
1231,639.87353515625,580.0313327855906
1232,645.342529296875,586.0082583683552
1233,650.8115844726562,591.4632458826497
1234,656.2805786132812,597.4176272835136
1235,639.87353515625,602.4339090437666
1236,656.2805786132812,607.7507128002501
1237,617.9974975585938,613.8506249467766
1238,639.87353515625,618.0652798818539
1239,650.8115844726562,617.211318348694
1240,650.8115844726562,617.5740381324899
1241,650.8115844726562,620.0192767193666
1242,639.87353515625,624.780728709206
1243,634.404541015625,630.0867635930852
1244,601.5905151367188,628.9667001985613
1245,601.5905151367188,626.4007898523141
1246,601.5905151367188,625.480101566475
1247,607.0594482421875,620.6228368035574
1248,601.5905151367188,618.3624806370005
1249,574.245422363281,614.8271704690217
1250,574.245422363281,607.2058279752027
1251,574.245422363281,600.2647360415049
1252,574.245422363281,591.3047321036602
1253,574.245422363281,581.8042716622131
1254,546.900451660156,576.1546392916862
1255,546.900451660156,571.4451194351539
1256,546.900451660156,568.6629258437965
1257,546.900451660156,565.6083904835846
1258,546.900451660156,562.1414173669923
1259,546.900451660156,558.7195326142014
1260,546.900451660156,555.7767117268013
1261,546.900451660156,552.0371955540161
1262,546.900451660156,548.7244085386376
1263,546.900451660156,544.9814704810994
1264,546.900451660156,542.3158222586756
1265,546.900451660156,542.3184389940745
1266,546.900451660156,542.3184389940745
1267,546.900451660156,542.3184389940745
1268,546.900451660156,542.3184389940745
1269,546.900451660156,542.3184389940745
1270,421.11328125,542.3184389940745
1271,421.11328125,538.2095605553263
1272,492.21044921875,535.6405302553339
1273,492.21044921875,532.4318087939082
1274,492.21044921875,524.3475054217704
1275,492.21044921875,519.3753055886268
1276,492.21044921875,514.2247651736614
1277,492.21044921875,500.4418159640966
1278,492.21044921875,489.82531787489347
1279,492.21044921875,482.3652065391327
1280,492.21044921875,478.65729247847617
1281,382.83026123046875,491.3373883609504
1282,448.4584045410154,494.17252052230674
1283,442.9894714355471,491.71500340778766
1284,442.9894714355471,486.7613220097769
1285,442.9894714355471,483.09849631292195
1286,481.2724304199221,478.51558619224284
1287,481.2724304199221,472.65450147272736
1288,481.2724304199221,464.8904462559831
1289,481.2724304199221,463.10764429977917
1290,464.8653259277346,457.73830454797326
1291,464.8653259277346,457.47421555999335
1292,464.8653259277346,463.0669842574223
1293,508.6174011230471,465.05952762023867
1294,508.6174011230471,469.80185731293
1295,497.6793212890625,475.75070331198776
1296,497.6793212890625,481.9972532845384
1297,508.6174011230471,484.0026790370123
1298,508.6174011230471,486.0910351729067
1299,508.6174011230471,488.2005264793331
1300,508.6174011230471,492.54410595465515
1301,508.6174011230471,497.25100907578826
1302,508.6174011230471,502.67409254694667
1303,508.6174011230471,506.67145780022156
1304,546.900451660156,506.78276969835633
1305,514.08642578125,508.3906529574913
1306,508.6174011230471,510.24732736688793
1307,508.6174011230471,511.86426855625086
1308,508.6174011230471,513.0768234827692
1309,514.08642578125,513.5591079455744
1310,514.08642578125,515.1247208636455
1311,514.08642578125,516.6128381564326
1312,519.555419921875,517.4191952340609
1313,519.555419921875,517.9040964322653
1314,519.555419921875,516.839286412132
1315,541.431396484375,513.2599949607127
1316,541.431396484375,513.4268621642459
1317,541.431396484375,515.453020512575
1318,546.900451660156,518.4105353756784
1319,546.900451660156,522.9403056390199
1320,530.4934692382812,524.3531414672457
1321,530.4934692382812,525.7112271394269
1322,546.900451660156,529.5912418744149
1323,546.900451660156,531.515146254837
1324,535.9623413085938,533.9986294360097
1325,535.9623413085938,535.7850545643048
1326,530.4934692382812,537.5151192378482
1327,530.4934692382812,535.3071984229446
1328,530.4934692382812,532.7564852707465
1329,525.0244750976562,531.5107179333922
1330,525.0244750976562,530.5419219736757
1331,525.0244750976562,532.5302383023854
1332,546.900451660156,532.4428795975202
1333,546.900451660156,531.2959443433199
1334,546.900451660156,529.5874174149853
1335,508.6174011230471,528.9410837713847
1336,508.6174011230471,527.762143830379
1337,508.6174011230471,527.697128020076
1338,508.6174011230471,526.8603765543494
1339,508.6174011230471,526.7436298980776
1340,519.555419921875,526.5045005400591
1341,519.555419921875,525.3724605489006
1342,519.555419921875,523.3762940139932
1343,519.555419921875,520.2694239457974
1344,525.0244750976562,515.7181159372471
1345,535.9623413085938,512.6929685284415
1346,525.0244750976562,513.7634145940499
1347,546.900451660156,515.4363136634877
1348,546.900451660156,517.9197968446604
1349,546.900451660156,520.1345614290697
1350,546.900451660156,522.9137357103511
1351,574.245422363281,525.4155360393181
1352,596.1214599609375,528.7365758355709
1353,585.1835327148438,532.9289885197547
1354,585.1835327148438,539.68680833184
1355,601.5905151367188,548.337131699557
1356,601.5905151367188,550.396099884045
1357,585.1835327148438,551.3618765336857
1358,601.5905151367188,554.3085218805156
1359,612.528564453125,560.9473808756068
1360,612.528564453125,570.3247541096225
1361,628.9354248046875,578.6535209542462
1362,656.2805786132812,585.7114601878852
1363,656.2805786132812,589.4445351658417
1364,639.87353515625,591.8607883759887
1365,650.8115844726562,596.5106265366855
1366,650.8115844726562,600.9143909261891
1367,667.2185668945312,603.0142204403724
1368,683.6255493164062,610.1469379202265
1369,710.9705200195312,618.2441236820218
1370,732.8467407226562,627.46398957374
1371,754.72265625,634.8379499286659
1372,732.8467407226562,641.6661196655218
1373,760.191650390625,644.3254273367863
1374,771.129638671875,653.2751656203725
1375,820.3506469726562,665.3583439008232
1376,820.3506469726562,676.1053768289783
1377,820.3506469726562,690.572602345432
1378,765.6605224609375,704.6184328189468
1379,754.72265625,716.1987953280754
1380,809.4126586914062,726.0329901765888
1381,842.2265625,737.7254697332062
1382,864.1026611328125,745.8356385283282
1383,847.6958618164062,754.0926464368126
1384,864.1026611328125,764.4566295599934
1385,864.1026611328125,772.5350955993176
1386,858.6336669921875,774.4061620534098
1387,891.44775390625,774.1516342140037
1388,907.854736328125,775.8407369141828
1389,896.9168090820312,784.3518700873965
1390,902.3856811523438,801.1361141561665
1391,902.3856811523438,813.7645798363415
1392,902.3856811523438,820.6640052909906
1393,913.3236694335938,821.2795419718161
1394,902.3856811523438,827.5239784273135
1395,929.7306518554688,839.0755568470513
1396,929.7306518554688,845.4035275479844
1397,962.5448608398438,849.0835633122726
1398,1028.1728515625,851.4473811707667
1399,1039.11083984375,857.9594291426661
1400,1050.0489501953125,871.5606158856563
1401,1060.9869384765625,878.6290220608919
1402,1060.9869384765625,886.236777659369
1403,1071.9246826171875,895.5928144355144
1404,1088.3319091796875,911.2650466032967
1405,1088.3319091796875,935.0932404356868
1406,1088.3319091796875,957.5945481333479
1407,1066.455810546875,978.0359818534978
1408,1066.455810546875,994.0032006157044
1409,1028.1728515625,1002.9355275445191
1410,1039.11083984375,1007.6848016503852
1411,1055.517822265625,1015.9925339681463
1412,1055.517822265625,1021.9473179436868
1413,1055.517822265625,1023.7818507458596
1414,1039.11083984375,1016.2749401039207
1415,1039.11083984375,1008.7234443165264
1416,1039.11083984375,997.4277021038945
1417,1055.517822265625,988.6520773680238
1418,1077.39404296875,986.4420430360669
1419,1066.455810546875,986.5237656954571
1420,1039.11083984375,988.9301558260229
1421,1039.11083984375,991.8074576847739
1422,1039.11083984375,998.9219586605029
1423,1050.0489501953125,997.712121113053
1424,1110.207763671875,997.0441490805745
1425,1162.163330078125,996.7944521372899
1426,1134.818359375,997.5164698201288
1427,1244.1986083984375,1005.4940909029146
1428,1367.2510986328125,1017.0524124484887
1429,1476.63134765625,1031.0694588326123
1430,1476.63134765625,1043.8528151196854
1431,1503.9764404296875,1071.6714297921758
1432,1544.993896484375,1111.1736673783937
1433,1476.63134765625,1158.7934207475855
1434,1421.9410400390625,1217.680736102033
1435,1476.63134765625,1267.9370516732502
1436,1449.2862548828125,1319.3899198275828
1437,1367.2510986328125,1375.3349175129763
1438,1339.9058837890625,1408.1575354180773
1439,1531.321044921875,1422.702357203484
1440,1476.63134765625,1416.9681841508295
1441,1531.321044921875,1404.7042498404962
1442,1421.9410400390625,1399.7097071127903
1443,1531.321044921875,1385.827825176402
1444,1558.666259765625,1378.2949484678097
1445,1558.666259765625,1382.0916302447004
1446,1558.666259765625,1394.0463872032522
1447,1531.321044921875,1404.9497197496744
1448,1558.666259765625,1432.2863518903673
1449,1558.666259765625,1448.2209621037532
1450,1503.9764404296875,1457.2463844265776
1451,1586.0111083984375,1465.1993981322441
1452,1531.321044921875,1478.9265907490724
1453,1476.63134765625,1500.9546215923215
1454,1531.321044921875,1506.02369095707
1455,1531.321044921875,1511.2696415704368
1456,1613.356201171875,1506.8961709253624
1457,1627.0289306640625,1502.0142987853255
1458,1531.321044921875,1500.204172072934
1459,1544.993896484375,1495.69100801501
1460,1558.666259765625,1494.2854688528014
1461,1695.3917236328125,1500.756605173171
1462,1586.0111083984375,1501.4967890383004
1463,1640.7012939453125,1515.0534912795044
1464,1640.7012939453125,1527.0890651044238
1465,1640.7012939453125,1536.054252191232
1466,1640.7012939453125,1549.3124453095895
1467,1544.993896484375,1553.9011927630822
1468,1531.321044921875,1556.9205531609086
1469,1531.321044921875,1563.2625133318606
1470,1476.63134765625,1574.876339860998
1471,1544.993896484375,1576.7059914452147
1472,1558.666259765625,1563.834924200434
1473,1531.321044921875,1557.9685556882855
1474,1503.9764404296875,1540.609988521227
1475,1517.648681640625,1527.4566661061758
1476,1517.648681640625,1506.3560163527673
1477,1558.666259765625,1487.0012826508014
1478,1544.993896484375,1478.5195374289942
1479,1586.0111083984375,1479.0275866711145
1480,1558.666259765625,1483.745107699348
1481,1503.9764404296875,1483.9577174505325
1482,1558.666259765625,1481.791513436512
1483,1613.356201171875,1478.7299833412908
1484,1558.666259765625,1483.8602440569125
1485,1558.666259765625,1488.6410196312381
1486,1544.993896484375,1494.755877362641
1487,1531.321044921875,1498.2178182957732
1488,1531.321044921875,1499.51108944499
1489,1544.993896484375,1504.2503495057706
1490,1586.0111083984375,1498.1813349656884
1491,1804.7713623046875,1495.4145901775532
1492,1941.49658203125,1508.4927820935468
1493,1914.1517333984373,1514.1800551963547
1494,1859.4613037109373,1528.7875779876729
1495,1804.7713623046875,1549.908859693267
1496,1750.08154296875,1584.104961751937
1497,1914.1517333984373,1626.757547471445
1498,1914.1517333984373,1672.860298814789
1499,1886.806640625,1726.278435897585
1500,1914.1517333984373,1774.8022210253632
1501,1968.841796875,1820.1959377191952
1502,2187.601806640625,1845.9529926327154
1503,2310.654541015625,1843.5726943733898
1504,2214.947021484375,1855.084392739207
1505,2214.947021484375,1872.5467486901277
1506,2214.947021484375,1905.4783385280548
1507,2214.947021484375,1956.267184913925
1508,2173.92919921875,1989.8415103842788
1509,2187.601806640625,2042.7508433974353
1510,2160.256591796875,2112.5078134104992
1511,2078.2216796875,2166.711902066993
1512,2201.274169921875,2208.918535688277
1513,2187.601806640625,2215.2239842231124
1514,2132.91162109375,2192.93110012902
1515,2187.601806640625,2180.0224298933344
1516,2214.947021484375,2176.4863019955433
1517,2160.256591796875,2168.790118353216
1518,2187.601806640625,2161.5998704359554
1519,2187.601806640625,2167.781140408571
1520,2160.256591796875,2169.6646992581027
1521,2187.601806640625,2181.133296972585
1522,2160.256591796875,2189.098262113969
1523,2187.601806640625,2184.5245105671875
1524,2242.2919921875,2181.532965563436
1525,2255.96435546875,2187.051949870883
1526,2255.96435546875,2190.2254837894648
1527,2242.2919921875,2192.206679578579
1528,2214.947021484375,2196.1729962599056
1529,2187.601806640625,2196.3441282389213
1530,2214.947021484375,2202.590250475878
1531,2187.601806640625,2219.0319821225585
1532,2228.619140625,2223.362877350447
1533,2242.2919921875,2237.7067325991497
1534,2228.619140625,2241.4818671954877
1535,2187.601806640625,2243.544895723005
1536,2187.601806640625,2229.109913922071
1537,2214.947021484375,2219.7615543708166
1538,2214.947021484375,2218.596978168475
1539,2187.601806640625,2219.495226061197
1540,2187.601806640625,2216.611690585185
1541,2187.601806640625,2212.9258017625098
1542,2187.601806640625,2216.906010415301
1543,2187.601806640625,2213.336069389773
1544,2187.601806640625,2199.063734048495
1545,2214.947021484375,2190.133319349395
1546,2214.947021484375,2195.4080917935294
1547,2187.601806640625,2193.316628284348
1548,2187.601806640625,2191.2912373439967
1549,2187.601806640625,2190.83571151674
1550,2187.601806640625,2188.3762444311305
1551,2187.601806640625,2185.4550619326083
1552,2187.601806640625,2185.4187421484858
1553,2187.601806640625,2185.0349123550754
1554,2187.601806640625,2182.876470484042
1555,2187.601806640625,2181.6072783326813
1556,2187.601806640625,2172.22026846734
1557,2201.274169921875,2167.2610642479813
1558,2187.601806640625,2164.6467065554734
1559,2214.947021484375,2168.3172566539392
1560,2214.947021484375,2164.7407958057165
1561,2214.947021484375,2167.115130927642
1562,2187.601806640625,2173.279127930531
1563,2242.2919921875,2177.5692530370497
1564,2173.92919921875,2184.7372083815826
1565,2187.601806640625,2196.0492548686248
1566,2214.947021484375,2200.5557261225467
1567,2242.2919921875,2211.5329562830784
1568,2228.619140625,2208.1897874600604
1569,2187.601806640625,2215.3127204882
1570,2160.256591796875,2214.611976360938
1571,2160.256591796875,2207.048010193907
1572,2160.256591796875,2200.8005166869575
1573,2146.584228515625,2191.9627948071907
1574,2146.584228515625,2183.939531820423
1575,2146.584228515625,2180.263395998316
1576,2146.584228515625,2175.247642617326
1577,2132.91162109375,2167.0619910703044
1578,2132.91162109375,2155.4125995845634
1579,2160.256591796875,2142.4027321394974
1580,2023.53173828125,2132.572663681421
1581,2023.53173828125,2130.1258776981304
1582,2023.53173828125,2122.7322037645
1583,2078.2216796875,2115.5995366064803
1584,2091.89453125,2108.1778459914367
1585,2050.876708984375,2096.4785981480654
1586,2078.2216796875,2090.1560496248103
1587,2078.2216796875,2081.771815537999
1588,2064.549072265625,2071.001206830334
1589,2050.876708984375,2059.726121730805
1590,2078.2216796875,2046.907552739971
1591,2078.2216796875,2044.2734059860063
1592,2050.876708984375,2056.563344104369
1593,2050.876708984375,2067.2306798269765
1594,2078.2216796875,2070.1101077832395
1595,2078.2216796875,2044.1896201313975
1596,2037.2041015625,2029.0004272539393
1597,2023.53173828125,2034.269676876726
1598,2023.53173828125,2004.4861706895317
1599,1996.186279296875,1993.9328265027516
1600,1996.186279296875,1996.6320393888539
1601,2023.53173828125,2003.1600142214043
1602,2132.91162109375,2017.0153765509583
1603,2023.53173828125,2034.3449080194528
1604,1996.186279296875,2034.561694482909
1605,2023.53173828125,2026.7674461654049
1606,1996.186279296875,2022.5933254680979
1607,2023.53173828125,2027.1986036442565
1608,2023.53173828125,2030.2685626467733
1609,1968.841796875,2032.1007806445543
1610,2023.53173828125,2023.8029365672921
1611,1996.186279296875,2022.8669001219
1612,1996.186279296875,2025.744604555328
1613,2023.53173828125,2007.4405404379727
1614,2023.53173828125,2000.2503051011709
1615,2023.53173828125,2002.8921259349117
1616,1996.186279296875,1996.5836297839687
1617,2023.53173828125,1992.4514020139663
1618,2023.53173828125,1988.0183503167257
1619,2023.53173828125,1985.669578686777
1620,2009.8592529296875,1992.1005330222188
1621,1982.51416015625,1992.729304345544
1622,1968.841796875,1999.9242699347983
1623,1996.186279296875,2001.25681727592
1624,1996.186279296875,2001.9577501100616
1625,1968.841796875,2002.6866115624061
1626,1941.49658203125,1991.6822579330246
1627,1996.186279296875,1985.399551722314
1628,2009.8592529296875,1976.6487104899838
1629,2009.8592529296875,1967.0035747740621
1630,2009.8592529296875,1964.2435731117632
1631,1968.841796875,1969.8167917764504
1632,2023.53173828125,1970.8416462599112
1633,2037.2041015625,1974.4283098600993
1634,2023.53173828125,1971.3486387435048
1635,2023.53173828125,1964.8210916465487
1636,2009.8592529296875,1968.4288400954342
1637,2009.8592529296875,1970.3377737300627
1638,1996.186279296875,1974.1645228031268
1639,2023.53173828125,1983.5351780722235
1640,1996.186279296875,1992.8701048387545
1641,1996.186279296875,1999.019256900437
1642,1996.186279296875,2004.8094633159187
1643,2023.53173828125,2000.5387750180146
1644,2023.53173828125,1998.0302818850457
1645,1968.841796875,1992.2769362134086
1646,2023.53173828125,1986.9058100364746
1647,2023.53173828125,1989.2209415199932
1648,2009.8592529296875,1983.5178170392867
1649,2009.8592529296875,1970.8361611799398
1650,2009.8592529296875,1971.072321549717
1651,2009.8592529296875,1972.6807835099498
1652,1968.841796875,1988.1392485243518
1653,1968.841796875,1992.9547210036342
1654,1968.841796875,1991.8674926061867
1655,1968.841796875,1985.2283065191707
1656,1968.841796875,1984.036710636763
1657,1968.841796875,1977.7612004484004
1658,1968.841796875,1970.5156865762906
1659,1968.841796875,1960.9446749227345
1660,1968.841796875,1956.9053915812378
1661,1968.841796875,1950.3677046346097
1662,1996.186279296875,1946.0795294991822
1663,1996.186279296875,1948.88995363975
1664,1996.186279296875,1948.3167627827402
1665,2037.2041015625,1947.6950113553416
1666,1996.186279296875,1950.111616818331
1667,1996.186279296875,1953.4049796055538
1668,2078.2216796875,1962.1999782477453
1669,1996.186279296875,1971.3145457005635
1670,1996.186279296875,1972.6945213707954
1671,2023.53173828125,1975.6963697701813
1672,2023.53173828125,1985.6670122732123
1673,1927.823974609375,1985.3050473169355
1674,1955.1690673828125,1985.3200180627289
1675,2009.8592529296875,1989.4790170487386
1676,1996.186279296875,1989.5146449076353
1677,1996.186279296875,1986.9202272420873
1678,1996.186279296875,1979.8796742023028
1679,2037.2041015625,1971.3946077394119
1680,2050.876708984375,1968.854562816149
1681,2050.876708984375,1969.803079076522
1682,2119.239013671875,1969.185504361395
1683,2119.239013671875,1973.043704581084
1684,1941.49658203125,1982.1380426563928
1685,2023.53173828125,1997.0205994347168
1686,2091.89453125,2004.3148500036366
1687,2105.566650390625,2016.702953440845
1688,2050.876708984375,2033.8273227896757
1689,2078.2216796875,2038.9829205490184
1690,2078.2216796875,2044.4062053075154
1691,2105.566650390625,2050.933878209058
1692,2105.566650390625,2052.0891668878016
1693,2091.89453125,2048.826097845008
1694,2091.89453125,2042.6432301541436
1695,2078.2216796875,2051.3822205944257
1696,2023.53173828125,2058.813308812081
1697,2023.53173828125,2054.8191264148445
1698,2078.2216796875,2052.9543753509947
1699,2105.566650390625,2055.0258233504633
1700,2105.566650390625,2049.6766878152494
1701,2105.566650390625,2048.5307086759067
1702,2023.53173828125,2045.2524172781466
1703,2023.53173828125,2040.7821274233022
1704,2023.53173828125,2036.8818833108048
1705,2023.53173828125,2026.939093943225
1706,2023.53173828125,2024.0275229151114
1707,2023.53173828125,2027.6854170721756
1708,2049.005859375,2027.8069694636515
1709,2049.005859375,2023.6635702463677
1710,2021.3162841796875,2013.967357868327
1711,2049.005859375,2005.8142897092089
1712,2049.005859375,2000.7771747094314
1713,2021.3162841796875,2004.0096732377056
1714,2021.3162841796875,2005.7043868224428
1715,2021.3162841796875,2009.119931024074
1716,2021.3162841796875,2008.2715048927203
1717,2007.4720458984373,2003.3838457417046
1718,1993.62744140625,2002.4441106414693
1719,1993.62744140625,1998.7679748193625
1720,1910.5592041015625,1993.323982625928
1721,1882.8699951171875,1985.6794417663584
1722,1855.180908203125,1976.6470750303592
1723,1827.49169921875,1963.6189281788752
1724,1827.49169921875,1948.737201710822
1725,1827.49169921875,1933.345337644513
1726,1938.2491455078125,1912.1347095215867
1727,1938.2491455078125,1893.4325242097946
1728,2104.38427734375,1872.3660429820798
1729,2007.4720458984373,1858.321294428009
1730,2021.3162841796875,1852.0428655732394
1731,1993.62744140625,1857.624689271643
1732,1993.62744140625,1870.7064540378933
1733,2007.4720458984373,1896.7507963051444
1734,2118.229248046875,1922.8853907827502
1735,2118.229248046875,1956.8708708027023
1736,2118.229248046875,1989.7888737452872
1737,2132.07373046875,2005.7468081290103
1738,2132.07373046875,2016.6410827452046
1739,2145.91796875,2017.7449676699046
1740,2145.91796875,2021.926686964236
1741,2159.762939453125,2038.118819166187
1742,2187.4521484375,2057.217188281784
1743,2298.209228515625,2076.3433098891624
1744,2215.141357421875,2094.9367245554668
1745,2228.986083984375,2107.4134573238643
1746,2284.3642578125,2121.238211397523
1747,2215.141357421875,2134.803581574737
1748,2228.986083984375,2153.145210941621
1749,2270.520263671875,2171.582074380485
1750,2215.141357421875,2187.376148290293
1751,2242.83056640625,2204.583089479472
1752,2298.209228515625,2220.243631256054
1753,2298.209228515625,2232.112693275397
1754,2298.209228515625,2228.336423292666
1755,2284.3642578125,2229.684639595036
1756,2298.209228515625,2236.825150669024
1757,2298.209228515625,2241.6470989393965
1758,2353.587646484375,2249.941028921461
1759,2270.520263671875,2259.4478094708224
1760,2270.520263671875,2266.260044484241
1761,2408.966552734375,2278.602205659017
1762,2450.500244140625,2284.6919968265597
1763,2547.41259765625,2287.578001217582
1764,2492.0341796875,2300.6114412970433
1765,2492.0341796875,2322.8574348766324
1766,2492.0341796875,2350.6844281345834
1767,2492.0341796875,2376.5704830711006
1768,2492.0341796875,2400.2691485012306
1769,2547.41259765625,2415.1273746725255
1770,2436.65576171875,2433.826641317911
1771,2270.520263671875,2449.44941970274
1772,2215.141357421875,2452.0750746471163
1773,2215.141357421875,2446.7867027271814
1774,2325.8984375,2420.993101581283
1775,2325.8984375,2393.4980688857286
1776,2353.587646484375,2370.856438752286
1777,2242.83056640625,2340.339139572957
1778,2215.141357421875,2320.7600333909686
1779,2215.141357421875,2306.725754923609
1780,2270.520263671875,2279.014580513104
1781,2270.520263671875,2252.251224147517
1782,2325.8984375,2248.9663830484724
1783,2242.83056640625,2252.750446625337
1784,2242.83056640625,2258.1054006226764
1785,2242.83056640625,2245.323428186055
1786,2215.141357421875,2232.7300006557775
1787,2215.141357421875,2226.8014186304904
1788,2215.141357421875,2225.6029569627744
1789,2270.520263671875,2230.467471214989
1790,2256.67529296875,2232.546675067216
1791,2270.520263671875,2227.0904892642343
1792,2256.67529296875,2221.875118600731
1793,2270.520263671875,2213.331383168926
1794,2270.520263671875,2212.938696732626
1795,2270.520263671875,2212.8145653471265
1796,2381.277099609375,2216.247313325962
1797,2367.432373046875,2224.5256859983483
1798,2256.67529296875,2236.0978649191256
1799,2367.432373046875,2250.4414638409835
1800,2367.432373046875,2259.150515934793
1801,2353.587646484375,2266.4405017282306
1802,2353.587646484375,2276.474510428924
1803,2367.432373046875,2292.0274169464114
1804,2381.277099609375,2305.2412922540598
1805,2408.966552734375,2316.3972844417785
1806,2602.790771484375,2329.5051379341544
1807,2492.0341796875,2341.78452104771
1808,2547.41259765625,2355.941160201013
1809,2602.790771484375,2385.3034348912306
1810,2575.10205078125,2406.060600382119
1811,2685.859130859375,2430.076079502431
1812,2824.305908203125,2461.6607676959165
1813,2796.616455078125,2505.1861604756423
1814,3101.19775390625,2554.476573592632
1815,2879.683837890625,2609.256897577129
1816,2741.2373046875,2663.5780599818195
1817,2768.9267578125,2710.000908515053
1818,2879.683837890625,2744.677835703325
1819,2879.683837890625,2787.9163688649137
1820,2879.683837890625,2823.2576449135727
1821,3045.820068359375,2851.3464878378645
1822,3322.7119140625,2858.541805679961
1823,3322.7119140625,2876.75795755227
1824,3322.7119140625,2907.3704908035797
1825,3322.7119140625,2921.8469755376
1826,3322.7119140625,2979.5111683802634
1827,3322.7119140625,3044.773605994664
1828,3211.955078125,3110.436806699818
1829,3322.7119140625,3173.52156692191
1830,3211.955078125,3229.3823258561833
1831,3211.955078125,3273.884943502921
1832,3322.7119140625,3314.8904955759754
1833,3239.644287109375,3323.5480652878746
1834,3239.644287109375,3322.2385905079173
1835,3239.644287109375,3315.183066722339
1836,3239.644287109375,3307.0982601318556
1837,3267.333740234375,3293.3350370814533
1838,3267.333740234375,3288.239448109871
1839,3322.7119140625,3287.782324564366
1840,3322.7119140625,3272.3983358651717
1841,3433.469482421875,3277.085210896134
1842,3433.469482421875,3281.928385545363
1843,3433.469482421875,3289.9231160519134
1844,3322.7119140625,3306.6208065651717
1845,3322.7119140625,3326.3485760270264
1846,3322.7119140625,3345.799072180236
1847,3267.333740234375,3360.0882590458755
1848,3710.36181640625,3370.6140771891296
1849,4236.45849609375,3385.9031589082683
1850,5067.13671875,3418.7564731324755
1851,5011.75732421875,3475.052717223376
1852,5233.27197265625,3582.197665522403
1853,5427.095703125,3732.9697321897993
1854,5427.095703125,3916.791871454688
1855,5427.095703125,4139.3342469961135
1856,5427.095703125,4387.773949565006
1857,5427.095703125,4641.7166466784
1858,5427.095703125,4864.212625488324
1859,5427.095703125,5054.400577473765
1860,5427.095703125,5175.705385523511
1861,5427.095703125,5238.500996483992
1862,5205.58154296875,5244.5617582432
1863,5537.853515625,5262.648029460406
1864,5344.0283203125,5249.137019445019
1865,5344.0283203125,5218.189896315455
1866,5427.095703125,5211.108607750562
1867,5427.095703125,5213.292575372196
1868,5260.9609375,5233.0650306231755
1869,5260.9609375,5227.829345664068
1870,4984.068359375,5222.699336557618
1871,4984.068359375,5201.096776825911
1872,4984.068359375,5184.985738260419
1873,4984.068359375,5173.683856783965
1874,5122.51416015625,5144.888897876568
1875,5122.51416015625,5109.154759265188
1876,5122.51416015625,5082.459831159313
1877,5122.51416015625,5046.757898522076
1878,4984.068359375,5019.510839246971
1879,5260.9609375,5000.985962919392
1880,5260.9609375,4997.767780953061
1881,5260.9609375,5015.831910563044
1882,5537.853515625,5038.676211885338
1883,5537.853515625,5062.638463085103
1884,5537.853515625,5080.3120952585905
1885,5537.853515625,5104.046690478624
1886,5537.853515625,5130.853936919327
1887,5537.853515625,5162.806691591535
1888,5537.853515625,5197.405368327003
1889,5537.853515625,5230.252241356382
1890,4984.068359375,5249.844141864816
1891,5537.853515625,5263.504305797958
1892,5427.095703125,5274.711783512701
1893,5233.27197265625,5257.664960110989
1894,5233.27197265625,5234.7759729995705
1895,5233.27197265625,5215.213057867866
1896,5233.27197265625,5179.086811521283
1897,5233.27197265625,5142.038266590154
1898,5233.27197265625,5119.276291789267
1899,5233.27197265625,5084.201570498482
1900,5205.58154296875,5055.969008414574
1901,4734.86474609375,5068.607437818
1902,4707.17529296875,5066.370531626366
1903,4651.796875,5051.628045674652
1904,4624.10791015625,5036.697356061532
1905,4457.97216796875,4978.394075919451
1906,4374.904296875,4917.283642556051
1907,4181.07958984375,4844.727608556579
1908,4153.39013671875,4752.449239853391
1909,4014.944091796875,4653.590788057923
1910,3931.87548828125,4555.545335822251
1911,3876.498291015625,4470.197491467495
1912,3876.498291015625,4372.694106034132
1913,3876.498291015625,4297.774354819837
1914,3876.498291015625,4220.479413012427
1915,3876.498291015625,4131.60400805222
1916,3876.498291015625,4062.1371308351654
1917,3793.4296875,4007.1645522815797
1918,3848.80810546875,3960.063516383444
1919,3710.36181640625,3916.0291937294924
1920,3710.36181640625,3888.61204665344
1921,4430.28271484375,3879.042645298591
1922,4098.01171875,3870.117564713959
1923,4014.944091796875,3867.021866093044
1924,3987.2548828125,3884.9954164007477
1925,3987.2548828125,3909.0944423469546
1926,3876.498291015625,3923.8893636503226
1927,3876.498291015625,3943.3370417807946
1928,3876.498291015625,3979.3045730610484
1929,3876.498291015625,3999.687532809394
1930,3876.498291015625,4019.744809644208
1931,3904.186279296875,4029.360507086889
1932,3765.739990234375,3994.4395693226425
1933,3765.739990234375,3966.296378816983
1934,3599.605224609375,3948.0232123060723
1935,3599.605224609375,3923.8107609446774
1936,3738.052001953125,3894.1025613829624
1937,3738.052001953125,3865.0814561508732
1938,3627.294189453125,3841.3149568877025
1939,3765.739990234375,3817.707273334529
1940,3599.605224609375,3794.9329193623294
1941,3599.605224609375,3770.0591384506233
1942,3488.84765625,3747.0440448216978
1943,3599.605224609375,3729.007491577075
1944,3599.605224609375,3705.693284963288
1945,3602.3759765625,3691.513799697076
1946,3796.349853515625,3684.3293513712533
1947,3796.349853515625,3663.6209099967164
1948,3713.21826171875,3649.153483192924
1949,3519.244384765625,3653.3654207489326
1950,3602.3759765625,3652.3065487052827
1951,3574.665283203125,3644.5098849397177
1952,3463.8232421875,3646.104181303511
1953,3491.533447265625,3657.842554373283
1954,3380.69091796875,3659.4251760714487
1955,3352.980712890625,3640.6045080000913
1956,3297.56005859375,3618.9876568673576
1957,3297.56005859375,3582.2049118665855
1958,3380.69091796875,3529.0135249704967
1959,3990.32421875,3492.152378551418
1960,3436.112060546875,3473.0304839781456
1961,3713.21826171875,3453.626485200107
1962,3380.69091796875,3455.923978880598
1963,3325.269775390625,3454.4189534513853
1964,3325.269775390625,3463.7730779978156
1965,3159.006591796875,3465.3832760613423
1966,3048.164306640625,3475.504808585421
1967,3325.269775390625,3464.970838304962
1968,3325.269775390625,3454.929720072574
1969,3325.269775390625,3412.206784428295
1970,3214.427490234375,3355.0112891530953
1971,3075.874755859375,3323.2869956099703
1972,2937.322265625,3272.4597285033833
1973,2715.636962890625,3239.4195189854727
1974,2771.058349609375,3209.9692691479163
1975,2687.9267578125,3164.6463049535314
1976,2687.9267578125,3122.2514676708442
1977,2771.058349609375,3073.562475960074
1978,2771.058349609375,2998.536646318442
1979,2826.480224609375,2900.6326487598308
1980,2771.058349609375,2819.2514230174083
1981,2771.058349609375,2766.495470956112
1982,2771.058349609375,2733.008051294112
1983,2771.058349609375,2721.419637291447
1984,2743.347900390625,2728.155718070985
1985,2660.2158203125,2729.8400905187123
1986,2660.2158203125,2739.274176460322
1987,2660.2158203125,2737.788927512107
1988,2604.794921875,2726.4201683174706
1989,2493.95263671875,2704.3152960327875
1990,2244.5576171875,2684.5094019227163
1991,2355.39990234375,2658.9724295528185
1992,2327.689208984375,2617.6750360000024
1993,2216.846923828125,2570.6380597973116
1994,2106.00439453125,2519.94185590894
1995,2106.00439453125,2472.5714598106492
1996,2078.2939453125,2416.7518263957027
1997,2050.583251953125,2359.421493764692
1998,1981.3065185546875,2276.548428486279
1999,1995.162109375,2215.641570532195
2000,1995.162109375,2164.895145452893
2001,1995.162109375,2128.183253595237
2002,1995.162109375,2074.0452878294077
2003,1939.74072265625,2032.6924647757796
2004,1884.3193359375,2007.0605351039917
2005,1815.0430908203125,1990.102001361085
2006,1690.345458984375,1970.8872881638931
2007,1676.4903564453125,1944.8817943529534
2008,1648.780029296875,1923.3059806763358
2009,1607.2137451171875,1894.4854079551276
2010,1551.792724609375,1854.6475740539631
2011,1468.6611328125,1808.8935027025614
2012,1468.6611328125,1748.784373204029
2013,1385.5291748046875,1681.636024194329
2014,1302.3974609375,1621.3621410093165
2015,1343.96337890625,1562.8529942418868
2016,1482.5164794921875,1505.6540267600994
2017,1468.6611328125,1465.7002010301821
2018,1454.8057861328125,1424.0835405977468
2019,1607.2137451171875,1391.7760673134446
2020,1634.9244384765625,1369.4389094402484
2021,1759.6221923828125,1351.7224030636812
2022,1801.18798828125,1352.568816321651
2023,1662.6348876953125,1377.7369799657663
2024,1274.6868896484375,1415.9789575262653
2025,1274.6868896484375,1445.1649674103378
2026,1274.6868896484375,1483.9091065583088
2027,1330.10791015625,1495.6442087088324
2028,1454.8057861328125,1492.3750004022174
2029,1440.95068359375,1489.5153111855761
2030,1440.95068359375,1461.0298315609684
2031,1302.3974609375,1409.869081656488
2032,1177.699951171875,1364.0397791623595
2033,1122.27880859375,1301.5901811365875
2034,1025.2916259765625,1267.922760272224
2035,1025.2916259765625,1271.1967994749602
2036,925.5335083007812,1261.7387100182464
2037,836.8594360351562,1245.1937965948332
2038,753.7277221679688,1200.1151952292655
2039,726.0171508789062,1134.8846113361662
2040,720.475341796875,1062.1623139951776
2041,792.5226440429688,992.6616205052721
2042,881.1965942382812,929.7272219249649
2043,886.73876953125,883.448243516852
2044,997.5810546875,839.8470912151363
2045,897.8229370117188,811.5253588403166
2046,897.8229370117188,784.5989502952818
2047,897.8229370117188,765.561998978814
2048,831.3174438476562,774.4003247205962
2049,803.6068725585938,793.1033403426591
2050,803.6068725585938,814.0688256483322
2051,803.6068725585938,835.5128716010499
2052,803.6068725585938,844.6627901426743
2053,803.6068725585938,838.7438353133689
2054,775.8963623046875,829.1562174543949
2055,775.8963623046875,807.8856811873775
2056,914.4493408203125,795.7119236046469
2057,886.73876953125,787.5348267695072
2058,886.73876953125,777.1124703181906
2059,803.6068725585938,776.0132401631911
2060,831.3174438476562,775.46755018879
2061,831.3174438476562,780.063040768119
2062,853.4859619140625,784.725560031135
2063,798.0648193359375,794.3151907634931
2064,825.7753295898438,798.848181624249
2065,759.27001953125,807.0781163857189
2066,703.8488159179688,805.1670943949543
2067,709.3909912109375,795.0408316184232
2068,798.0648193359375,781.9323962798348
2069,831.3174438476562,773.2999874852355
2070,836.8594360351562,768.6047590297296
2071,903.3651123046875,765.4366976106603
2072,936.6177368164062,760.0833602022574
2073,908.9070434570312,759.379659667213
2074,831.3174438476562,764.5071526819318
2075,831.3174438476562,775.5072037944549
2076,831.3174438476562,791.0497062726386
2077,831.3174438476562,807.0820414888176
2078,881.1965942382812,828.6774555200118
2079,942.15966796875,841.2982722813274
2080,942.15966796875,844.9654256559579
2081,997.5810546875,844.6511154770471
2082,1014.2074584960938,842.6370343690221
2083,1036.375732421875,839.10967505091
2084,1036.375732421875,847.4899714541641
2085,1041.91796875,857.7926625828022
2086,986.4968872070312,874.7931898966826
2087,1025.2916259765625,895.1815844031644
2088,997.5810546875,918.3405984790454
2089,919.9913940429688,936.1697251214473
2090,931.07568359375,948.6049549567585
2091,931.07568359375,955.0855014601984
2092,931.07568359375,957.934321160566
2093,931.07568359375,950.9959466059365
2094,931.07568359375,942.3391820433908
2095,931.07568359375,929.9460212618051
2096,931.07568359375,920.2765800997715
2097,931.07568359375,910.6154923622817
2098,886.73876953125,898.7890560819594
2099,886.73876953125,888.6294802509233
2100,886.73876953125,883.550598128428
2101,886.73876953125,880.6526643174909
2102,886.73876953125,877.4077111351532
2103,992.0388793945312,873.5904980497457
2104,942.15966796875,872.4960987908678
2105,986.4968872070312,867.5195712799487
2106,886.73876953125,866.8174810436115
2107,914.4493408203125,863.543945059221
2108,886.73876953125,865.3145691314519
2109,886.73876953125,870.343531994024
2110,870.1123657226562,878.0414643201038
2111,870.1123657226562,881.4281237886748
2112,870.1123657226562,885.7266149001955
2113,886.73876953125,880.0483997276158
2114,886.73876953125,868.1463800517247
2115,886.73876953125,857.7256338991151
2116,886.73876953125,846.108234519721
2117,886.73876953125,842.9029349430477
2118,886.73876953125,838.9314351127573
2119,886.73876953125,836.8245605417301
2120,886.73876953125,837.9318421902656
2121,886.73876953125,840.5858157470625
2122,886.73876953125,842.9157166890361
2123,886.73876953125,844.8020809808468
2124,886.73876953125,845.0291330985613
2125,886.73876953125,845.0382916724586
2126,886.73876953125,845.0579171879524
2127,914.4493408203125,845.0382916724586
2128,886.73876953125,845.7889928010193
2129,925.5335083007812,845.6539289969533
2130,925.5335083007812,847.7417819145016
2131,942.15966796875,849.3015574997592
2132,942.15966796875,852.3582063770243
2133,914.4493408203125,855.9294463349077
2134,914.4493408203125,860.225421354698
2135,859.0280151367188,864.2527784213946
2136,892.28076171875,867.6918732416186
2137,892.28076171875,872.0441080724918
2138,914.4493408203125,872.8326512206718
2139,908.9070434570312,875.3037552305327
2140,886.73876953125,871.9416528172464
2141,886.73876953125,867.2073746180911
2142,953.244140625,859.9147343478785
2143,953.244140625,857.1598151908743
2144,1097.339111328125,855.7007839184857
2145,1136.134033203125,862.3100536748323
2146,1149.9892578125,875.6629524859065
2147,1177.699951171875,889.011221688198
2148,1122.27880859375,909.0922504289438
2149,1205.410400390625,932.2389859771824
2150,1219.265625,961.8862961190318
2151,1149.9892578125,1001.5892171816342
2152,1149.9892578125,1041.1545583484406
2153,1163.8446044921875,1071.3854004843101
2154,1191.5550537109375,1101.6897124986954
2155,1274.6868896484375,1113.800970362853
2156,1593.358642578125,1117.9759716922654
2157,1981.3065185546875,1130.8619845219223
2158,2327.689208984375,1143.5263799920012
2159,2216.846923828125,1177.7121157527436
2160,2050.583251953125,1232.3048650987694
2161,2022.87255859375,1301.0184244518637
2162,1828.898681640625,1409.3928358138348
2163,1690.345458984375,1543.729388726238
2164,1690.345458984375,1693.612469863593
2165,1607.2137451171875,1824.4414902607166
2166,1662.6348876953125,1919.1419495068662
2167,1704.2008056640625,1957.7714555156188
2168,1731.91162109375,1934.40023426323
2169,1731.91162109375,1858.4892938728206
2170,1828.898681640625,1783.7068206233132
2171,1828.898681640625,1723.1840959662045
2172,1828.898681640625,1680.1763890599252
2173,1828.898681640625,1664.903812902535
2174,1884.3193359375,1668.1344746838463
2175,1884.3193359375,1690.3749139909416
2176,1884.3193359375,1719.4373837710714
2177,1939.74072265625,1758.1954620672268
2178,1967.45166015625,1786.833668459845
2179,1828.898681640625,1808.248880001337
2180,1912.030517578125,1828.7255893275417
2181,2050.583251953125,1844.0088337138668
2182,2050.583251953125,1860.0777780647172
2183,2050.583251953125,1878.00362327322
2184,1995.162109375,1900.307895827505
2185,1953.5958251953125,1918.0980733699266
2186,1898.1749267578125,1930.9352740200216
2187,1801.18798828125,1939.505510187973
2188,1773.4775390625,1937.7517942521677
2189,1773.4775390625,1938.8027406068684
2190,1662.6348876953125,1944.3410610792605
2191,1815.0430908203125,1927.6399486812493
2192,1787.3326416015625,1901.158259349491
2193,1787.3326416015625,1856.322662123206
2194,1801.18798828125,1819.89033321767
2195,1856.609130859375,1786.7708164884298
2196,1828.898681640625,1767.7593280202695
2197,1934.4122314453125,1748.5143965614006
2198,1949.0662841796875,1755.206797988506
2199,1949.0662841796875,1766.7989861287658
2200,1831.829345703125,1786.6648387047626
2201,1831.829345703125,1810.8274714499034
2202,1831.829345703125,1818.0792000685865
2203,1831.829345703125,1830.8886230659823
2204,1875.793212890625,1843.5920179578761
2205,1875.793212890625,1851.316620856294
2206,1875.793212890625,1853.3506294108206
2207,1875.793212890625,1847.8734751283848
2208,1875.793212890625,1836.7818634378073
2209,1875.793212890625,1822.98915179233
2210,1758.5565185546875,1816.4729774299933
2211,1758.5565185546875,1819.339007197794
2212,1846.484130859375,1823.5760050274334
2213,1846.484130859375,1825.3228268718985
2214,1846.484130859375,1820.2534555761426
2215,1773.2110595703125,1814.383967110249
2216,1802.5201416015625,1803.8935755385533
2217,1846.484130859375,1792.86901769258
2218,1846.484130859375,1784.7386195199488
2219,1817.17529296875,1780.6072472211345
2220,1802.5201416015625,1779.0193920521704
2221,1817.17529296875,1787.7007136700008
2222,1875.793212890625,1792.2745658604517
2223,1875.793212890625,1795.169581004982
2224,1919.7572021484373,1795.7269456450103
2225,1905.1025390625,1800.7567639787708
2226,1949.0662841796875,1812.1457022290815
2227,1993.0303955078125,1821.7680421539294
2228,1993.0303955078125,1832.3409112125344
2229,2110.267822265625,1848.7484208665726
2230,2080.95849609375,1873.4542526553018
2231,2022.3397216796875,1903.958971375981
2232,1905.1025390625,1930.7848620564025
2233,1934.4122314453125,1947.4638076862725
2234,1934.4122314453125,1961.2055684742174
2235,2051.649169921875,1972.0438852103366
2236,2183.540771484375,1985.4999941041754
2237,2168.88623046875,1993.6191453467734
2238,2007.685302734375,1989.457655429951
2239,2007.685302734375,1986.8082359991854
2240,1905.1025390625,1980.8503069089825
2241,1934.4122314453125,1973.567680683855
2242,1963.7213134765625,1975.6439344185283
2243,1963.7213134765625,1990.3218574564519
2244,1993.0303955078125,1998.7271386505847
2245,1875.793212890625,2001.4716915096615
2246,1919.7572021484373,1981.5825399242449
2247,1934.4122314453125,1950.2160094642084
2248,2036.9942626953125,1922.4889050479378
2249,2036.9942626953125,1914.1296180106292
2250,1993.0303955078125,1910.7845243774377
2251,1993.0303955078125,1918.5490324906932
2252,1993.0303955078125,1922.0479348113392
2253,1993.0303955078125,1926.8843160128977
2254,1993.0303955078125,1930.7753009078288
2255,2036.9942626953125,1939.263587968134
2256,2036.9942626953125,1955.0165111976971
2257,1993.0303955078125,1966.7806238858675
2258,1993.0303955078125,1970.8270026060427
2259,1993.0303955078125,1966.368186129487
2260,1905.1025390625,1962.7554809798933
2261,1905.1025390625,1957.8085678686361
2262,1934.4122314453125,1957.9967463691223
2263,1934.4122314453125,1953.6580229508393
2264,1934.4122314453125,1943.4612592840338
2265,1934.4122314453125,1940.748409180755
2266,1846.484130859375,1933.0740526341851
2267,1934.4122314453125,1914.7970365029273
2268,1934.4122314453125,1907.740908855334
2269,2007.685302734375,1897.3789889273717
2270,1861.1390380859373,1892.5220764172966
2271,1875.793212890625,1897.1352047996527
2272,1993.0303955078125,1896.0069641070065
2273,1993.0303955078125,1892.1035245580122
2274,1993.0303955078125,1897.2668215580488
2275,1934.4122314453125,1900.5206565441933
2276,1934.4122314453125,1910.098260358082
2277,1934.4122314453125,1922.6996277303247
2278,1714.59228515625,1922.499648759625
2279,1714.59228515625,1916.7605441671794
2280,1714.59228515625,1907.8856344516432
2281,1655.9739990234375,1895.0969692110198
2282,1670.6282958984375,1874.3405962890265
2283,1699.9383544921875,1839.8950237353279
2284,1699.9383544921875,1801.2834826215276
2285,1729.2469482421875,1755.2253667454734
2286,1729.2469482421875,1722.5036441187451
2287,1670.6282958984375,1686.5176950470272
2288,1685.2830810546875,1656.9676066896247
2289,1685.2830810546875,1655.1619082986776
2290,1685.2830810546875,1653.0344520972992
2291,1670.6282958984375,1652.863055928652
2292,1670.6282958984375,1659.9433380568532
2293,1612.0101318359375,1661.3884301810576
2294,1685.2830810546875,1656.6311045816556
2295,1655.9739990234375,1652.7463092723804
2296,1641.319580078125,1641.4498122322293
2297,1641.319580078125,1632.8400985850344
2298,1582.70068359375,1626.588768038197
2299,1626.6646728515625,1618.5714430279118
2300,1626.6646728515625,1613.1647141529984
2301,1626.6646728515625,1605.8726274229664
2302,1655.9739990234375,1598.9099977440596
2303,1626.6646728515625,1595.3733288865465
2304,1655.9739990234375,1590.9890390470332
2305,1655.9739990234375,1585.3547045142245
2306,1626.6646728515625,1584.3885756117418
2307,1626.6646728515625,1582.460091944371
2308,1626.6646728515625,1585.76085204128
2309,1582.70068359375,1592.031002954258
2310,1582.70068359375,1590.3976065249808
2311,1582.70068359375,1592.0416208613585
2312,1494.77294921875,1587.087788497844
2313,1465.4637451171875,1575.2007144068289
2314,1494.77294921875,1570.1480499601603
2315,1494.77294921875,1551.3569711275475
2316,1494.77294921875,1535.3764674010063
2317,1494.77294921875,1519.5009853432753
2318,1494.77294921875,1503.8940205949689
2319,1494.77294921875,1485.0773279485447
2320,1582.70068359375,1476.1073602874494
2321,1699.9383544921875,1464.0155769732824
2322,1817.17529296875,1460.5523276724502
2323,1905.1025390625,1467.7735612593656
2324,1905.1025390625,1478.110068660855
2325,1875.793212890625,1504.0461435009643
2326,1831.829345703125,1540.118646128194
2327,1831.829345703125,1588.1746898033666
2328,1846.484130859375,1644.2097635726936
2329,1846.484130859375,1706.2758085751457
2330,1846.484130859375,1768.243977609301
2331,1831.829345703125,1812.3392400049527
2332,1817.17529296875,1832.4463354560212
2333,1846.484130859375,1831.9309392260493
2334,1817.17529296875,1826.2698334772335
2335,1802.5201416015625,1815.9859123929011
2336,1787.86572265625,1810.4264567499772
2337,1787.86572265625,1808.5121638399637
2338,1787.86572265625,1800.279461377591
2339,1758.5565185546875,1791.5784639224319
2340,1817.17529296875,1784.506082322263
2341,1817.17529296875,1777.9065246799942
2342,1773.2110595703125,1773.0236964251
2343,1758.5565185546875,1767.4738019307501
2344,1714.59228515625,1760.0445882014335
2345,1714.59228515625,1754.027656760162
2346,1787.86572265625,1750.1644495179303
2347,1787.86572265625,1748.6263626433854
2348,1787.86572265625,1744.405065226141
2349,1787.86572265625,1740.035972580677
2350,1787.86572265625,1734.846130812889
2351,1787.86572265625,1726.6681281847264
2352,1641.319580078125,1721.9585076845246
2353,1699.9383544921875,1720.1309696173614
2354,1758.5565185546875,1726.128275543139
2355,1758.5565185546875,1729.298098226419
2356,1758.5565185546875,1729.9918350382127
2357,1758.5565185546875,1724.8090886491034
2358,1758.5565185546875,1717.7861734123462
2359,1758.5565185546875,1705.5723093274396
2360,1758.5565185546875,1701.5861155214457
2361,1758.5565185546875,1697.2077636584154
2362,1861.1390380859373,1698.7110781452516
2363,1861.1390380859373,1718.836792675122
2364,1861.1390380859373,1728.8407230717407
2365,1861.1390380859373,1735.0928084460975
2366,1861.1390380859373,1743.205644298453
2367,1861.1390380859373,1755.2600888113475
2368,1817.17529296875,1768.7982222955839
2369,1905.1025390625,1785.4175617123703
2370,1846.484130859375,1804.0641665578469
2371,1758.5565185546875,1817.5410080475408
2372,1758.5565185546875,1825.4412341487123
2373,1758.5565185546875,1821.4001392211699
2374,1758.5565185546875,1812.20060335063
2375,1758.5565185546875,1800.28962638818
2376,1758.5565185546875,1790.9127563725103
2377,1773.2110595703125,1776.4583629238793
2378,1773.2110595703125,1762.8331223439504
2379,1773.2110595703125,1750.8234642638502
2380,1919.7572021484373,1732.4615803585398
2381,1993.0303955078125,1729.8963241961424
2382,2198.1953125,1737.3234747302404
2383,2198.1953125,1748.3098383037523
2384,2198.1953125,1771.5806674961143
2385,2198.1953125,1803.5333718464874
2386,2051.649169921875,1849.249852787443
2387,2022.3397216796875,1906.7067699933896
2388,2022.3397216796875,1959.5542323109055
2389,2022.3397216796875,2015.3098437717824
2390,1993.0303955078125,2058.7102748557377
2391,1993.0303955078125,2081.2823602137632
2392,2051.649169921875,2087.0564888030904
2393,1949.0662841796875,2062.6396804713854
2394,1949.0662841796875,2029.7056122831045
2395,1949.0662841796875,2005.0382012150924
2396,1963.7213134765625,1982.7015465602422
2397,1963.7213134765625,1972.0908606429355
2398,1978.3758544921875,1964.0579861857589
2399,2359.396728515625,1957.7838598478477
2400,2505.942626953125,1955.850268514265
2401,2403.3603515625,1963.5149381076744
2402,2256.813720703125,1979.6546601188895
2403,2124.922607421875,2010.4805579489025
2404,2271.46826171875,2066.5181855513356
2405,2271.46826171875,2107.651290894642
2406,2183.540771484375,2154.145961266309
2407,2154.2314453125,2205.1342959849912
2408,2154.2314453125,2245.5028884286967
2409,1993.0303955078125,2277.7443426111186
2410,2036.9942626953125,2240.455531363021
2411,1875.793212890625,2181.745826923793
2412,1949.0662841796875,2128.973218335245
2413,1875.793212890625,2100.96333036944
2414,1934.4122314453125,2072.722918079334
2415,1641.319580078125,2036.9376147426242
2416,1817.17529296875,1992.8799175965014
2417,1817.17529296875,1956.446456449687
2418,1817.17529296875,1907.7754547947868
2419,1729.2469482421875,1866.6788202011066
2420,1758.5565185546875,1832.2688503453874
2421,1846.484130859375,1810.572088139309
2422,1875.793212890625,1789.0399789760418
2423,1758.5565185546875,1778.2742263254154
2424,1758.5565185546875,1767.5202489840858
2425,1758.5565185546875,1759.2770795801162
2426,1846.484130859375,1770.445054654699
2427,1846.484130859375,1774.4047791756934
2428,1817.17529296875,1776.5646929603888
2429,1993.0303955078125,1776.7883231933506
2430,1905.1025390625,1783.179296831203
2431,1934.4122314453125,1784.480267221113
2432,1993.0303955078125,1786.4358240354986
2433,2022.3397216796875,1795.0948027587667
2434,2022.3397216796875,1818.987760792287
2435,2051.649169921875,1846.5361975348105
2436,2051.649169921875,1879.8481197986434
2437,2051.649169921875,1903.676087182778
2438,2051.649169921875,1930.8805741858116
2439,2051.649169921875,1958.3703608301091
2440,2051.649169921875,1974.0789253624725
2441,2006.722412109375,1991.2043263089124
2442,2096.57568359375,2004.1067943784833
2443,1976.7713623046875,2013.509655621724
2444,2096.57568359375,2012.4991428611243
2445,1976.7713623046875,2015.071242793027
2446,1976.7713623046875,2007.3707188924654
2447,1931.8448486328125,2004.3186996239835
2448,1797.0645751953125,1995.7919666820437
2449,2006.722412109375,1985.9726922574891
2450,1976.7713623046875,1978.0727177654908
2451,1976.7713623046875,1968.0480799339343
2452,2036.6734619140625,1958.116839427395
2453,2006.722412109375,1949.2064779793832
2454,2126.526611328125,1945.4258237068125
2455,2036.6734619140625,1936.0428144273214
2456,2096.57568359375,1943.078662375571
2457,2141.50244140625,1955.548085897493
2458,2021.6981201171875,1973.7955631118407
2459,2006.722412109375,1999.9333027041089
2460,1946.820068359375,2009.7438714512778
2461,1976.7713623046875,2015.8514073557462
2462,1976.7713623046875,2022.0683932504694
2463,1976.7713623046875,2018.5022861197153
2464,1901.8939208984373,2014.1714883903815
2465,2021.6981201171875,1999.3740761562008
2466,2036.6734619140625,1991.839161413307
2467,2111.55126953125,1976.7916496611647
2468,2126.526611328125,1963.5837532164899
2469,2096.57568359375,1961.1827726831436
2470,2111.55126953125,1971.8165311616144
2471,2111.55126953125,1987.0204683366103
2472,2096.57568359375,2003.7763812125008
2473,2096.57568359375,2023.147092096952
2474,2156.477783203125,2042.9733162282014
2475,2156.477783203125,2066.073189567969
2476,2156.477783203125,2078.191291201632
2477,2096.57568359375,2083.2439682287595
2478,2126.526611328125,2084.6419591157783
2479,2171.453369140625,2082.566586013211
2480,2246.3310546875,2080.5648966569556
2481,2156.477783203125,2087.3180365384233
2482,2156.477783203125,2097.496860471194
2483,2156.477783203125,2109.7004714823006
2484,2156.477783203125,2118.2885089992415
2485,2066.62451171875,2120.090596798556
2486,2066.62451171875,2118.962217720865
2487,2066.62451171875,2122.1886273071523
2488,2066.62451171875,2125.360261576478
2489,2066.62451171875,2120.452951749051
2490,2081.60009765625,2109.368976396874
2491,2156.477783203125,2087.3899464400665
2492,2126.526611328125,2074.3178686269766
2493,2306.23291015625,2063.510072083542
2494,2515.890869140625,2057.8625532300684
2495,2485.940185546875,2063.6463813530145
2496,2455.989013671875,2092.773061794094
2497,2995.108154296875,2136.568707986538
2498,3114.911865234375,2193.702886106278
2499,3084.96142578125,2272.8722391972233
2500,3174.814453125,2382.1825376116403
2501,3294.619384765625,2513.752848954254
2502,3234.717041015625,2648.8919848066907
2503,3264.66796875,2795.5325785316036
2504,3294.619384765625,2924.7271457409233
2505,3294.619384765625,3028.4638968261706
2506,3294.619384765625,3134.5738759529822
2507,3354.52099609375,3236.245016371575
2508,3384.47216796875,3293.1102997681305
2509,3833.73876953125,3317.8621005527666
2510,3893.64013671875,3357.0202374339906
2511,3803.787841796875,3401.984507591347
2512,3713.934326171875,3455.339037875209
2513,3624.081298828125,3518.073759415824
2514,3504.27685546875,3582.6089961984226
2515,3414.42333984375,3633.3452814280527
2516,3354.52099609375,3670.5771991244637
2517,3534.227783203125,3704.467747003443
2518,3414.42333984375,3719.0699356802934
2519,3384.47216796875,3714.955823770747
2520,3264.66796875,3672.0672286469653
2521,3114.911865234375,3608.881321537328
2522,3025.059326171875,3543.8178061351005
2523,3025.059326171875,3486.670619821116
2524,2995.108154296875,3431.322640381415
2525,3234.717041015625,3381.6610282514994
2526,3144.86376953125,3328.5995723323476
2527,3264.66796875,3287.5227645415
2528,3204.765380859375,3236.9139948407455
2529,3264.66796875,3201.3175367688305
2530,3204.765380859375,3183.454191278901
2531,3055.010498046875,3188.0317672851124
2532,3084.96142578125,3199.365250873694
2533,3084.96142578125,3216.101085337579
2534,2995.108154296875,3227.389782493367
2535,3055.010498046875,3231.386543884627
2536,3025.059326171875,3204.452687708071
2537,3084.96142578125,3173.1503930699014
2538,2965.156982421875,3139.0596649328836
2539,2965.156982421875,3105.528716883955
2540,2905.254638671875,3074.3023075723618
2541,2995.108154296875,3044.0137966140405
2542,2905.254638671875,3033.8101388558953
2543,2935.205810546875,3019.3588150391747
2544,2950.181396484375,3006.3846886771335
2545,3055.010498046875,2997.018486890399
2546,2980.132568359375,2987.98798206228
2547,3114.911865234375,2982.1493912028304
2548,3084.96142578125,2980.119660004245
2549,3025.059326171875,2986.3338530371475
2550,3055.010498046875,2997.577562472803
2551,3055.010498046875,3018.0854713364597
2552,2980.132568359375,3031.994124488855
2553,2905.254638671875,3050.284802998207
2554,2995.108154296875,3061.9817611981034
2555,2980.132568359375,3061.696989936103
2556,2995.108154296875,3056.3004260717785
2557,2950.181396484375,3051.6941162980106
2558,2965.156982421875,3032.0333251980082
2559,2965.156982421875,3017.67927348757
2560,2995.108154296875,3003.745107165032
2561,3025.059326171875,2993.750083733137
2562,2995.108154296875,2984.1113892120447
2563,2995.108154296875,2985.3240951040666
2564,3234.717041015625,2992.101641075315
2565,3114.911865234375,3001.202848081047
2566,3174.814453125,3013.185332370463
2567,3025.059326171875,3030.2360305534394
2568,2995.108154296875,3053.0332809603824
2569,2845.353271484375,3073.611489426975
2570,2995.108154296875,3083.0720949754186
2571,2995.108154296875,3081.1660045244453
2572,3084.96142578125,3071.3932023141433
2573,2935.205810546875,3066.481237717016
2574,2995.108154296875,3056.0750345746055
2575,2995.108154296875,3024.0291341865536
2576,2995.108154296875,2996.9425512419875
2577,2995.108154296875,2976.88185252242
2578,3114.911865234375,2974.165882465396
2579,3055.010498046875,2984.7912875193233
2580,3114.911865234375,2998.8127622248917
2581,3055.010498046875,3011.6691858158038
2582,3055.010498046875,3020.589586469818
2583,3055.010498046875,3025.0991776774854
2584,3025.059326171875,3043.064575847983
2585,3055.010498046875,3053.4735466912966
2586,3114.911865234375,3060.5911676207706
2587,2995.108154296875,3067.6650588759776
2588,3055.010498046875,3071.2988488742685
2589,3084.96142578125,3063.925593025027
2590,3084.96142578125,3061.334270152307
2591,3144.86376953125,3059.0835757779932
2592,3114.911865234375,3060.739264779998
2593,3084.96142578125,3069.062093648139
2594,3025.059326171875,3074.2707557820677
2595,3025.059326171875,3089.652228389532
2596,3144.86376953125,3090.601600121093
2597,3084.96142578125,3087.433991598535
2598,2995.108154296875,3095.795216026476
2599,2965.156982421875,3094.8847430730602
2600,3025.059326171875,3093.1232775747267
2601,3025.059326171875,3086.172221917778
2602,3055.010498046875,3077.8593567728876
2603,2995.108154296875,3068.3099835082094
2604,2995.108154296875,3060.1597585327463
2605,2995.108154296875,3053.7081974060357
2606,2995.108154296875,3048.1418476717718
2607,2995.108154296875,3031.90797350802
2608,2995.108154296875,3020.955929425705
2609,2935.205810546875,3016.8900761555396
2610,2935.205810546875,3009.10221871103
2611,2935.205810546875,3003.0071877824594
2612,2935.205810546875,2992.361855282031
2613,2935.205810546875,2980.0968138913363
2614,2935.205810546875,2972.5123573022793
2615,2935.205810546875,2964.0756501224387
2616,2935.205810546875,2954.9456087054814
2617,2965.156982421875,2946.227149573716
2618,2965.156982421875,2938.4196666137123
2619,2995.108154296875,2933.059938332315
2620,2995.108154296875,2935.1982137281325
2621,2995.108154296875,2939.6863175124254
2622,2935.205810546875,2946.103106251427
2623,3144.86376953125,2951.9616245573784
2624,3144.86376953125,2961.915836981412
2625,3144.86376953125,2974.9659493136996
2626,3114.911865234375,2997.436862623262
2627,3114.911865234375,3020.359364076524
2628,2995.108154296875,3042.389810367834
2629,2995.108154296875,3060.2778135567173
2630,3174.814453125,3074.2936522168106
2631,3264.66796875,3083.2831950715654
2632,3294.619384765625,3099.365499869502
2633,3234.717041015625,3123.560640519794
2634,3234.717041015625,3134.2393363965625
2635,3204.765380859375,3144.3308771072197
2636,3204.765380859375,3159.6561905472704
2637,3204.765380859375,3179.447768095398
2638,3204.765380859375,3202.211554482332
2639,3174.814453125,3231.3955011711855
2640,3174.814453125,3256.872540236075
2641,3204.765380859375,3262.6787741558765
2642,3204.765380859375,3250.047289165626
2643,3234.717041015625,3236.310636043893
2644,3234.717041015625,3229.772722649009
2645,3204.765380859375,3226.089868861983
2646,3174.814453125,3225.184176482855
2647,3174.814453125,3224.9908399943224
2648,3354.52099609375,3225.8257798740033
2649,3294.619384765625,3230.1891861521576
2650,3294.619384765625,3239.596148624918
2651,3354.52099609375,3254.542337363094
2652,3354.52099609375,3268.823573378866
2653,3594.129150390625,3284.9654089071346
2654,3564.17919921875,3310.2773923545365
2655,3504.27685546875,3340.442413530749
2656,3654.03271484375,3375.589396976018
2657,3833.73876953125,3421.4282606187207
2658,4073.346923828125,3474.3579739748902
2659,3953.542724609375,3524.843455180875
2660,4073.346923828125,3594.836598144175
2661,4163.2001953125,3674.741532224941
2662,4312.95556640625,3757.9201029337664
2663,4762.2216796875,3852.065311056941
2664,4702.31982421875,3939.845410965248
2665,4552.564453125,4043.2650338488475
2666,4732.2705078125,4163.961752849287
2667,4612.4658203125,4279.315903313929
2668,4492.662109375,4377.399197569221
2669,4432.7607421875,4454.112217681317
2670,4402.80908203125,4519.571866565515
2671,4133.2490234375,4568.980259223724
2672,4193.1513671875,4604.018346218919
2673,4013.44482421875,4612.377406807971
2674,4193.1513671875,4568.250190047349
2675,4163.2001953125,4511.439656806838
2676,3983.493896484375,4459.962835459235
2677,3893.64013671875,4392.667848623511
2678,3833.73876953125,4326.2875114534745
2679,3953.542724609375,4261.385629783982
2680,3953.542724609375,4202.886295774299
2681,3953.542724609375,4147.245845831904
2682,3953.542724609375,4101.526848799218
2683,3953.542724609375,4063.7756097697375
2684,3983.493896484375,4037.6942054713036
2685,4013.44482421875,4010.3140952655167
2686,4193.1513671875,3993.052900848409
2687,4193.1513671875,3996.7823526542743
2688,4133.2490234375,4013.6679448979285
2689,4103.29833984375,4045.3034707248185
2690,4103.29833984375,4070.4593558412917
2691,4256.40673828125,4093.4401299790197
2692,4195.1630859375,4122.455699809303
2693,4133.919921875,4149.644788330948
2694,4103.29833984375,4178.576823915796
2695,4164.541015625,4204.674935063316
2696,4164.541015625,4219.943988692285
2697,4287.02783203125,4214.947634378534
2698,4287.02783203125,4217.09476641724
2699,4256.40673828125,4222.726786145658
2700,4256.40673828125,4234.695935148905
2701,4348.27099609375,4247.377238755409
2702,4287.02783203125,4252.950885155691
2703,4348.27099609375,4264.306510351496
2704,4317.6494140625,4285.227712442722
2705,4317.6494140625,4307.350398656853
2706,4348.27099609375,4331.853307647558
2707,4225.78466796875,4348.952667044592
2708,4256.40673828125,4356.8898293723605
2709,4256.40673828125,4359.523271620641
2710,4287.02783203125,4365.914949764177
2711,4103.29833984375,4364.524658117853
2712,3858.324462890625,4344.125997957111
2713,3766.460693359375,4317.61303360515
2714,3858.324462890625,4275.201187542368
2715,3827.70361328125,4223.0921226648525
2716,3888.946044921875,4164.178136738067
2717,3919.568603515625,4106.07795552043
2718,3827.70361328125,4044.495503348483
2719,3888.946044921875,3987.9100093523025
2720,3827.70361328125,3933.9490003178435
2721,3827.70361328125,3886.5085939671653
2722,3705.217041015625,3872.0510302429548
2723,3705.217041015625,3880.0692107244286
2724,3643.97412109375,3884.4908896870493
2725,3674.595458984375,3871.633258372107
2726,3797.0810546875,3861.326843427708
2727,3827.70361328125,3839.904737794876
2728,3980.811767578125,3822.361338529332
2729,3950.189697265625,3815.2975619628796
2730,3980.811767578125,3815.46483174109
2731,3980.811767578125,3833.7278332414116
2732,4042.055419921875,3851.102352430038
2733,4042.055419921875,3889.3474499442823
2734,3980.811767578125,3927.1857457476212
2735,4072.67626953125,3972.471069209725
2736,4072.67626953125,4008.9837872460344
2737,4072.67626953125,4035.412210915869
2738,4072.67626953125,4061.660683705174
2739,3797.0810546875,4075.0336106064196
2740,3766.460693359375,4079.819820938882
2741,3674.595458984375,4069.874012261226
2742,3858.324462890625,4050.7726489964703
2743,3797.0810546875,4023.0183456285986
2744,3797.0810546875,3998.5331499236727
2745,4133.919921875,3974.790704497441
2746,3643.97412109375,3936.138302053945
2747,3643.97412109375,3903.7078925277156
2748,3521.487060546875,3863.8525969499447
2749,3735.838623046875,3827.2648993800817
2750,3705.217041015625,3811.1271902422504
2751,3613.35205078125,3811.502792415704
2752,3552.10888671875,3817.4766986883924
2753,3643.97412109375,3781.224647755311
2754,3613.35205078125,3762.8457047480706
2755,3582.73095703125,3736.785938838515
2756,3613.35205078125,3705.392360392381
2757,3552.10888671875,3697.7316662239045
2758,3552.10888671875,3700.1697591102684
2759,3582.73095703125,3701.1772022389578
2760,3582.73095703125,3672.1557950758615
2761,3735.838623046875,3655.907679832918
2762,3613.35205078125,3652.136460904335
2763,3705.217041015625,3654.4903150395785
2764,3980.811767578125,3653.864412060825
2765,3980.811767578125,3659.5568179907623
2766,3919.568603515625,3684.1557410418836
2767,3919.568603515625,3720.117233701986
2768,3888.946044921875,3766.4883010674166
2769,3888.946044921875,3811.202974925158
2770,3888.946044921875,3854.797384101037
2771,3919.568603515625,3894.10658712973
2772,3980.811767578125,3920.5973092307995
2773,3980.811767578125,3955.431290864857
2774,3919.568603515625,3977.1367084264866
2775,4103.29833984375,3971.9406770730425
2776,4133.919921875,3968.7776478374335
2777,4103.29833984375,3979.532631615455
2778,4103.29833984375,4001.8183605736904
2779,4103.29833984375,4029.705312297567
2780,4103.29833984375,4055.257934758026
2781,4072.67626953125,4081.2634537298827
2782,4133.919921875,4102.762551769652
2783,4133.919921875,4116.847633274156
2784,4133.919921875,4133.048244705236
2785,4072.67626953125,4150.57775514443
2786,4072.67626953125,4156.69366963436
2787,4072.67626953125,4153.388330250502
2788,4072.67626953125,4151.953554102391
2789,4072.67626953125,4148.028853578278
2790,4072.67626953125,4146.874470692557
2791,4072.67626953125,4148.61963191648
2792,4072.67626953125,4145.755715665733
2793,4072.67626953125,4139.517418474056
2794,4072.67626953125,4131.769264957046
2795,4103.29833984375,4125.150333408456
2796,4072.67626953125,4124.624772167896
2797,4072.67626953125,4126.85141270527
2798,4103.29833984375,4132.386814511256
2799,4225.78466796875,4134.02750760655
2800,4256.40673828125,4141.1124193435335
2801,4103.29833984375,4147.806833644023
2802,4103.29833984375,4158.937620882837
2803,4103.29833984375,4165.770923446822
2804,4103.29833984375,4172.889651456657
2805,4103.29833984375,4177.602593197942
2806,4225.78466796875,4171.651935612839
2807,4287.02783203125,4179.815747483644
2808,4287.02783203125,4188.923798258882
2809,3919.568603515625,4203.708151976984
2810,3919.568603515625,4202.860732282323
2811,3888.946044921875,4201.339805153376
2812,3827.70361328125,4194.626671130415
2813,3858.324462890625,4187.437693839479
2814,3766.460693359375,4169.84075214192
2815,3643.97412109375,4138.934289054713
2816,3582.73095703125,4095.6484533686007
2817,3552.10888671875,4024.2508280016186
2818,3552.10888671875,3949.39558937928
2819,3674.595458984375,3873.771735055263
2820,3552.10888671875,3821.451217828759
2821,3552.10888671875,3779.5386650088767
2822,3521.487060546875,3740.1229809781703
2823,3490.865966796875,3700.956691959741
2824,3490.865966796875,3665.3110191335873
2825,3490.865966796875,3638.6794965393083
2826,3490.865966796875,3618.796433895878
2827,3490.865966796875,3604.888384605498
2828,3429.622314453125,3594.081871268846
2829,3399.000244140625,3582.7775743443317
2830,3368.37939453125,3559.45642331737
2831,3368.37939453125,3539.486907762098
2832,3368.37939453125,3520.690897389694
2833,3337.757568359375,3502.671453568835
2834,3307.1357421875,3483.71602362442
2835,3276.513916015625,3463.4916782987334
2836,3245.892822265625,3441.540790827926
2837,3215.271240234375,3418.7199394805557
2838,3154.027587890625,3392.471667978589
2839,3245.892822265625,3366.6549565301502
2840,3184.649169921875,3342.2601388401654
2841,3184.649169921875,3320.799788613038
2842,3307.1357421875,3299.7289293857125
2843,3368.37939453125,3280.5729166085816
2844,3307.1357421875,3266.10921362055
2845,3368.37939453125,3261.241884490712
2846,3337.757568359375,3265.051649944599
2847,3337.757568359375,3275.856150407867
2848,3245.892822265625,3293.1052675846704
2849,3276.513916015625,3311.292283114746
2850,3399.000244140625,3326.5080962427082
2851,3429.622314453125,3338.8769012563475
2852,3429.622314453125,3353.772768159923
2853,3521.487060546875,3362.2903425279655
2854,3521.487060546875,3369.981229797201
2855,3582.73095703125,3385.167755617426
2856,3552.10888671875,3407.0729508624167
2857,3582.73095703125,3432.956590350873
2858,3643.97412109375,3462.7889842003806
2859,3643.97412109375,3507.3510822556154
2860,3674.595458984375,3556.3555918693264
2861,3613.35205078125,3593.653229881724
2862,3613.35205078125,3623.9741481015276
2863,3521.487060546875,3647.8536702052097
2864,3797.0810546875,3661.334587763506
2865,3797.0810546875,3673.7075191675826
2866,3797.0810546875,3686.967725159324
2867,3827.70361328125,3706.2109959976515
2868,3858.324462890625,3724.9452111571663
2869,3980.811767578125,3743.354850483512
2870,3980.811767578125,3770.1850436807918
2871,3980.811767578125,3799.3174608110157
2872,3980.811767578125,3834.885638011885
2873,3980.811767578125,3883.864986708296
2874,3980.811767578125,3933.659146550548
2875,3858.324462890625,3961.185492007682
2876,4011.43310546875,3978.6900428169147
2877,3827.70361328125,3993.194003272627
2878,3827.70361328125,3998.9071417984187
2879,3797.0810546875,3999.445786715976
2880,3674.595458984375,3988.633838621187
2881,3705.217041015625,3968.506916367286
2882,3705.217041015625,3942.7215050999685
2883,3674.595458984375,3911.153209244104
2884,3735.838623046875,3877.3173108775
2885,3735.838623046875,3846.9760626365187
2886,3735.838623046875,3826.784829077999
2887,3980.811767578125,3806.304748188876
2888,4072.67626953125,3801.0028396954344
2889,3919.568603515625,3805.089576526959
2890,3919.568603515625,3825.9543175197628
2891,3919.568603515625,3857.5008743430803
2892,3797.0810546875,3890.724355982604
2893,3797.0810546875,3920.0243448220454
2894,3797.0810546875,3948.5988940938946
2895,3797.0810546875,3959.2485039502644
2896,3797.0810546875,3970.5479699786565
2897,3797.0810546875,3970.445514723411
2898,3797.0810546875,3937.787046642775
2899,3827.70361328125,3904.548166521864
2900,3735.838623046875,3883.620020017464
2901,3735.838623046875,3867.585068065886
2902,3735.838623046875,3852.8693533301775
2903,3735.838623046875,3843.95131780239
2904,3797.0810546875,3838.103518047208
2905,3888.946044921875,3829.154685556645
2906,3980.811767578125,3823.145755287075
2907,4042.055419921875,3819.8910396688248
2908,4133.919921875,3830.363214736395
2909,4072.67626953125,3848.161443772353
2910,4042.055419921875,3871.621080488134
2911,4103.29833984375,3910.590409845939
2912,4287.02783203125,3952.040706293187
2913,4287.02783203125,3998.0860907450874
2914,4287.02783203125,4049.6893205412043
2915,3919.568603515625,4110.789085675669
2916,3980.811767578125,4145.720289094174
2917,3980.811767578125,4166.568222594222
2918,3919.568603515625,4174.484652326135
2919,3919.568603515625,4169.7089089352685
2920,3919.568603515625,4158.248815610834
2921,3919.568603515625,4144.843884022783
2922,3919.568603515625,4121.018105638454
2923,3919.568603515625,4082.5114352279597
2924,3919.568603515625,4037.5432399675037
2925,3919.568603515625,4000.1949781894987
2926,3919.568603515625,3994.1046271915457
2927,3919.568603515625,3986.910013855134
2928,3919.568603515625,3981.3349584434836
2929,3919.568603515625,3978.4468877121285
2930,3919.568603515625,3977.9698367201217
2931,3919.568603515625,3977.237754670363
2932,4042.055419921875,3977.186426399071
2933,4042.055419921875,3978.381670614487
2934,4042.055419921875,3980.5755013157027
2935,4168.369140625,3991.36752196399
2936,4042.05517578125,4005.4304618612687
2937,4042.05517578125,4021.6898491951624
2938,4073.6328125,4041.1821124710896
2939,4073.6328125,4059.521603160003
2940,4168.369140625,4078.9719986695436
2941,4168.369140625,4098.3638195636095
2942,4168.369140625,4118.989330554726
2943,4042.05517578125,4129.159775902035
2944,4042.05517578125,4140.358598261228
2945,4010.476318359375,4145.266990008099
2946,4010.476318359375,4137.37773406687
2947,4105.21142578125,4140.61745377841
2948,4105.21142578125,4141.152072949199
2949,4105.21142578125,4139.308482216798
2950,4105.21142578125,4140.254935281952
2951,4105.21142578125,4135.6247226367495
2952,4073.6328125,4128.300882829085
2953,4073.6328125,4124.055330287563
2954,4042.05517578125,4133.738056413931
2955,4073.6328125,4140.732187561297
2956,4073.6328125,4149.901228400069
2957,4073.6328125,4156.65723662611
2958,3978.897216796875,4147.76577102699
2959,4010.476318359375,4145.626891769157
2960,4010.476318359375,4137.0097808122755
2961,4010.476318359375,4129.478413758721
2962,4010.476318359375,4118.293480225879
2963,4010.476318359375,4105.0870179534895
2964,4010.476318359375,4096.28492393262
2965,3978.897216796875,4090.9989171389116
2966,3978.897216796875,4081.5325749013227
2967,3978.897216796875,4065.693676817346
2968,3978.897216796875,4058.742621160397
2969,3978.897216796875,4057.6916999666137
2970,3978.897216796875,4055.0270581808813
2971,4010.476318359375,4050.809082004721
2972,4263.10400390625,4047.715295613521
2973,4168.369140625,4048.5721758130876
2974,4231.52587890625,4055.79818997429
2975,4231.52587890625,4070.7081469915533
2976,4231.52587890625,4090.2875676850076
2977,4420.99755859375,4118.875401921192
2978,4420.99755859375,4153.401011352821
2979,4420.99755859375,4192.1178257446045
2980,4484.15478515625,4235.765978639836
2981,4484.15478515625,4281.932236138446
2982,4515.73388671875,4327.679815973184
2983,4515.73388671875,4358.929876547039
2984,4294.6826171875,4395.744525590948
2985,4420.99755859375,4421.062648302171
2986,4420.99755859375,4446.807902745477
2987,4673.6259765625,4462.077358949122
2988,4673.6259765625,4471.144950969341
2989,4673.6259765625,4484.228426677968
2990,4673.6259765625,4500.992843943906
2991,4673.6259765625,4512.178985200779
2992,4673.6259765625,4533.822204974844
2993,4420.99755859375,4553.43785738921
2994,4420.99755859375,4573.956082228959
2995,4420.99755859375,4600.91691090886
2996,4420.99755859375,4608.718808145222
2997,4420.99755859375,4609.420294519545
2998,4420.99755859375,4585.710055067457
2999,4420.99755859375,4557.4320020450705
3000,4420.99755859375,4526.580490401246
3001,4294.6826171875,4498.114435004793
3002,4294.6826171875,4465.948315753882
3003,4294.6826171875,4437.29486184538
3004,4294.6826171875,4428.127833879991
3005,4294.6826171875,4420.376862340243
3006,4294.6826171875,4406.589484809234
3007,4294.6826171875,4391.749575785733
3008,4294.6826171875,4375.529439482827
3009,4294.6826171875,4360.908933658182
3010,4294.6826171875,4345.492336410167
3011,4294.6826171875,4333.81746949566
3012,4294.6826171875,4333.781439062086
3013,4294.6826171875,4333.738162284331
3014,4420.99755859375,4333.736954560301
3015,4294.6826171875,4336.481306132038
3016,4294.6826171875,4339.4410351558645
3017,4294.6826171875,4344.252808980304
3018,4294.6826171875,4344.856067133487
3019,4294.6826171875,4347.688179984767
3020,4294.6826171875,4348.495946073765
3021,4294.6826171875,4350.064175727235
3022,4294.6826171875,4348.26506949662
3023,4294.6826171875,4349.050693978394
3024,4294.6826171875,4345.342779917737
3025,4294.6826171875,4333.736551985623
3026,4294.6826171875,4333.735344261593
3027,4294.6826171875,4333.735948123609
3028,4294.6826171875,4333.73574683627
3029,4294.6826171875,4333.735142974255
3030,4294.6826171875,4333.754667846079
3031,4294.6826171875,4333.719039987183
3032,4294.6826171875,4333.74077901973
3033,4294.6826171875,4333.723468308628
3034,4294.6826171875,4333.770770833151
3035,4294.6826171875,4333.755070420757
3036,4294.6826171875,4333.751849823342
3037,4294.6826171875,4333.796334325129
3038,4294.6826171875,4333.759700029539
3039,4294.6826171875,4333.786873820223
3040,4294.6826171875,4333.767550235737
3041,4294.6826171875,4333.829949310641
3042,4294.6826171875,4333.86658360623
3043,4294.6826171875,4333.893958684252
3044,4168.369140625,4333.904626913187
3045,4168.369140625,4331.132095114073
3046,4168.369140625,4325.381517143338
3047,4168.369140625,4314.671621729119
3048,4168.369140625,4303.367928666619
3049,4168.369140625,4289.138524140485
3050,4168.369140625,4274.188309655541
3051,4168.369140625,4257.48850562523
3052,4168.369140625,4242.662888002756
3053,4136.7900390625,4227.0319197393455
3054,4136.7900390625,4214.823238803403
3055,4136.7900390625,4213.5696212598505
3056,4136.7900390625,4211.569831552852
3057,4168.369140625,4208.806156396628
3058,4168.369140625,4206.441231457772
3059,4168.369140625,4203.911653476106
3060,4136.7900390625,4202.696481814189
3061,4136.7900390625,4200.761909204832
3062,4136.7900390625,4199.027416209843
3063,4136.7900390625,4196.782055949997
3064,4105.21142578125,4196.749648688515
3065,4105.21142578125,4196.55399739559
3066,4105.21142578125,4195.452150505192
3067,4105.21142578125,4192.112994848483
3068,4105.21142578125,4185.576591108637
3069,4231.52587890625,4178.518651874998
3070,4231.52587890625,4174.381995783551
3071,4231.52587890625,4176.267454282339
3072,4231.52587890625,4183.1792589083
3073,4231.52587890625,4190.902050220671
3074,4231.52587890625,4201.956146983555
3075,4231.52587890625,4215.754394030839
3076,4231.52587890625,4232.560477775825
3077,4231.52587890625,4247.477077275255
3078,4231.52587890625,4263.051081221899
3079,4231.52587890625,4274.840078057279
3080,4231.52587890625,4274.868660859332
3081,4231.52587890625,4274.877114927544
3082,4231.52587890625,4274.882147111004
3083,4231.52587890625,4274.859401641765
3084,4231.52587890625,4274.854570745643
3085,4231.52587890625,4274.914956947163
3086,4231.52587890625,4274.856986193705
3087,4231.52587890625,4274.88275097302
3088,4231.52587890625,4274.811495255226
3089,4231.52587890625,4275.611813712702
3090,4231.52587890625,4276.10637670315
3091,4231.52587890625,4277.509349451794
3092,4231.52587890625,4277.790145288862
3093,4263.10400390625,4278.874681468158
3094,4231.52587890625,4279.147627099028
3095,4231.52587890625,4280.280069664863
3096,4231.52587890625,4280.855348878008
3097,4231.52587890625,4281.16331850576
3098,4231.52587890625,4281.118431429297
3099,4231.52587890625,4278.670173532344
3100,4231.52587890625,4279.121862319712
3101,4231.52587890625,4278.588048298277
3102,4231.52587890625,4278.772024925574
3103,4231.52587890625,4277.908300956502
3104,4263.10400390625,4274.962460759026
3105,4263.10400390625,4275.6679728801155
3106,4263.10400390625,4277.120663601345
3107,4263.10400390625,4279.8563598175315
3108,4263.10400390625,4282.690485542196
3109,4231.52587890625,4286.248239248407
3110,4231.52587890625,4289.2172274897985
3111,4231.52587890625,4291.963994509598
3112,4231.52587890625,4292.839393144297
3113,4231.52587890625,4293.870185604241
3114,4263.10400390625,4293.186009941021
3115,4231.52587890625,4290.327125873733
3116,4231.52587890625,4286.86156176851
3117,4231.52587890625,4284.7353636129965
3118,4231.52587890625,4281.279863874693
3119,4231.52587890625,4279.493640033736
3120,4231.52587890625,4279.4823679427855
3121,4231.52587890625,4279.953179027302
3122,4231.52587890625,4279.180839509863
3123,4326.26171875,4279.326370255526
3124,4326.26171875,4280.664729768544
3125,4326.26171875,4281.822333251679
3126,4326.26171875,4290.483123560993
3127,4231.52587890625,4299.018511858484
3128,4231.52587890625,4308.023302229122
3129,4231.52587890625,4314.687926003528
3130,4231.52587890625,4319.398251009415
3131,4231.52587890625,4321.632540465649
3132,4231.52587890625,4322.7355950800775
3133,4231.52587890625,4319.888586965755
3134,4231.52587890625,4306.446014645424
3135,4231.52587890625,4295.542883386341
3136,4231.52587890625,4284.104327807114
3137,4231.52587890625,4275.273650984191
3138,4231.52587890625,4275.366243159855
3139,4042.05517578125,4275.3078698317195
3140,4042.05517578125,4270.88478185773
3141,4294.6826171875,4261.966545042603
3142,4294.6826171875,4250.633464028698
3143,4420.99755859375,4244.270972549229
3144,4420.99755859375,4245.139728701761
3145,4420.99755859375,4249.306980468646
3146,4357.84033203125,4261.510025359113
3147,4357.84033203125,4278.610995054854
3148,4357.84033203125,4298.375801386975
3149,4357.84033203125,4319.16878344364
3150,4357.84033203125,4360.59613313431
3151,4357.84033203125,4392.335523227814
3152,4484.15478515625,4402.012412021368
3153,4642.046875,4408.5204342465
3154,4705.20458984375,4412.098517973889
3155,4705.20458984375,4419.933828908426
3156,4705.20458984375,4439.156367150898
3157,4705.20458984375,4469.812630076475
3158,4705.20458984375,4504.036107213167
3159,4705.20458984375,4543.338063897678
3160,4673.6259765625,4583.7370365764655
3161,4673.6259765625,4621.712509700923
3162,4673.6259765625,4657.085740114553
3163,4673.6259765625,4682.761550426112
3164,4673.6259765625,4691.804987965723
3165,4484.15478515625,4688.569092713614
3166,4420.99755859375,4681.620855079403
3167,4420.99755859375,4668.92163689978
3168,4420.99755859375,4648.472252329764
3169,4420.99755859375,4625.0840726191145
3170,4420.99755859375,4598.355730815065
3171,4420.99755859375,4571.247559803455
3172,4420.99755859375,4541.096930671938
3173,4420.99755859375,4512.977693359548
3174,4231.52587890625,4484.050287383485
3175,5052.568359375,4455.134153498371
3176,6063.08349609375,4452.155906039412
3177,6189.39599609375,4482.344779765226
3178,6189.39599609375,4567.635659803215
3179,5999.9248046875,4685.144188650747
3180,5620.98193359375,4830.864949561008
3181,5336.775390625,4979.59777420308
3182,5431.51123046875,5148.9001519561925
3183,5368.353515625,5282.3621113832505
3184,5115.7255859375,5406.902814685105
3185,5115.7255859375,5509.52433327195
3186,5084.146484375,5538.422351296607
3187,5431.51123046875,5471.797651297754
3188,5494.66796875,5374.346600572376
3189,5431.51123046875,5304.385562939551
3190,5526.24658203125,5240.902555718436
3191,5431.51123046875,5206.58145422262
3192,5273.61767578125,5208.546421220075
3193,5305.19677734375,5213.770230226219
3194,5431.51123046875,5225.066676944534
3195,5242.04052734375,5236.206522113576
3196,5305.19677734375,5257.760571596729
3197,5273.61767578125,5276.308595968225
3198,5368.353515625,5256.9638763113435
3199,5273.61767578125,5237.495566228687
3200,5273.61767578125,5225.2099935294755
3201,5305.19677734375,5207.318568455838
3202,5368.353515625,5189.788454154629
3203,5368.353515625,5185.375631834898
3204,5399.93359375,5185.515123960409
3205,5363.1982421875,5185.057396552888
3206,5216.26171875,5181.278226774439
3207,5326.4638671875,5190.240948091351
3208,5326.4638671875,5201.045649841957
3209,4995.85546875,5205.483230504313
3210,4701.982421875,5211.303051319455
3211,4701.982421875,5203.968140708179
3212,4775.4501953125,5181.975083539977
3213,4775.4501953125,5138.401004385276
3214,5032.59033203125,5086.735174226917
3215,5069.32421875,5033.568545673452
3216,4959.12109375,4977.827653349195
3217,4995.85546875,4932.464129756123
3218,5142.79296875,4888.579464238272
3219,5326.4638671875,4857.905085452239
3220,5510.13525390625,4849.889622349834
3221,5142.79296875,4884.569216595339
3222,5142.79296875,4927.899738070577
3223,5142.79296875,4967.125205566495
3224,5252.99658203125,4993.088856771965
3225,4995.85546875,5019.631611650011
3226,5032.59033203125,5041.777647195397
3227,5032.59033203125,5069.652924253647
3228,5069.32421875,5078.460855607331
3229,5142.79296875,5081.126906404432
3230,5142.79296875,5062.021316105569
3231,5106.05859375,5038.957209009744
3232,5142.79296875,5026.6001793054
3233,5069.32421875,5019.959307436926
3234,4959.12109375,5012.585548369338
3235,4959.12109375,4998.515362127877
3236,4959.12109375,5000.751261882818
3237,4959.12109375,4997.778247894657
3238,4922.38720703125,4990.431662617754
3239,4922.38720703125,4980.213310883905
3240,4995.85546875,4960.641941683987
3241,4995.85546875,4941.191747461786
3242,4922.38720703125,4925.927122154262
3243,4959.12109375,4910.55661970674
3244,4959.12109375,4902.8819360682455
3245,4959.12109375,4904.519811140803
3246,4995.85546875,4907.054018731251
3247,4885.6533203125,4908.079779007735
3248,4959.12109375,4909.853925608388
3249,4959.12109375,4916.319476205117
3250,4922.38720703125,4920.749609235951
3251,4959.12109375,4918.819867522716
3252,4922.38720703125,4917.329938643883
3253,5363.1982421875,4921.2725537411125
3254,4922.38720703125,4921.228069239327
3255,4922.38720703125,4925.758040790006
3256,4848.9189453125,4933.956272795678
3257,4481.57666015625,4932.364089948938
3258,4628.51318359375,4922.975042049296
3259,4775.4501953125,4901.082628550293
3260,4775.4501953125,4881.200270412548
3261,4738.7158203125,4857.982178502845
3262,4738.7158203125,4834.411632463607
3263,4701.982421875,4806.537563129388
3264,4701.982421875,4766.482993086602
3265,4665.248046875,4738.974461558915
3266,4665.248046875,4719.566336390439
3267,4922.38720703125,4710.380387415242
3268,4628.51318359375,4733.534872526008
3269,4701.982421875,4731.895789729422
3270,4701.982421875,4716.220739538901
3271,4848.9189453125,4705.649933675515
3272,4848.9189453125,4708.003787810759
3273,4848.9189453125,4708.4053560508655
3274,4848.9189453125,4721.162343696608
3275,4701.982421875,4727.42761339163
3276,4701.982421875,4746.282399666847
3277,4701.982421875,4754.909776277986
3278,4628.51318359375,4757.666003802689
3279,4628.51318359375,4765.041171881647
3280,4628.51318359375,4758.668817322596
3281,4628.51318359375,4749.840757235072
3282,4665.248046875,4726.739009406965
3283,4628.51318359375,4704.581299195952
3284,4555.044921875,4681.162725097205
3285,4555.044921875,4660.602229916392
3286,4555.044921875,4648.519756141626
3287,4555.044921875,4636.87870549997
3288,4555.044921875,4624.487456948098
3289,4555.044921875,4617.855441722513
3290,4555.044921875,4607.841597924478
3291,4518.31103515625,4598.419337613999
3292,4481.57666015625,4588.3060578707955
3293,4518.31103515625,4572.370139289709
3294,4555.044921875,4561.148168886601
3295,4444.84228515625,4554.259914879232
3296,4481.57666015625,4548.714448706327
3297,4408.10791015625,4543.782305053525
3298,5106.05859375,4538.278706647007
3299,5767.2744140625,4546.275450026941
3300,5693.806640625,4563.0575805786575
3301,5326.4638671875,4619.733050015104
3302,5069.32421875,4695.250423337107
3303,4683.61474609375,4777.105932370633
3304,4812.1845703125,4845.539802967021
3305,4922.38720703125,4919.960965444102
3306,4701.982421875,4980.355218457476
3307,4959.12109375,5013.79387626175
3308,5014.22265625,5049.094844520894
3309,5142.79296875,5034.438912124691
3310,5069.32421875,4981.863061909427
3311,5106.05859375,4931.057735122726
3312,5142.79296875,4905.183455495506
3313,5142.79296875,4902.11301843556
3314,5106.05859375,4942.461669279748
3315,5106.05859375,4977.440376510114
3316,5289.72998046875,5008.368377342531
3317,4867.2861328125,5041.322335235937
3318,5032.59033203125,5057.836753627583
3319,5216.26171875,5060.4090045249895
3320,5032.59033203125,5040.761347423818
3321,4995.85546875,5037.293971732548
3322,5032.59033203125,5024.637829043344
3323,5161.16015625,5013.608289335745
3324,5142.79296875,4998.30622458328
3325,5087.69140625,4989.752921712671
3326,5142.79296875,4987.1774502178505
3327,5069.32421875,4973.833709980672
3328,5069.32421875,4988.392420592429
3329,5069.32421875,4988.36464293973
3330,5179.52685546875,4999.850299756142
3331,5179.52685546875,5007.421924277376
3332,5069.32421875,5025.5728087302095
3333,5050.95703125,5028.728591621637
3334,5069.32421875,5029.625729288882
3335,5142.79296875,5018.568411928585
3336,5032.59033203125,5004.580149633853
3337,4959.12109375,5018.214951362355
3338,5069.32421875,5015.4816705942285
3339,5142.79296875,5011.2371244894
3340,5142.79296875,5006.714399282902
3341,5142.79296875,4999.27965015178
3342,5197.89453125,4994.650645230608
3343,5179.52685546875,5001.469052531551
3344,5216.26171875,5009.166682926623
3345,5289.72998046875,5019.551901864004
3346,5289.72998046875,5037.664944297219
3347,5289.72998046875,5055.8601119645
3348,5289.72998046875,5084.311272097911
3349,5326.4638671875,5098.990151250691
3350,5142.79296875,5117.750131189521
3351,5142.79296875,5127.664539042387
3352,5032.59033203125,5137.825523884792
3353,5014.22265625,5134.504484088539
3354,5069.32421875,5125.172199218325
3355,5069.32421875,5113.064564526259
3356,4995.85546875,5093.508895738736
3357,5014.22265625,5068.919835767196
3358,5050.95703125,5044.609357472
3359,5252.99658203125,5017.997561036884
3360,5032.59033203125,4999.507909993525
3361,5069.32421875,4993.068526750787
3362,5069.32421875,4990.010569505823
3363,5069.32421875,4991.496472637888
3364,5069.32421875,4996.675797142244
3365,5014.22265625,4997.124667906875
3366,5014.22265625,5002.393162702143
3367,5032.59033203125,5008.588183116062
3368,4922.38720703125,5013.605672600346
3369,5032.59033203125,5004.356318113552
3370,4812.1845703125,4989.515000078683
3371,4922.38720703125,4980.806907244845
3372,4922.38720703125,4971.265686117373
3373,4848.9189453125,4952.648217614129
3374,4848.9189453125,4942.909332320348
3375,4775.4501953125,4924.550316759609
3376,4775.4501953125,4899.5081589893325
3377,4848.9189453125,4882.06016992219
3378,4628.51318359375,4871.111547724628
3379,4775.4501953125,4861.852330158252
3380,4904.0205078125,4848.5001358528625
3381,4775.4501953125,4831.463980680085
3382,4775.4501953125,4820.564673880432
3383,4701.982421875,4812.57880001677
3384,5032.59033203125,4801.599582143772
3385,4959.12109375,4791.168469693235
3386,4904.0205078125,4793.536615229505
3387,4904.0205078125,4807.695166612522
3388,4830.55126953125,4807.264411708348
3389,4959.12109375,4815.0411480274115
3390,4959.12109375,4838.780574143568
3391,4830.55126953125,4857.522236934603
3392,4665.248046875,4865.368618672753
3393,4665.248046875,4874.249214755599
3394,4738.7158203125,4881.21254894019
3395,4775.4501953125,4865.862577801185
3396,4665.248046875,4835.810378178145
3397,4665.248046875,4820.258717126064
3398,4665.248046875,4796.941793133208
3399,4757.08349609375,4774.543544552807
3400,4646.88037109375,4746.780183254708
3401,4646.88037109375,4718.4832092225115
3402,4757.08349609375,4701.644919503381
3403,4665.248046875,4694.726874969931
3404,4628.51318359375,4695.109723487566
3405,4628.51318359375,4689.478508908503
3406,4757.08349609375,4683.139568047627
3407,4757.08349609375,4686.494021542054
3408,4775.4501953125,4691.984133696898
3409,4775.4501953125,4699.2630864281
3410,4775.4501953125,4700.157607359948
3411,4775.4501953125,4709.3485885186055
3412,4775.4501953125,4716.640624926803
3413,4628.51318359375,4723.104162650148
3414,4628.51318359375,4726.076774063631
3415,4757.08349609375,4732.791317097961
3416,4757.08349609375,4737.265733343243
3417,4757.08349609375,4732.081376655426
3418,4757.08349609375,4726.989008281258
3419,4757.08349609375,4720.475752585327
3420,4757.08349609375,4719.314928504778
3421,4757.08349609375,4716.948997129231
3422,4885.6533203125,4714.996711234095
3423,4885.6533203125,4717.312119487704
3424,4885.6533203125,4730.556826354388
3425,4848.9189453125,4752.21031178271
3426,4848.9189453125,4765.093707876968
3427,4885.6533203125,4777.399409310019
3428,4885.6533203125,4792.518906446558
3429,4848.9189453125,4806.281324347605
3430,4848.9189453125,4817.335018535812
3431,4848.9189453125,4827.585374956467
3432,4885.6533203125,4833.673109219019
3433,4885.6533203125,4830.289670347863
3434,4848.9189453125,4827.935816212619
3435,4848.9189453125,4824.8064019625235
3436,4885.6533203125,4824.165301789721
3437,4885.6533203125,4822.053596322572
3438,4665.248046875,4816.000684769562
3439,4775.4501953125,4810.913549866193
3440,4775.4501953125,4809.4477754679665
3441,4885.6533203125,4801.545637137081
3442,4885.6533203125,4795.747354067145
3443,4885.6533203125,4787.211965769655
3444,4852.5673828125,4782.098059650278
3445,4815.80517578125,4781.358932543675
3446,4797.423828125,4785.497802795846
3447,4779.04345703125,4779.112968421814
3448,4797.423828125,4781.772578024086
3449,4797.423828125,4792.5676179824495
3450,4797.423828125,4795.148725522746
3451,4815.80517578125,4796.519492297246
3452,4815.80517578125,4789.552333653226
3453,4852.5673828125,4780.090218449744
3454,4815.80517578125,4771.701166047269
3455,4815.80517578125,4770.036922333382
3456,4852.5673828125,4770.5202132328795
3457,4852.5673828125,4769.198560568949
3458,4852.5673828125,4778.934225265315
3459,4852.5673828125,4785.722238178161
3460,4999.615234375,4791.367945445589
3461,4999.615234375,4796.201055727898
3462,5036.37646484375,4805.280724988421
3463,5036.37646484375,4816.646615838486
3464,4760.66259765625,4831.4708244495905
3465,4907.71044921875,4855.282714007571
3466,4981.234375,4864.265564058323
3467,4999.615234375,4872.901596025014
3468,4999.615234375,4881.860895457175
3469,4687.138671875,4894.287771867942
3470,4981.234375,4896.764813854286
3471,5036.37646484375,4889.728814940532
3472,4889.3291015625,4880.4611433059445
3473,4999.615234375,4873.578525344052
3474,4999.615234375,4878.567834600959
3475,4962.85302734375,4887.99351679619
3476,4962.85302734375,4898.5886784275235
3477,4962.85302734375,4898.362230171824
3478,4962.85302734375,4889.191377747005
3479,4944.47216796875,4885.037612231795
3480,4962.85302734375,4896.566948400639
3481,4999.615234375,4895.322590074654
3482,4999.615234375,4889.02994530161
3483,4999.615234375,4891.919827619011
3484,5146.66259765625,4893.730004653237
3485,5146.66259765625,4891.436536719513
3486,5109.900390625,4900.063913330653
3487,5128.28173828125,4916.343228111048
3488,5220.18603515625,4934.1062318627855
3489,5293.71044921875,4951.56267499814
3490,5367.23388671875,4972.215158492603
3491,5403.9951171875,4997.235979805009
3492,5514.28125,5022.265053898291
3493,5734.85205078125,5055.09038918246
3494,5661.32861328125,5088.885526863039
3495,5569.42333984375,5122.1194754441585
3496,5624.56640625,5157.632197983299
3497,5624.56640625,5203.388231886251
3498,5661.32861328125,5253.478988621634
3499,5661.32861328125,5302.14080654172
3500,5845.13818359375,5334.742511592927
3501,5808.3759765625,5365.142133162045
3502,5808.3759765625,5391.793381915488
3503,5808.3759765625,5417.827081114721
3504,6028.947265625,5432.51501819773
3505,6249.5185546875,5452.647375209767
3506,5661.32861328125,5479.438518663397
3507,5624.56640625,5504.579709804168
3508,5881.89990234375,5519.756573832148
3509,5771.61376953125,5538.229518026421
3510,5881.89990234375,5547.015307772881
3511,5881.89990234375,5557.825041706947
3512,5881.89990234375,5555.026141266502
3513,5881.89990234375,5556.132013903669
3514,5881.89990234375,5555.732458536946
3515,5881.89990234375,5543.113151430669
3516,5955.423828125,5518.543012468938
3517,5881.89990234375,5520.504960156318
3518,5881.89990234375,5544.9293670850475
3519,5881.89990234375,5560.516253421349
3520,5881.89990234375,5572.392407674255
3521,5881.89990234375,5575.878905662672
3522,5881.89990234375,5576.3251596919035
3523,5881.89990234375,5576.336029208177
3524,5881.89990234375,5575.159706002571
3525,5514.28125,5575.258336798386
3526,5863.51904296875,5567.667589980005
3527,5881.89990234375,5560.971766668146
3528,5881.89990234375,5551.4810686626115
3529,5881.89990234375,5550.715975489355
3530,5881.89990234375,5543.151396024965
3531,5881.89990234375,5542.1656919288225
3532,5881.89990234375,5538.771383541392
3533,5845.13818359375,5543.054979389872
3534,4779.04345703125,5539.045335608955
3535,5569.42333984375,5529.137570238256
3536,5587.8046875,5527.221314776692
3537,5753.2333984375,5483.988417660579
3538,5753.2333984375,5458.406205961375
3539,5808.3759765625,5420.84538475402
3540,5569.42333984375,5395.818927396138
3541,5661.32861328125,5372.094195255686
3542,5771.61376953125,5369.679351056908
3543,5955.423828125,5338.124541452715
3544,6028.947265625,5335.176889669194
3545,5220.18603515625,5420.639065232161
3546,5036.37646484375,5451.2156183717325
3547,5367.23388671875,5450.89134446957
3548,5367.23388671875,5433.7384426405215
3549,5477.51953125,5402.903436558447
3550,5293.71044921875,5370.407004785222
3551,4999.615234375,5336.0011613199395
3552,5073.13818359375,5308.1619146952635
3553,5109.900390625,5274.070884627237
3554,5109.900390625,5225.279638948561
3555,5109.900390625,5159.498332897601
3556,4779.04345703125,5144.238337198861
3557,4999.615234375,5140.450713352198
3558,4999.615234375,5111.925479478256
3559,4834.18701171875,5070.21974939858
3560,4999.615234375,5024.38803145639
3561,5036.37646484375,4994.168159480463
3562,5017.99560546875,4964.532825935248
3563,5036.37646484375,4942.650275515827
3564,5036.37646484375,4936.504771787154
3565,5036.37646484375,4921.970819518021
3566,4999.615234375,4910.526829180657
3567,4999.615234375,4920.859914697394
3568,4999.615234375,4924.170286264711
3569,4852.5673828125,4926.646523101701
3570,4852.5673828125,4940.453224217197
3571,4852.5673828125,4939.755361014966
3572,4981.234375,4926.5183030671415
3573,4999.615234375,4914.3778585389155
3574,4999.615234375,4907.066699833571
3575,5036.37646484375,4904.4233945057085
3576,5036.37646484375,4895.317759178532
3577,5036.37646484375,4893.281133888606
3578,5036.37646484375,4895.369288737163
3579,4926.09130859375,4899.273860527435
3580,4852.5673828125,4905.746657468347
3581,4907.71044921875,4915.352491831446
3582,4852.5673828125,4921.147353016628
3583,4926.09130859375,4915.9279723319305
3584,4834.18701171875,4906.435261453011
3585,4852.5673828125,4895.897265425784
3586,4834.18701171875,4883.834517810181
3587,4723.900390625,4861.188484516211
3588,4834.18701171875,4838.943214312994
3589,4889.3291015625,4812.371272770881
3590,4852.5673828125,4798.8125576562925
3591,4852.5673828125,4795.088943183241
3592,4834.18701171875,4783.882673192527
3593,4834.18701171875,4777.091640969607
3594,4779.04345703125,4773.131312586597
3595,4779.04345703125,4777.819898559936
3596,4779.04345703125,4777.068694213029
3597,4705.51953125,4773.060056868804
3598,4705.51953125,4780.852694887601
3599,4705.51953125,4782.797533151217
3600,4650.376953125,4774.904452750558
3601,4631.99658203125,4767.123690684727
3602,4613.615234375,4759.998521480063
3603,4705.51953125,4744.015300374453
3604,4779.04345703125,4727.1693617364635
3605,4760.66259765625,4714.995503510065
3606,4760.66259765625,4706.003595529083
3607,4742.28076171875,4697.805564810749
3608,4742.28076171875,4687.9211487713055
3609,4742.28076171875,4680.523637797787
3610,4852.5673828125,4691.362155821244
3611,4705.51953125,4704.307145841052
3612,4815.80517578125,4714.158752044337
3613,4779.04345703125,4728.863999838449
3614,4779.04345703125,4728.11299677888
3615,4779.04345703125,4731.910081130448
3616,4779.04345703125,4737.062030556783
3617,4852.5673828125,4742.767922738392
3618,4631.99658203125,4752.399119306129
3619,4650.376953125,4756.059126980246
3620,4650.376953125,4749.080494957938
3621,4650.376953125,4731.247443212436
3622,4650.376953125,4721.634161217817
3623,4650.376953125,4703.449460492133
3624,4650.376953125,4685.985368437918
3625,4558.47216796875,4664.080072549258
3626,4558.47216796875,4649.303569037354
3627,4374.66357421875,4627.880155036822
3628,4558.47216796875,4591.383338700246
3629,4484.9482421875,4582.21470043615
3630,4448.1865234375,4580.290997343067
3631,4448.1865234375,4574.1809201859505
3632,4135.71044921875,4549.942301470564
3633,4393.0439453125,4524.322046464404
3634,4172.47265625,4484.460913553819
3635,4172.47265625,4450.177855364961
3636,4117.330078125,4419.206779042128
3637,4117.330078125,4393.1336275245685
3638,4117.330078125,4380.718627066766
3639,4117.330078125,4338.941238694619
3640,4117.330078125,4304.196024776795
3641,4080.569091796875,4264.034973731996
3642,4080.569091796875,4229.0858557403735
3643,4080.569091796875,4216.807328098006
3644,3970.282470703125,4192.689884360336
3645,3988.6630859375,4166.956707157333
3646,4319.5205078125,4155.042107022792
3647,4337.9013671875,4143.642198612539
3648,4227.61572265625,4145.571739038436
3649,4264.3779296875,4151.3466727771165
3650,3712.94921875,4160.044097382019
3651,4043.80615234375,4155.057807435187
3652,3749.7109375,4154.581561592534
3653,3749.7109375,4139.190729123834
3654,3657.806396484375,4121.505019710042
3655,3654.13037109375,4096.189111159541
3656,3654.13037109375,4052.661126805334
3657,3329.9736328125,3977.2592924155715
3658,3329.9736328125,3897.1435098478323
3659,3606.24365234375,3820.8559105254426
3660,3333.65673828125,3737.025269483872
3661,3315.239501953125,3674.379315659491
3662,3315.239501953125,3610.852830373282
3663,3315.239501953125,3553.669211051047
3664,3315.239501953125,3498.9305283846816
3665,3315.239501953125,3455.659789248949
3666,3315.239501953125,3412.2985714546053
3667,3679.91552734375,3374.0366664476046
3668,3679.91552734375,3384.197148071664
3669,3333.65673828125,3394.358837419753
3670,3388.91064453125,3401.4468691104826
3671,3388.91064453125,3422.296614196576
3672,3609.927734375,3438.5309412568386
3673,3617.294189453125,3458.5441361645435
3674,3617.294189453125,3483.0624436366365
3675,3617.294189453125,3508.7603955554196
3676,3617.294189453125,3537.600644113956
3677,3617.294189453125,3563.3873637489733
3678,3683.59912109375,3555.1599450792337
3679,3683.59912109375,3558.483500967216
3680,3683.59912109375,3592.551483634995
3681,3683.59912109375,3627.089270950598
3682,3683.59912109375,3663.8718146640313
3683,3683.59912109375,3691.6470519150967
3684,3683.59912109375,3700.2893237892777
3685,3683.59912109375,3709.9060276686505
3686,3683.59912109375,3718.5260572919383
3687,3683.59912109375,3727.369817791857
3688,3602.560302734375,3734.216908538522
3689,3602.560302734375,3732.7008123056976
3690,3602.560302734375,3728.6861363413204
3691,3602.560302734375,3721.0688195942694
3692,3602.560302734375,3712.9376162722847
3693,3315.239501953125,3703.001368743203
3694,3683.59912109375,3686.7937122552776
3695,3573.091064453125,3670.0677408709744
3696,3573.091064453125,3650.468392731019
3697,3573.091064453125,3639.608336962352
3698,3573.091064453125,3624.080830390879
3699,3683.59912109375,3620.7941100858234
3700,3315.239501953125,3613.8147735578295
3701,3683.59912109375,3610.266480356524
3702,3536.254638671875,3603.0668348366517
3703,3536.254638671875,3599.4506071586366
3704,3333.65673828125,3617.7647356429115
3705,3333.65673828125,3591.7492529478036
3706,3333.65673828125,3580.6135341691993
3707,3259.9853515625,3551.7802300238372
3708,3186.313232421875,3529.465314401534
3709,3153.160888671875,3489.5274910150197
3710,3116.32470703125,3451.9878049781964
3711,3116.32470703125,3419.315146140203
3712,3116.32470703125,3356.5903883228384
3713,3167.895263671875,3310.640816644017
3714,3167.895263671875,3257.5253150745043
3715,3167.895263671875,3223.8018356863968
3716,3160.52783203125,3192.394368413913
3717,3160.52783203125,3169.370015567421
3718,3094.2236328125,3153.0531606984146
3719,3094.2236328125,3143.1308019956823
3720,3094.2236328125,3140.942305408934
3721,3094.2236328125,3138.2873254154447
3722,3094.2236328125,3135.611210251424
3723,3094.2236328125,3136.6080857948473
3724,3020.551025390625,3142.389662015695
3725,3020.551025390625,3129.7016152833544
3726,3278.403076171875,3115.8451961952733
3727,3241.567138671875,3105.1131591738294
3728,3131.05908203125,3102.942275229191
3729,3131.05908203125,3112.2584571123334
3730,3057.38720703125,3117.7938589183186
3731,3333.65673828125,3120.0742431750464
3732,3167.895263671875,3126.8655773289747
3733,3020.551025390625,3134.774458785698
3734,3241.567138671875,3145.147801770114
3735,3241.567138671875,3160.1504516067102
3736,3237.88330078125,3167.3094370842255
3737,3241.567138671875,3157.4113335057705
3738,3241.567138671875,3162.465859860319
3739,3241.567138671875,3180.375501438081
3740,3241.567138671875,3191.9868621973233
3741,3241.567138671875,3217.0607227233986
3742,3186.313232421875,3224.6019528565344
3743,3241.567138671875,3226.2986038319036
3744,3352.0751953125,3247.6702869864666
3745,3352.0751953125,3252.976925732361
3746,3352.0751953125,3254.6391565728636
3747,3462.583251953125,3261.696894519164
3748,3462.583251953125,3271.6914147327125
3749,3462.583251953125,3286.3173553154948
3750,3462.583251953125,3309.905513996843
3751,3458.899658203125,3337.0387452820833
3752,3444.16455078125,3367.6305962593724
3753,3444.16455078125,3409.6089700389116
3754,3609.927734375,3443.943457142731
3755,3573.091064453125,3462.9602797253588
3756,3573.091064453125,3480.8076228718855
3757,3573.091064453125,3500.9155234723075
3758,3573.091064453125,3519.74313595684
3759,3573.091064453125,3532.4747613979443
3760,3573.091064453125,3547.095971728274
3761,3573.091064453125,3562.222614565325
3762,3573.091064453125,3577.619686941515
3763,3215.78173828125,3593.3620677467293
3764,3304.188720703125,3601.9817954390096
3765,3304.188720703125,3595.4835356497906
3766,3304.188720703125,3568.091750778376
3767,3304.188720703125,3531.456549396651
3768,3304.188720703125,3495.800812203577
3769,3241.567138671875,3456.487784715455
3770,3241.567138671875,3412.393780365668
3771,3241.567138671875,3372.5061781700842
3772,3241.567138671875,3329.7206421635638
3773,3167.895263671875,3296.697743356755
3774,3167.895263671875,3297.9472345098693
3775,3167.895263671875,3293.2410358944207
3776,3167.895263671875,3276.812265265264
3777,3167.895263671875,3259.184023386585
3778,3167.895263671875,3240.3491645578706
3779,2946.87890625,3224.2730493455897
3780,2946.87890625,3211.2140300485785
3781,2946.87890625,3191.5575163045173
3782,3020.551025390625,3165.422066355723
3783,2873.207275390625,3134.7783838887963
3784,2652.191162109375,3104.7236681740264
3785,2578.51904296875,3065.656714457097
3786,2869.5234375,3020.3552880079214
3787,3020.551025390625,2963.609116393863
3788,3094.2236328125,2898.2324482149206
3789,3094.2236328125,2854.4493321592918
3790,3020.551025390625,2841.622044910613
3791,2946.87890625,2847.414691935073
3792,3020.551025390625,2856.9450435462722
3793,3020.551025390625,2878.1100549261337
3794,3020.551025390625,2901.9578239521834
3795,3020.551025390625,2947.430898179179
3796,3020.551025390625,2993.5991685511726
3797,3020.551025390625,3022.13683191826
3798,3020.551025390625,3026.832462948443
3799,3020.551025390625,3011.385119059488
3800,3020.551025390625,3003.4086553788975
3801,2983.71533203125,3004.3381499857915
3802,3016.86767578125,3012.735857743817
3803,3016.86767578125,3023.163598631436
3804,3016.86767578125,3021.7353643218225
3805,3016.86767578125,3022.5690461556387
3806,3016.86767578125,3023.951336630262
3807,2946.87890625,3023.450181479482
3808,2946.87890625,3020.157221266936
3809,2946.87890625,3015.5845768005156
3810,2917.410400390625,3007.528654943092
3811,2946.87890625,2998.0760505663493
3812,2784.80078125,2986.68067112121
3813,2781.117431640625,2971.190905925687
3814,2799.535400390625,2954.1284827552486
3815,2799.535400390625,2930.9590520596053
3816,2799.535400390625,2906.776944764474
3817,2799.535400390625,2881.1320320593595
3818,2722.179931640625,2865.210052626458
3819,3057.38720703125,2839.165433589117
3820,2799.535400390625,2816.4408479113363
3821,2799.535400390625,2802.5418062293497
3822,2806.902587890625,2794.458257684731
3823,2946.87890625,2798.1075971299133
3824,2946.87890625,2798.6385428067765
3825,2946.87890625,2813.08694795709
3826,2652.191162109375,2830.9157223466495
3827,2703.76171875,2839.5700211392996
3828,2434.85888671875,2850.0376672417565
3829,2398.02294921875,2869.469041097818
3830,2574.835693359375,2857.8007160218085
3831,2574.835693359375,2823.6296742367695
3832,2357.50341796875,2796.9707262426327
3833,2283.831298828125,2759.7483696947966
3834,2320.667236328125,2700.388934888133
3835,2504.84765625,2629.4178625521367
3836,2504.84765625,2555.5689348172086
3837,2504.84765625,2511.1976571587766
3838,2368.55419921875,2471.6846381194955
3839,2261.729736328125,2452.696486402131
3840,2320.667236328125,2444.7920206863946
3841,2305.933349609375,2417.2493961157675
3842,2305.933349609375,2397.370812115617
3843,2305.933349609375,2386.023464861603
3844,2291.198486328125,2386.9004737950095
3845,2276.46435546875,2384.7478063544963
3846,2276.46435546875,2355.2737039673393
3847,2276.46435546875,2326.603115474156
3848,2276.46435546875,2301.215866287766
3849,2431.17529296875,2281.3857390692206
3850,2283.831298828125,2274.4202960852485
3851,2283.831298828125,2277.1555315421374
3852,2357.50341796875,2284.6668547799477
3853,2368.55419921875,2285.4001476988515
3854,2412.75732421875,2287.32417788386
3855,2412.75732421875,2296.524946639348
3856,2412.75732421875,2312.285474756165
3857,2412.75732421875,2332.001528665902
3858,2412.75732421875,2346.8612393313174
3859,2412.75732421875,2360.6107371013322
3860,2412.75732421875,2360.0855155331546
3861,2412.75732421875,2375.5829044866196
3862,2412.75732421875,2390.145502460099
3863,2412.75732421875,2394.454347289088
3864,2357.50341796875,2395.36560023094
3865,2357.50341796875,2393.4415574654727
3866,2217.526611328125,2390.8843527966114
3867,2210.159423828125,2386.9093807597333
3868,2206.4755859375,2379.2186821973773
3869,2206.4755859375,2366.414756860411
3870,2206.4755859375,2347.861209667569
3871,2357.50341796875,2320.561400529344
3872,2394.339599609375,2296.587921270235
3873,2689.02734375,2278.4546101455785
3874,2659.55859375,2267.600786421616
3875,2652.191162109375,2272.141441926804
3876,2652.191162109375,2294.105560894997
3877,2652.191162109375,2338.0541382879046
3878,2652.191162109375,2395.542821151942
3879,2652.191162109375,2449.458024736457
3880,2652.191162109375,2510.320145007024
3881,2578.51904296875,2564.9880751739424
3882,2578.51904296875,2597.543635102822
3883,2578.51904296875,2620.979796682762
3884,2578.51904296875,2618.1189249030076
3885,2504.84765625,2608.499730092822
3886,2512.214599609375,2599.3916541566673
3887,2512.214599609375,2587.4586110697455
3888,2512.214599609375,2571.0921137109062
3889,2571.152099609375,2552.3905574220466
3890,2578.51904296875,2535.6185415590844
3891,2578.51904296875,2521.774652607819
3892,2578.51904296875,2513.0655784982064
3893,2578.51904296875,2510.8139028481182
3894,2571.152099609375,2510.4464024900353
3895,2504.84765625,2510.079556315802
3896,2475.378662109375,2516.4998927441434
3897,2431.17529296875,2519.805206967084
3898,2431.17529296875,2521.1327221247457
3899,2431.17529296875,2518.283751458874
3900,2394.339599609375,2507.7691047629014
3901,2394.339599609375,2494.681301376499
3902,2394.339599609375,2475.6355311585176
3903,2394.339599609375,2454.5129159243065
3904,2386.972412109375,2433.2817187514875
3905,2386.972412109375,2415.2276409279657
3906,2386.972412109375,2397.8027495829047
3907,2652.191162109375,2388.2868780796116
3908,2468.01123046875,2385.611932898245
3909,2468.01123046875,2384.5715163874343
3910,2578.51904296875,2391.740729777832
3911,2468.01123046875,2400.398211426521
3912,2504.84765625,2412.761770388903
3913,2541.68310546875,2426.472457443983
3914,2556.417724609375,2442.1409280546286
3915,2504.84765625,2456.1581757260906
3916,2504.84765625,2473.5988052249227
3917,2504.84765625,2487.8063574943826
3918,2541.68310546875,2484.4483814715336
3919,2504.84765625,2492.740363055065
3920,2512.214599609375,2495.4703729039425
3921,2578.51904296875,2489.1913653480747
3922,2659.55859375,2494.4305979965225
3923,2659.55859375,2502.9642501907197
3924,2659.55859375,2511.0076419113275
3925,2725.863037109375,2521.1763511553436
3926,2725.863037109375,2540.052373244761
3927,2725.863037109375,2562.0272390697555
3928,2762.69921875,2586.4391158616695
3929,3020.551025390625,2615.9731012320003
3930,3248.934326171875,2650.6650243269823
3931,3167.895263671875,2697.1244568339703
3932,3278.403076171875,2752.6296920067957
3933,3219.4658203125,2820.0422809699794
3934,3352.0751953125,2899.3752570786837
3935,3315.239501953125,2986.81019952347
3936,3315.239501953125,3077.1436796412086
3937,3278.403076171875,3162.6865714268743
3938,3204.7314453125,3245.32065988533
3939,3094.2236328125,3298.252889333229
3940,3536.254638671875,3329.7937094674026
3941,3536.254638671875,3338.093490935297
3942,3462.583251953125,3344.080480884981
3943,3573.091064453125,3357.1395001819924
3944,3573.091064453125,3353.9841198652425
3945,3536.254638671875,3375.540383509118
3946,3388.91064453125,3406.7220063879176
3947,3315.239501953125,3440.659051642067
3948,3241.567138671875,3463.948399269562
3949,3241.567138671875,3486.257779490059
3950,3241.567138671875,3508.2122901329576
3951,3094.2236328125,3488.3807570481576
3952,3057.38720703125,3450.7252301480858
3953,3094.2236328125,3406.5457793231485
3954,3131.05908203125,3356.3886984097626
3955,3131.05908203125,3294.7484767716946
3956,3131.05908203125,3246.1499637195357
3957,3131.05908203125,3211.164010144986
3958,3131.05908203125,3181.0312955865866
3959,3204.7314453125,3164.6815302377518
3960,3352.0751953125,3155.3631341938867
3961,3352.0751953125,3146.5764386544042
3962,3241.567138671875,3159.049711796673
3963,3278.403076171875,3190.876359951373
3964,3278.403076171875,3219.3503661976924
3965,3131.05908203125,3242.6434376409475
3966,3131.05908203125,3267.5281887125966
3967,3131.05908203125,3289.833241255318
3968,3131.05908203125,3299.542939885031
3969,3131.05908203125,3301.331981748726
3970,3131.05908203125,3288.1076049032195
3971,3131.05908203125,3261.6472771902486
3972,3131.05908203125,3228.4135298964666
3973,3131.05908203125,3195.459068784714
3974,3131.05908203125,3175.67212084537
3975,3131.05908203125,3156.4885317028784
3976,3131.05908203125,3145.3855221167637
3977,3131.05908203125,3145.3883401395015
3978,3094.2236328125,3145.38974915087
3979,3094.2236328125,3145.034577642264
3980,3167.895263671875,3143.6702520625927
3981,3167.895263671875,3142.503993223906
3982,3256.30126953125,3142.7295356865825
3983,3293.136962890625,3147.5123241342926
3984,3293.136962890625,3154.9236232904914
3985,3293.136962890625,3168.854619337449
3986,3293.136962890625,3186.9982574461
3987,3293.136962890625,3208.2434315084793
3988,3293.136962890625,3230.439486957457
3989,3293.136962890625,3256.71845477853
3990,3293.136962890625,3282.3043902934937
3991,3293.136962890625,3299.1196326123772
3992,3315.239501953125,3314.7352023944004
3993,3241.567138671875,3322.1017151178053
3994,3241.567138671875,3322.255297357004
3995,3241.567138671875,3321.4328372923037
3996,3241.567138671875,3318.3911843217493
3997,3167.895263671875,3314.3284006834947
3998,3241.567138671875,3309.5444045117547
3999,3241.567138671875,3301.730027460411
4000,3241.567138671875,3290.990643451115
4001,3241.567138671875,3281.662988189684
4002,3256.30126953125,3273.618338423211
4003,3263.6689453125,3264.5920103073636
4004,3315.239501953125,3259.093343440636
4005,3388.91064453125,3259.9709562360576
4006,3388.91064453125,3264.0296134838754
4007,3388.91064453125,3275.5717313987084
4008,3425.7470703125,3294.7060051432923
4009,3683.59912109375,3314.752412461833
4010,3609.927734375,3343.038818908764
4011,3536.254638671875,3377.53725454971
4012,3536.254638671875,3422.1626574728707
4013,3536.254638671875,3461.743598408403
4014,3536.254638671875,3500.711921329517
4015,3536.254638671875,3536.3974490486735
4016,3609.927734375,3565.2268280909366
4017,3536.254638671875,3585.95831686572
4018,3462.583251953125,3605.5229429398023
4019,3462.583251953125,3615.8613625710063
4020,3344.708251953125,3599.8483509393136
4021,3278.403076171875,3573.438043129935
4022,3278.403076171875,3557.5745879906735
4023,3315.239501953125,3537.9198858326577
4024,3388.91064453125,3501.1476077734824
4025,3315.239501953125,3463.345342403717
4026,3315.239501953125,3431.9480401418223
4027,3315.239501953125,3399.2250594692296
4028,3241.567138671875,3370.5022620726486
4029,3241.567138671875,3349.7813408831307
4030,3241.567138671875,3333.57066508513
4031,3241.567138671875,3330.7254685568537
4032,3278.403076171875,3326.6922741573435
4033,3204.7314453125,3325.3034921660565
4034,3204.7314453125,3321.4722896106305
4035,3204.7314453125,3306.3954653898336
4036,3204.7314453125,3289.623097274029
4037,3167.895263671875,3279.5120316915472
4038,3094.2236328125,3266.4477789237376
4039,3094.2236328125,3257.761827697124
4040,3131.05908203125,3245.926534773912
4041,3131.05908203125,3233.707588183711
4042,3131.05908203125,3216.578035685917
4043,3131.05908203125,3199.5796218890896
4044,3020.551025390625,3186.2676850513794
4045,3020.551025390625,3168.2088895558636
4046,3020.551025390625,3152.131365332214
4047,3050.020263671875,3131.176447611807
4048,3072.12158203125,3112.34692289756
4049,3079.48876953125,3100.84093605997
4050,3079.48876953125,3092.4327613603473
4051,3079.48876953125,3082.4049784141284
4052,3079.48876953125,3071.400398336491
4053,3079.48876953125,3061.28354574303
4054,3020.551025390625,3051.3022601719813
4055,2961.613525390625,3050.28757069911
4056,3020.551025390625,3056.134615626772
4057,3204.7314453125,3058.8968817716277
4058,3131.05908203125,3058.331364994395
4059,3131.05908203125,3057.4550605666727
4060,3057.38720703125,3058.2233240155088
4061,2983.71533203125,3058.488117509173
4062,2983.71533203125,3061.8399039463666
4063,3189.99658203125,3060.4981225485953
4064,3189.99658203125,3058.404633585572
4065,3116.32470703125,3062.4945406926763
4066,3116.32470703125,3080.6273092850533
4067,3116.32470703125,3089.9558703395073
4068,3116.32470703125,3090.0946076374994
4069,3116.32470703125,3091.468343400241
4070,3042.652587890625,3097.7839852516972
4071,3131.05908203125,3110.291577885163
4072,3116.32470703125,3124.1276669520657
4073,3116.32470703125,3134.009768187118
4074,3116.32470703125,3132.2125741862183
4075,3094.2236328125,3121.2026599941137
4076,3094.2236328125,3114.622476258166
4077,3167.895263671875,3111.877319537074
4078,3020.551025390625,3110.7178038242237
4079,3094.2236328125,3108.314231716396
4080,3094.2236328125,3109.003137632068
4081,3094.2236328125,3115.4502704373335
4082,3094.2236328125,3118.8581657201057
4083,3094.2236328125,3117.493638853096
4084,3094.2236328125,3115.4914336980364
4085,3094.2236328125,3111.0646219082864
4086,3057.38720703125,3111.4329777375574
4087,3057.38720703125,3109.558590042381
4088,3057.38720703125,3106.2385566828207
4089,3094.2236328125,3102.4984366480203
4090,3167.895263671875,3095.6832499444913
4091,3064.754638671875,3093.684164743177
4092,3064.754638671875,3091.660673452082
4093,3064.754638671875,3090.7949869314602
4094,3064.754638671875,3087.3167417239174
4095,3064.754638671875,3084.793906868088
4096,3057.38720703125,3082.094995912993
4097,3167.895263671875,3082.7041417208247
4098,3020.551025390625,3083.5646450924824
4099,3131.05908203125,3087.3439155146016
4100,3057.38720703125,3089.6640036988283
4101,3057.38720703125,3085.2020169466928
4102,3234.19970703125,3090.7924205178956
4103,3234.19970703125,3099.5272342459057
4104,3131.05908203125,3110.3249915833376
4105,3131.05908203125,3126.4243554832033
4106,3167.895263671875,3141.5276489889993
4107,3020.551025390625,3154.8331446318807
4108,3094.2236328125,3158.774853936088
4109,3020.551025390625,3169.2874877586773
4110,3020.551025390625,3170.0207775324666
4111,3057.38720703125,3167.8635811268396
4112,3020.551025390625,3162.4718984804713
4113,2961.613525390625,3135.6219791240283
4114,3020.551025390625,3106.2903881724587
4115,3020.551025390625,3082.769006565624
4116,3020.551025390625,3061.0959962654765
4117,2976.34814453125,3040.3828749603217
4118,2976.34814453125,3028.7384527557474
4119,2976.34814453125,3020.3994705787
4120,2983.71533203125,3013.9911359079106
4121,2946.87890625,3009.2059320121402
4122,2946.87890625,2999.155302953013
4123,2946.87890625,2989.398402442445
4124,2946.87890625,2982.2956264541776
4125,2946.87890625,2974.9033489514572
4126,2946.87890625,2964.1101205791397
4127,2873.207275390625,2955.5324116187503
4128,2946.87890625,2949.907235659839
4129,2946.87890625,2942.797817189404
4130,2946.87890625,2933.3637312477945
4131,2946.87890625,2928.4590633166836
4132,2946.87890625,2929.273874462525
4133,3020.551025390625,2928.048286180845
4134,2946.87890625,2928.326113029671
4135,2946.87890625,2931.2932896850175
4136,2946.87890625,2935.127612194189
4137,2946.87890625,2938.30105804956
4138,3039.54833984375,2949.898630626122
4139,3039.54833984375,2957.862060951551
4140,3039.54833984375,2964.312414354231
4141,3039.54833984375,2973.780064959519
4142,3039.54833984375,2983.891835047685
4143,3039.54833984375,2994.1001727364487
4144,3039.54833984375,2998.2596246189696
4145,3039.54833984375,3012.8630713416856
4146,3039.54833984375,3024.8575322277366
4147,3039.54833984375,3034.6690822506803
4148,3039.54833984375,3044.7233848037336
4149,3039.54833984375,3044.7189564822884
4150,3039.54833984375,3044.728316343524
4151,3039.54833984375,3044.7219757923644
4152,3039.54833984375,3044.729524067555
4153,3039.54833984375,3044.7287692400355
4154,3039.54833984375,3044.7280647343514
4155,3039.54833984375,3044.7204661373266
4156,3039.54833984375,3044.720768068334
4157,3039.54833984375,3044.7175474709197
4158,3039.54833984375,3044.718000367431
4159,3039.54833984375,3044.7184532639426
4160,2965.412841796875,3044.717849401927
4161,2891.278076171875,3042.987130544534
4162,2928.345703125,3038.4317967892157
4163,2928.345703125,3029.0404340851815
4164,2928.345703125,3017.1410311446894
4165,2928.345703125,3003.828742054137
4166,2928.345703125,2989.607036768696
4167,2891.278076171875,2972.68642052816
4168,2891.278076171875,2955.9299037902547
4169,2950.586181640625,2938.8627000455294
4170,2950.586181640625,2924.297296629771
4171,2891.278076171875,2919.3405959216843
4172,2891.278076171875,2919.633569642725
4173,2891.278076171875,2917.9368180236866
4174,2891.278076171875,2914.0491040480047
4175,2824.55615234375,2910.108250214985
4176,2824.55615234375,2904.859179647873
4177,2824.55615234375,2896.264713516562
4178,2824.55615234375,2885.633924026333
4179,2824.55615234375,2877.1708482051617
4180,2824.55615234375,2860.3320552676855
4181,2824.55615234375,2844.8115937530565
4182,2824.55615234375,2835.0551964608344
4183,2891.278076171875,2825.765534184526
4184,2891.278076171875,2817.397063412403
4185,2891.278076171875,2812.5432205342386
4186,2891.278076171875,2818.180926629965
4187,2891.278076171875,2825.0301812155185
4188,2891.278076171875,2831.3736510415083
4189,2891.278076171875,2840.434650901395
4190,2891.278076171875,2850.406677254877
4191,2891.278076171875,2859.86617572296
4192,2891.278076171875,2868.8424839352147
4193,2891.278076171875,2876.9065076080087
4194,2891.278076171875,2880.432961133098
4195,2891.278076171875,2880.435024328317
4196,2891.278076171875,2880.4292876391723
4197,2891.278076171875,2880.430092788526
4198,2891.278076171875,2880.4301431103604
4199,2891.278076171875,2880.4314011562255
4200,2817.142578125,2880.427576696796
4201,2817.142578125,2878.6675202098313
4202,2817.142578125,2874.780108165157
4203,2817.142578125,2867.077294621121
4204,2743.007080078125,2859.008540695874
4205,2743.007080078125,2847.538835901031
4206,2743.007080078125,2833.098985462599
4207,2743.007080078125,2813.9299896521416
4208,2743.007080078125,2795.424839483725
4209,2743.007080078125,2775.4758552369694
4210,3150.75146484375,2757.297394418775
4211,3113.684326171875,2753.653741340903
4212,3113.684326171875,2762.7218869013027
4213,3113.684326171875,2791.312841091232
4214,3113.684326171875,2825.362858864058
4215,3113.684326171875,2873.5157217490005
4216,3113.684326171875,2926.0185046604247
4217,3113.684326171875,2982.785308226669
4218,3113.684326171875,3033.736316724537
4219,3113.684326171875,3084.4180027636266
4220,3076.6162109375,3125.910569551939
4221,3076.6162109375,3127.286066578891
4222,3076.6162109375,3122.98516001931
4223,3076.6162109375,3119.4289159681375
4224,3076.6162109375,3115.47090238952
4225,2972.826416015625,3110.494978740616
4226,2972.826416015625,3102.8846064067397
4227,2965.412841796875,3091.6822111972906
4228,2928.345703125,3075.68716446055
4229,2876.45068359375,3057.8886838154194
4230,2817.142578125,3036.1588098421744
4231,2817.142578125,3014.0408538804954
4232,2846.79638671875,2985.18409976021
4233,2891.278076171875,2952.926394770327
4234,2891.278076171875,2919.0616116706624
4235,2891.278076171875,2890.9255165436816
4236,2891.278076171875,2874.196072952791
4237,2891.278076171875,2860.1212571025467
4238,2891.278076171875,2849.1717794337965
4239,2891.278076171875,2846.550162816647
4240,2891.278076171875,2850.9543297808277
4241,2891.278076171875,2859.2286484004144
4242,2891.278076171875,2871.5945850694816
4243,2957.999755859375,2878.3117951610448
4244,2965.412841796875,2881.263372047665
4245,2965.412841796875,2884.126634114563
4246,2965.412841796875,2890.4551080338424
4247,2965.412841796875,2898.9428918758017
4248,2965.412841796875,2908.43756530627
4249,2965.412841796875,2919.302401649223
4250,2965.412841796875,2930.7584189050554
4251,2965.412841796875,2941.9207579341632
4252,2965.412841796875,2951.9742050160285
4253,2965.412841796875,2961.5544255653163
4254,2965.412841796875,2964.892071566987
4255,2965.412841796875,2964.962975031938
4256,2965.412841796875,2964.459857329609
4257,2965.412841796875,2962.72043279483
4258,2965.412841796875,2962.721892128033
4259,2965.412841796875,2962.7208353695064
4260,2965.412841796875,2962.7161554388886
4261,2965.412841796875,2962.7152496458657
4262,2965.412841796875,2962.7152496458657
4263,2965.412841796875,2962.7152496458657
4264,2965.412841796875,2962.7152496458657
4265,2743.007080078125,2962.7152496458657
4266,2743.007080078125,2959.6440577584017
4267,2817.142578125,2950.545819740911
4268,2817.142578125,2936.354659809072
4269,2743.007080078125,2914.5596693818547
4270,2743.007080078125,2892.072049223205
4271,2743.007080078125,2865.426990055418
4272,2743.007080078125,2833.2085864183578
4273,2743.007080078125,2802.4105668847133
4274,2743.007080078125,2773.2089572319146
4275,2743.007080078125,2746.881529484122
4276,2743.007080078125,2736.306597230299
4277,2668.871826171875,2734.352701036455
4278,2668.871826171875,2724.5320930832836
4279,2668.871826171875,2713.1786317263654
4280,2579.909423828125,2705.8350154377035
4281,2446.4658203125,2696.408528093118
4282,2528.0146484375,2683.6481437235398
4283,2528.0146484375,2663.5912443024845
4284,2528.0146484375,2637.5911097669295
4285,2528.0146484375,2611.11427649221
4286,2528.0146484375,2584.908426296811
4287,2528.0146484375,2559.144276004612
4288,2535.428466796875,2540.4883364588172
4289,2535.428466796875,2525.407109077493
4290,2535.428466796875,2511.0287770818595
4291,2668.871826171875,2506.552498928698
4292,2668.871826171875,2512.2109376202798
4293,2668.871826171875,2513.4773872316546
4294,2698.526123046875,2527.4819034789625
4295,2646.631103515625,2542.886800900433
4296,2557.6689453125,2560.286002948931
4297,2557.6689453125,2576.051431154392
4298,2557.6689453125,2588.2364356671555
4299,2557.6689453125,2597.0048643806786
4300,2557.6689453125,2600.7215596014726
4301,2565.082275390625,2600.0088514580348
4302,2565.082275390625,2584.3835192400998
4303,2565.082275390625,2569.04831755955
4304,2594.736572265625,2554.838890801751
4305,2743.007080078125,2541.555033547748
4306,2743.007080078125,2537.8416344071197
4307,2705.939697265625,2546.9724558125135
4308,2743.007080078125,2562.3769758202247
4309,2743.007080078125,2582.3710484307817
4310,2743.007080078125,2604.8402004761333
4311,2743.007080078125,2630.304784886959
4312,2802.315185546875,2656.634477117309
4313,2802.315185546875,2682.5348234548524
4314,2802.315185546875,2708.398258726717
4315,2520.60107421875,2731.5466548954973
4316,2461.292724609375,2738.3421657616977
4317,2520.60107421875,2736.450517677254
4318,2490.947021484375,2728.9969481799913
4319,2520.60107421875,2701.664190820563
4320,2513.187255859375,2669.1783014716866
4321,2505.77392578125,2634.5915006891837
4322,2483.533447265625,2595.36505191749
4323,2483.533447265625,2552.042204522029
4324,2483.533447265625,2516.9564627494683
4325,2490.947021484375,2490.0390618128267
4326,2498.36083984375,2486.350395853905
4327,2498.36083984375,2488.7196987923703
4328,2490.947021484375,2490.3740291048407
4329,2520.60107421875,2493.471287702628
4330,2446.4658203125,2495.4374875850312
4331,2557.6689453125,2494.465596832487
4332,2646.631103515625,2492.9154075567203
4333,2705.939697265625,2493.7724890436257
4334,2542.842041015625,2500.7406038025038
4335,2542.842041015625,2506.1529184010574
4336,2490.947021484375,2509.621149563515
4337,2490.947021484375,2516.231627043892
4338,2705.939697265625,2523.0139787503444
4339,2557.6689453125,2528.9616673472065
4340,2565.082275390625,2535.1829305978704
4341,2594.736572265625,2545.2746222740316
4342,2594.736572265625,2549.897186000375
4343,2594.736572265625,2549.4535487065427
4344,2594.736572265625,2544.512271640761
4345,2594.736572265625,2545.04399730606
4346,2594.736572265625,2549.978380280502
4347,2594.736572265625,2561.8557674183567
4348,2594.736572265625,2570.866697052816
4349,2594.736572265625,2566.335039720677
4350,2594.736572265625,2564.5217427327057
4351,3039.54833984375,2566.3608296609095
4352,3432.4658203125,2570.629932821024
4353,3432.4658203125,2590.9073425212955
4354,2980.240234375,2642.5036027433202
4355,2980.240234375,2711.4634119940292
4356,3039.54833984375,2785.561558614813
4357,2965.412841796875,2848.1439056402596
4358,2965.412841796875,2920.4634773389457
4359,2957.999755859375,2985.0396760949084
4360,2743.007080078125,3036.857226584586
4361,2891.278076171875,3069.600386312854
4362,2891.278076171875,3068.7915634653305
4363,2891.278076171875,3010.488786541595
4364,2891.278076171875,2944.133107070512
4365,2891.278076171875,2923.1875995331748
4366,2765.247802734375,2907.3165961187233
4367,2765.247802734375,2882.3451908478933
4368,2765.247802734375,2867.383754593834
4369,2765.247802734375,2845.4130906420287
4370,2765.247802734375,2827.90114252311
4371,2765.247802734375,2827.4441699431086
4372,2765.247802734375,2809.6739198471887
4373,2765.247802734375,2789.7451146561075
4374,2765.247802734375,2772.255912006428
4375,2765.247802734375,2755.506943543712
4376,2765.247802734375,2742.4886849327268
4377,2765.247802734375,2742.487930105208
4378,2765.247802734375,2742.487930105208
4379,2891.278076171875,2742.487930105208
4380,2757.834228515625,2745.4725684371606
4381,2743.007080078125,2750.0080753896464
4382,2743.007080078125,2756.4045844293046
4383,2520.60107421875,2757.05413867032
4384,2520.60107421875,2754.6186121975206
4385,2520.60107421875,2748.262813522054
4386,2520.60107421875,2731.129033990153
4387,2520.60107421875,2700.22392959248
4388,2520.60107421875,2667.4912871276433
4389,2520.60107421875,2625.9830954096883
4390,2520.60107421875,2574.2719252783545
4391,2520.60107421875,2539.964712608888
4392,2520.60107421875,2515.4475122171566
4393,2520.60107421875,2496.2079903555073
4394,2594.736572265625,2496.2070845624844
4395,2594.736572265625,2497.673513144559
4396,2594.736572265625,2500.734514860517
4397,3032.134765625,2507.0185545998443
4398,3032.134765625,2518.6574665635303
4399,3032.134765625,2543.3430941356673
4400,2965.412841796875,2587.109352376705
4401,2965.412841796875,2641.2040162038616
4402,2965.412841796875,2698.2968046146434
4403,2965.412841796875,2757.685073832533
4404,2965.412841796875,2822.073169570761
4405,2965.412841796875,2873.5302144373654
4406,2965.412841796875,2922.7848235690376
4407,2965.412841796875,2965.624354904084
4408,2965.412841796875,2979.5086019666987
4409,2965.412841796875,2969.9695446781134
4410,2965.412841796875,2962.7203321511606
4411,2965.412841796875,2962.7152496458657
4412,2965.412841796875,2962.7152496458657
4413,2965.412841796875,2962.754450355019
4414,2965.412841796875,2962.9661039913462
4415,3113.684326171875,2962.8089992237256
4416,3039.54833984375,2965.5729763109575
4417,3150.75146484375,2970.526557065299
4418,3150.75146484375,2982.6689138232396
4419,3039.54833984375,2995.749068290783
4420,3039.54833984375,3014.405133641164
4421,3039.54833984375,3031.553103930422
4422,3061.953125,3046.6612283323398
4423,3061.953125,3058.965017535676
4424,3061.953125,3072.8893207786323
4425,3061.953125,3081.611453404323
4426,3211.316650390625,3077.6581700781576
4427,3211.316650390625,3081.906993538928
4428,3211.316650390625,3080.679442705699
4429,3211.316650390625,3087.346230318993
4430,3211.316650390625,3106.58326124983
4431,3211.316650390625,3129.2566696218223
4432,3211.316650390625,3152.3584174499288
4433,3211.316650390625,3175.368378251725
4434,3211.316650390625,3195.98020170383
4435,3211.316650390625,3217.0939351342345
4436,3211.316650390625,3233.0954733876383
4437,3248.657470703125,3233.085308377049
4438,3248.657470703125,3233.9785209411966
4439,3248.657470703125,3235.93120941101
4440,2890.184814453125,3239.684312479137
4441,2890.184814453125,3234.267972133815
4442,2890.184814453125,3224.6225848087206
4443,2890.184814453125,3199.5565744888427
4444,2890.184814453125,3162.140277590458
4445,2890.184814453125,3118.078177283808
4446,2987.271240234375,3066.294946285327
4447,2987.271240234375,3013.4643669433194
4448,2987.271240234375,2964.109315429786
4449,2987.271240234375,2918.299084910971
4450,2987.271240234375,2890.8212497023906
4451,2987.271240234375,2905.188334767991
4452,2912.589599609375,2917.663167887132
4453,2912.589599609375,2929.8954497635023
4454,2912.589599609375,2940.695823836333
4455,2912.589599609375,2945.5576678861994
4456,2912.589599609375,2951.509784804506
4457,3136.635009765625,2955.5017152996443
4458,3136.635009765625,2948.583872053531
4459,3285.998046875,2946.690311739373
4460,3285.998046875,2958.4151482356383
4461,3285.998046875,2977.9039896268127
4462,3285.998046875,3010.641161056763
4463,3285.998046875,3057.272643916248
4464,3285.998046875,3109.5011225072685
4465,3211.316650390625,3160.953890017932
4466,3211.316650390625,3212.468452741484
4467,3211.316650390625,3255.7813615746113
4468,3211.316650390625,3275.5881363167878
4469,3211.316650390625,3285.924039856262
4470,3211.316650390625,3283.415597045128
4471,2987.271240234375,3273.1892944614124
4472,2987.271240234375,3256.62163556876
4473,2987.271240234375,3235.003174137319
4474,2987.271240234375,3205.5501062770254
4475,2987.271240234375,3170.395977131243
4476,2987.271240234375,3140.4209712024794
4477,2987.271240234375,3108.941141131841
4478,2987.271240234375,3074.176553307697
