,y_actual,y_predict
0,1812.084228515625,1775.684206419117
1,1812.084228515625,1777.3499919336077
2,1802.3939208984373,1775.3987223791958
3,1802.3939208984373,1784.8332722783812
4,1802.3939208984373,1781.4889702678593
5,1802.3939208984373,1774.4342213386133
6,1816.9293212890625,1768.9279074002902
7,1826.61962890625,1754.4936990458405
8,1826.61962890625,1754.4034547080605
9,1826.61962890625,1768.1372241888516
10,1826.61962890625,1775.2933042147095
11,1889.6064453125,1776.00398424695
12,1913.8323974609373,1777.8030927341738
13,1870.2259521484373,1792.7313195457255
14,1846.000244140625,1809.168754892164
15,1807.2391357421875,1830.721226150185
16,1792.70361328125,1832.1904096065764
17,1812.084228515625,1835.1948742722261
18,1787.8585205078125,1834.4711344139039
19,1768.4779052734375,1831.3090122794415
20,1778.1683349609375,1824.9146771453593
21,1792.70361328125,1810.4748314559101
22,1797.548828125,1793.1859706134164
23,1715.1812744140625,1777.8657611082488
24,1797.548828125,1770.7577393632596
25,1802.3939208984373,1763.9575630870222
26,1841.1551513671875,1764.1043686859612
27,1836.3099365234373,1764.6827122790942
28,1826.61962890625,1782.310329977252
29,1889.6064453125,1789.96404575017
30,1894.4517822265625,1799.0089148675315
31,1918.6773681640625,1808.298726190611
32,1913.8323974609373,1824.5115137373286
33,1918.6773681640625,1858.323826262791
34,1918.6773681640625,1874.2842021349168
35,1928.36767578125,1891.1629938340059
36,1923.5225830078125,1889.3585768563248
37,1928.36767578125,1892.9544449411887
38,1933.212890625,1888.9240322834648
39,1947.748291015625,1906.9355524950727
40,1957.4385986328125,1906.1754518260052
41,1947.748291015625,1908.9336589077702
42,1957.4385986328125,1915.9408663118559
43,1947.748291015625,1920.2827417282892
44,1947.748291015625,1927.7180107699858
45,1947.748291015625,1922.2306288817017
46,1947.748291015625,1918.268240066302
47,1947.748291015625,1913.3770063541906
48,1947.748291015625,1915.0458454251393
49,1947.748291015625,1918.473345104692
50,1947.748291015625,1909.0912224209997
51,1928.36767578125,1908.1649143250374
52,1933.212890625,1913.3522020801938
53,1928.36767578125,1912.8470029086761
54,1908.987060546875,1910.962347862839
55,1928.36767578125,1902.3778611037508
56,1928.36767578125,1897.862214835965
57,1928.36767578125,1894.5055576662364
58,1947.748291015625,1896.4797054051871
59,1967.12890625,1893.3988078725058
60,1967.12890625,1905.310590681535
61,1967.12890625,1916.2298736861517
62,1976.8192138671875,1930.2710658355693
63,1986.5093994140625,1929.9975611325217
64,1986.5093994140625,1930.020862117185
65,1986.5093994140625,1924.0466023961314
66,1986.5093994140625,1931.167308144869
67,1986.5093994140625,1947.440790998412
68,2005.889892578125,1957.0306494768274
69,1996.19970703125,1964.1399865999829
70,1996.19970703125,1959.2011174071274
71,1996.19970703125,1962.340361357051
72,1996.19970703125,1955.3870844577918
73,1996.19970703125,1957.4975147703497
74,1996.19970703125,1953.6567044797675
75,1996.19970703125,1953.3704218173882
76,2015.580322265625,1955.5365677908555
77,2005.889892578125,1955.6044037220136
78,2005.889892578125,1966.9679557023637
79,1928.36767578125,1964.8811082412194
80,1870.2259521484373,1964.7311551302391
81,1787.8585205078125,1960.7989260570855
82,1753.9423828125,1941.1814700375621
83,1753.9423828125,1919.0527691870332
84,1744.2523193359375,1893.1010156511697
85,1744.2523193359375,1864.7628372767426
86,1802.3939208984373,1826.9510704582601
87,1802.3939208984373,1795.823820592947
88,1787.8585205078125,1763.593203334903
89,1792.70361328125,1745.2600731615871
90,1787.8585205078125,1736.6915118738716
91,1744.2523193359375,1730.7435127383562
92,1739.4071044921875,1729.5678935020514
93,1724.8717041015625,1729.989895004538
94,1724.8717041015625,1735.8510791810647
95,1724.8717041015625,1733.5602541485305
96,1720.0264892578125,1735.1435466608655
97,1710.3360595703125,1728.6362769156312
98,1686.1104736328125,1720.3686553612933
99,1700.6458740234375,1711.2920292567696
100,1671.5750732421875,1698.5095600571044
101,1632.8138427734375,1685.628531450535
102,1550.4464111328125,1673.645342398182
103,1526.220703125,1661.4502365276485
104,1419.62744140625,1651.257887871187
105,1434.1629638671875,1631.637049450664
106,1385.71142578125,1605.7695740730396
107,1308.1890869140625,1571.268895966375
108,1259.73779296875,1537.4944475409907
109,1439.008056640625,1499.4490366756845
110,1429.31787109375,1459.8136859405233
111,1371.176025390625,1413.1569170192993
112,1366.3309326171875,1388.2120619809918
113,1439.008056640625,1373.8785740118624
114,1434.1629638671875,1363.8037872790312
115,1434.1629638671875,1358.188273463993
116,1434.1629638671875,1362.0198056407223
117,1414.7823486328125,1371.237459075811
118,1414.7823486328125,1385.851850750175
119,1414.7823486328125,1400.1806174512426
120,1414.7823486328125,1406.3489424296458
121,1414.7823486328125,1408.155731785806
122,1414.7823486328125,1410.0367225638938
123,1424.4725341796875,1411.7663274083557
124,1487.45947265625,1407.4843721651853
125,1463.2337646484375,1399.3614422091619
126,1453.54345703125,1400.0735550640482
127,1443.8531494140625,1407.2571170980275
128,1468.0789794921875,1410.3409742315835
129,1453.54345703125,1409.5185340329824
130,1453.54345703125,1411.5794732420259
131,1458.3885498046875,1415.4967633774313
132,1458.3885498046875,1421.022784499356
133,1458.3885498046875,1424.8023827274046
134,1516.5303955078125,1426.425629851547
135,1521.3753662109375,1426.1010368000684
136,1550.4464111328125,1429.7482281223217
137,1521.3753662109375,1438.2672043509392
138,1550.4464111328125,1450.757753553226
139,1526.220703125,1459.314969704255
140,1521.3753662109375,1469.9647646070111
141,1550.4464111328125,1478.0580750653926
142,1526.220703125,1486.3010097902127
143,1526.220703125,1491.951921371267
144,1535.9110107421875,1497.3541090343745
145,1535.9110107421875,1500.4277484982442
146,1540.7559814453125,1500.139516257511
147,1531.0657958984375,1500.5022787647138
148,1501.9949951171875,1497.3874397775576
149,1482.6143798828125,1495.4889262831805
150,1482.6143798828125,1492.5499956368972
151,1482.6143798828125,1489.7226607347038
152,1497.1497802734375,1483.2026834968253
153,1477.7691650390625,1476.086393660504
154,1458.3885498046875,1470.6066926411565
155,1453.54345703125,1466.16783157384
156,1453.54345703125,1460.9280461365029
157,1448.698486328125,1453.7973106292459
158,1351.79541015625,1445.7542429190455
159,1395.4017333984375,1438.0307651255116
160,1356.640625,1433.766285620839
161,1361.4857177734375,1423.9733421490753
162,1342.1051025390625,1410.0659662392027
163,1342.1051025390625,1395.2257288314308
164,1337.260009765625,1381.99286005422
165,1337.260009765625,1368.2122302262476
166,1337.260009765625,1358.4688248357897
167,1342.1051025390625,1347.0310714335114
168,1288.8084716796875,1337.670394111712
169,1346.9503173828125,1329.2283440169388
170,1332.414794921875,1324.4964354852439
171,1356.640625,1319.2147928355373
172,1356.640625,1315.3140506272441
173,1356.640625,1316.7826820945838
174,1327.5697021484375,1320.4761700305185
175,1337.260009765625,1325.8147732526136
176,1317.87939453125,1328.5499142386732
177,1317.87939453125,1330.8587317654135
178,1317.87939453125,1329.2162472355863
179,1322.724609375,1326.5227990396252
180,1322.724609375,1321.7453220500195
181,1322.724609375,1316.6444734315185
182,1317.87939453125,1311.697019047237
183,1298.498779296875,1306.845822158068
184,1342.1051025390625,1303.7515242103154
185,1313.034423828125,1299.692924877595
186,1303.343994140625,1294.991457954896
187,1293.65380859375,1292.723980884817
188,1317.87939453125,1292.020417988013
189,1308.1890869140625,1291.0981499821332
190,1298.498779296875,1287.9537854529187
191,1298.498779296875,1285.8776724171687
192,1298.498779296875,1284.8863940353397
193,1283.96337890625,1284.5452178234052
194,1288.8084716796875,1282.1627626082368
195,1298.498779296875,1280.0049199594455
196,1298.498779296875,1276.0259362391419
197,1288.8084716796875,1273.5894095857723
198,1308.1890869140625,1273.133713262217
199,1308.1890869140625,1271.9430141547891
200,1298.498779296875,1270.4756510878244
201,1298.498779296875,1270.9445951486277
202,1298.498779296875,1273.6246781628615
203,1298.498779296875,1275.409528890316
204,1288.8084716796875,1276.5043815583085
205,1288.8084716796875,1276.480786962447
206,1274.273193359375,1276.007086400238
207,1274.273193359375,1275.1982462723226
208,1211.2862548828125,1273.3855024810698
209,1211.2862548828125,1270.6218929532638
210,1216.13134765625,1265.5917694001075
211,1216.13134765625,1254.12624037851
212,1250.04736328125,1239.7363790593877
213,1293.65380859375,1224.8260390420105
214,1274.273193359375,1213.680199764887
215,1269.4278564453125,1212.5558920215233
216,1327.5697021484375,1216.803071954417
217,1293.65380859375,1222.0277599039591
218,1283.96337890625,1230.9770527041871
219,1283.96337890625,1244.7778125158861
220,1283.96337890625,1258.6240115965688
221,1279.1182861328125,1268.7564048464237
222,1279.1182861328125,1276.022459882559
223,1245.2022705078125,1279.511512213635
224,1313.034423828125,1281.1852134860205
225,1342.1051025390625,1279.0652466817555
226,1317.87939453125,1271.1981342902197
227,1342.1051025390625,1271.9135825683138
228,1293.65380859375,1277.0567229437572
229,1337.260009765625,1285.8171180437182
230,1356.640625,1284.3627325916998
231,1327.5697021484375,1283.9018217332703
232,1332.414794921875,1287.2865246446204
233,1283.96337890625,1297.8170077010066
234,1264.582763671875,1306.3587681585793
235,1269.4278564453125,1309.4805833477972
236,1269.4278564453125,1306.3851109552531
237,1269.4278564453125,1296.5904997718853
238,1269.4278564453125,1286.7394917496292
239,1259.73779296875,1276.8595923855019
240,1245.2022705078125,1263.7759955412926
241,1245.2022705078125,1254.069221083882
242,1342.1051025390625,1243.8084962516584
243,1332.414794921875,1233.666202432211
244,1245.2022705078125,1230.0302740355085
245,1240.357177734375,1239.096048270159
246,1206.441162109375,1247.620321244786
247,1206.441162109375,1252.2681747627526
248,1153.1444091796875,1249.77088233587
249,1157.98974609375,1243.3688663328512
250,1143.4542236328125,1234.3729010966085
251,1153.1444091796875,1223.0768092250826
252,1162.834716796875,1206.2777270939935
253,1157.98974609375,1184.911199807589
254,1153.1444091796875,1165.399969383346
255,1153.1444091796875,1150.294474811075
256,1157.98974609375,1139.282075951163
257,1153.1444091796875,1129.8517863504587
258,1172.5250244140625,1123.605739918879
259,1162.834716796875,1123.632173735024
260,1157.98974609375,1127.2364123081256
261,1162.834716796875,1132.7857579036097
262,1162.834716796875,1138.7693985024357
263,1153.1444091796875,1142.1387161870168
264,1162.834716796875,1144.7674965166452
265,1162.834716796875,1148.5156666020728
266,1143.4542236328125,1150.1618682496653
267,1157.98974609375,1148.9641077929282
268,1157.98974609375,1145.4019257207967
269,1104.693115234375,1141.5296021403462
270,1090.1575927734375,1138.679127739648
271,1065.931884765625,1134.552384184012
272,1061.0867919921875,1129.2894298870503
273,1056.2415771484375,1120.8742140206932
274,1041.7061767578125,1109.4671044521233
275,969.0289916992188,1098.366181082023
276,978.7192993164062,1083.7056601523607
277,969.0289916992188,1066.1386526137808
278,973.8741455078124,1045.5903845025193
279,959.3386840820312,1024.6413136172584
280,959.3386840820312,1009.3034756957702
281,954.4935302734376,995.9566387959911
282,969.0289916992188,984.9195002565459
283,969.0289916992188,973.7431782648586
284,969.0289916992188,965.8730592946564
285,964.183837890625,959.82361161805
286,964.183837890625,958.4074191106514
287,959.3386840820312,957.6100415639013
288,969.0289916992188,957.2484652459381
289,964.183837890625,958.9092593700651
290,959.3386840820312,962.3690210480407
291,964.183837890625,964.154047942214
292,964.183837890625,966.4104030201175
293,964.183837890625,966.7529180991145
294,964.183837890625,967.0349845046923
295,954.4935302734376,966.6513873468882
296,964.183837890625,966.056613271122
297,959.3386840820312,967.0511683539194
298,959.3386840820312,967.3154888986974
299,949.6483764648438,968.4205474919281
300,939.9581298828124,969.2541566604964
301,969.0289916992188,969.0825115542168
302,959.3386840820312,968.0649960757454
303,954.4935302734376,968.0592765296107
304,954.4935302734376,967.2191726813453
305,939.9581298828124,965.9976326536922
306,935.1129760742188,965.8871996099463
307,920.5775756835938,964.84267190127
308,857.5906372070312,963.840060127203
309,872.1261596679688,961.5591591531568
310,881.8163452148438,957.4949694632288
311,872.1261596679688,951.7758696175792
312,872.1261596679688,943.6667276434083
313,852.7455444335938,935.7128002928838
314,813.984375,926.5425122162367
315,823.6746215820312,918.2128564880111
316,775.2232055664062,908.8251904249029
317,702.5459594726562,900.0003183058877
318,688.0106201171875,888.3563089093238
319,644.4042358398438,874.9103723580369
320,629.868896484375,855.4557413644088
321,625.023681640625,831.925152744042
322,581.4173583984375,807.3871723593065
323,581.4173583984375,783.5905719936618
324,566.8819580078125,758.0572496481187
325,557.191650390625,732.3026619038545
326,566.8819580078125,706.4498435972282
327,620.1785888671875,681.6947083705419
328,600.7979736328125,661.2710194905403
329,639.5591430664062,645.195735940013
330,644.4042358398438,631.032260598903
331,644.4042358398438,621.3623049857065
332,649.2493896484375,615.9264577348742
333,784.9135131835938,614.6799959887452
334,794.6038208007812,619.1870922984488
335,794.6038208007812,626.3691040653032
336,794.6038208007812,636.8428966716031
337,799.4489135742188,651.0087209022962
338,886.6614990234375,672.1554919515368
339,862.4358520507812,694.2958902721891
340,823.6746215820312,719.5710226747659
341,823.6746215820312,747.5343417606377
342,833.3649291992188,775.7511530103097
343,809.1392211914062,799.0591373648933
344,1007.7901611328124,817.6093049356809
345,1259.73779296875,831.4438182906881
346,1342.1051025390625,842.5171884519514
347,1250.04736328125,859.9405232230736
348,1211.2862548828125,908.3647845777338
349,1138.609130859375,993.06225484065
350,1104.693115234375,1078.6762412660796
351,1099.847900390625,1126.9222263055558
352,1095.002685546875,1175.5616209890695
353,1065.931884765625,1205.2233575379644
354,1061.0867919921875,1228.2978857568908
355,1032.015869140625,1237.0918347445454
356,1002.9449462890624,1219.8745093343025
357,1012.63525390625,1175.6630460412646
358,1051.396484375,1131.105274212553
359,1002.9449462890624,1108.254724359816
360,1012.63525390625,1088.4718977053117
361,1002.9449462890624,1060.508957377885
362,983.564453125,1029.0240773291084
363,964.183837890625,1010.0721615562637
364,983.564453125,995.4392606319857
365,978.7192993164062,990.1731911202146
366,969.0289916992188,989.7710494791525
367,978.7192993164062,990.2749450169513
368,1017.4804077148438,989.5430310228801
369,1041.7061767578125,984.7992605987909
370,1012.63525390625,987.7670473536015
371,1046.55126953125,987.3130187416502
372,1065.931884765625,988.3935549276343
373,1017.4804077148438,992.1543268056748
374,1032.015869140625,997.3077083397002
375,1007.7901611328124,1004.4925857518459
376,988.4096069335938,1013.5333678013328
377,1007.7901611328124,1019.3859080641942
378,998.099853515625,1022.6008684698268
379,978.7192993164062,1024.7680596991586
380,964.183837890625,1024.6206375167037
381,964.183837890625,1021.4495719851541
382,969.0289916992188,1015.4389162200113
383,1017.4804077148438,1009.3513343210244
384,1157.98974609375,1000.3555335070525
385,1095.002685546875,996.243954969787
386,1051.396484375,994.2265406847168
387,1046.55126953125,1001.4706218588028
388,1056.2415771484375,1013.3485806578361
389,1046.55126953125,1028.685766762465
390,1036.8609619140625,1038.4532365267007
391,998.099853515625,1051.6241181078153
392,1002.9449462890624,1061.0490493041584
393,1032.015869140625,1067.625458614269
394,1032.015869140625,1066.0756084173722
395,1012.63525390625,1057.1541029809114
396,998.099853515625,1045.855045636287
397,1012.63525390625,1036.8676538470222
398,1002.9449462890624,1035.532116335681
399,998.099853515625,1030.6631207356966
400,1002.9449462890624,1021.7482332956358
401,996.7215576171876,1010.6650682648113
402,1006.4456787109376,1004.7416150254385
403,1011.3078002929688,1000.2823655965412
404,1001.5836791992188,997.7414308012061
405,1011.3078002929688,996.5106948708354
406,1011.3078002929688,998.835273446678
407,996.7215576171876,1000.7290774174412
408,982.1354370117188,1001.4998303007677
409,996.7215576171876,1002.8358317178017
410,991.8595581054688,1003.1523328446667
411,991.8595581054688,1001.1195333328278
412,986.9974975585938,998.7725815837069
413,986.9974975585938,998.086036391932
414,986.9974975585938,998.0260809853253
415,1011.3078002929688,997.7407966010187
416,1025.89404296875,995.6437432146361
417,1001.5836791992188,994.0396512850433
418,991.8595581054688,993.0580385838485
419,986.9974975585938,994.9817556634516
420,986.9974975585938,997.0597595553158
421,986.9974975585938,998.2431183827969
422,1001.5836791992188,997.3531593531318
423,1011.3078002929688,997.8714535840745
424,996.7215576171876,998.5192773310733
425,1059.9283447265625,999.9266262691917
426,1127.9971923828125,1000.2501388314621
427,1050.2042236328125,999.7079681379079
428,1055.0662841796875,1003.2462414501961
429,1025.89404296875,1012.4123485033854
430,1035.6180419921875,1028.7246878628557
431,1021.0318603515624,1039.4982809910853
432,1021.0318603515624,1045.375801694662
433,1011.3078002929688,1047.0830685991891
434,996.7215576171876,1050.1026366248577
435,943.239013671875,1051.2841691906879
436,952.9630737304688,1047.5663173975533
437,991.8595581054688,1037.9873342779074
438,991.8595581054688,1021.7350501528512
439,967.5492553710938,1008.9683478745119
440,948.1010131835938,1001.7423414057673
441,962.6871948242188,995.5952151558507
442,948.1010131835938,986.337008142111
443,948.1010131835938,975.6150788402601
444,948.1010131835938,969.3411008084122
445,938.3768920898438,965.7318910307165
446,957.8251342773438,966.0824393120874
447,948.1010131835938,965.5857078875168
448,962.6871948242188,962.1462406155385
449,943.239013671875,957.5707681300731
450,957.8251342773438,954.3424307982652
451,938.3768920898438,955.7613362731322
452,972.4113159179688,957.8268675613106
453,996.7215576171876,958.0723735005286
454,967.5492553710938,956.0817483011529
455,967.5492553710938,955.6868647289023
456,962.6871948242188,957.1718327232918
457,1064.7904052734375,960.7306353305357
458,1001.5836791992188,965.5002670289342
459,1001.5836791992188,968.8592965771418
460,996.7215576171876,974.132541946589
461,1059.9283447265625,981.1129485205322
462,1059.9283447265625,991.5819846254266
463,1030.7559814453125,997.1711673882388
464,1030.7559814453125,1004.1111495724582
465,1030.7559814453125,1010.7973577261274
466,1030.7559814453125,1021.1270518287325
467,1040.4801025390625,1028.5054542536238
468,1050.2042236328125,1034.3845545854454
469,1040.4801025390625,1036.5867031639964
470,1040.4801025390625,1039.3004751270746
471,1035.6180419921875,1041.0977632248714
472,1050.2042236328125,1043.2222457693597
473,1050.2042236328125,1042.9562751296496
474,1050.2042236328125,1042.058782036647
475,1059.9283447265625,1040.8668673788598
476,1050.2042236328125,1041.4347173077804
477,1059.9283447265625,1043.5348007617251
478,1050.2042236328125,1046.0025206687574
479,1059.9283447265625,1046.936122066875
480,1069.6524658203125,1047.9234778031005
481,1064.7904052734375,1051.3831748866126
482,1074.5145263671875,1056.9609185571555
483,1069.6524658203125,1063.4377055878258
484,1108.5489501953125,1067.2322016480548
485,1098.82470703125,1068.663932060045
486,1079.37646484375,1072.225212745799
487,1089.1007080078125,1078.6840983017348
488,1089.1007080078125,1086.3519132843749
489,1069.6524658203125,1090.38851526615
490,1069.6524658203125,1093.4323326406513
491,1084.2386474609375,1093.5615890982933
492,1093.9627685546875,1092.6167600079687
493,1089.1007080078125,1091.527183533202
494,1332.2034912109375,1090.474329010954
495,1312.7552490234375,1088.1498766879267
496,1317.617431640625,1098.5601832129653
497,1332.2034912109375,1125.3524277968613
498,1337.0655517578125,1172.6283746555773
499,1307.8931884765625,1217.8933912655143
500,1293.3070068359375,1257.3015280390853
501,1288.4449462890625,1286.235502256247
502,1312.7552490234375,1308.2085656830047
503,1448.892822265625,1328.1355701162272
504,1444.03076171875,1334.6886432083304
505,1366.2379150390625,1345.1482720104448
506,1366.2379150390625,1356.0729574611025
507,1366.2379150390625,1361.7241509089067
508,1400.2723388671875,1360.6990954948737
509,1380.8240966796875,1360.5496356507058
510,1351.6517333984375,1353.357711569811
511,1366.2379150390625,1349.2357391961405
512,1366.2379150390625,1347.518019732969
513,1361.3758544921875,1341.0934309010572
514,1371.0999755859375,1338.0499746683295
515,1356.5137939453125,1330.5710632581804
516,1351.6517333984375,1333.6466288115082
517,1351.6517333984375,1337.3566764190032
518,1317.617431640625,1334.1061420806357
519,1298.169189453125,1331.492626597185
520,1351.6517333984375,1330.5293000013942
521,1409.996337890625,1325.5959741879544
522,1405.1343994140625,1319.1048882919474
523,1341.9276123046875,1316.4656407231148
524,1337.0655517578125,1325.6803932795685
525,1385.6861572265625,1334.004082828253
526,1662.8233642578125,1337.3740582019175
527,1764.9266357421875,1336.6378692288054
528,1706.5819091796875,1364.2103095991656
529,1769.78857421875,1422.8645018436157
530,1726.0301513671875,1493.9364746910705
531,1691.9957275390625,1548.2066054621762
532,1711.4439697265625,1584.061230502289
533,1691.9957275390625,1611.2201723504531
534,1682.271484375,1648.375377552688
535,1682.271484375,1682.627214296927
536,1667.6854248046875,1696.4618920742048
537,1677.4095458984375,1691.678895194079
538,1677.4095458984375,1680.964576294477
539,1672.5474853515625,1671.1845047376282
540,1672.5474853515625,1656.595645493032
541,1667.6854248046875,1637.324979531547
542,1701.7197265625,1624.1465815037664
543,1682.271484375,1618.358165926522
544,1682.271484375,1617.2875420545781
545,1667.6854248046875,1621.4082930056654
546,1662.8233642578125,1626.5614748840762
547,1662.8233642578125,1631.2754144104613
548,1677.4095458984375,1635.803227926287
549,1682.271484375,1637.772489974905
550,1687.1336669921875,1637.5309301701866
551,1667.6854248046875,1638.8795216353856
552,1667.6854248046875,1642.2941024222316
553,1672.5474853515625,1641.7418315034704
554,1672.5474853515625,1639.236224007464
555,1696.8577880859375,1636.3474186648828
556,1706.5819091796875,1634.7154571603874
557,1764.9266357421875,1633.9478870224457
558,1711.4439697265625,1637.487428735109
559,1706.5819091796875,1648.3367148301513
560,1750.3404541015625,1659.8488575655242
561,1740.6162109375,1667.845511217564
562,1726.0301513671875,1672.4142893677179
563,1701.7197265625,1678.3565572126508
564,1682.271484375,1683.527120873976
565,1657.9613037109375,1689.941703436264
566,1682.271484375,1690.2399654355168
567,1682.271484375,1683.152519963275
568,1657.9613037109375,1671.8964531702436
569,1662.8233642578125,1662.5819315287508
570,1672.5474853515625,1655.6627605062372
571,1667.6854248046875,1647.5595612227112
572,1677.4095458984375,1636.8661004626065
573,1672.5474853515625,1629.108704703494
574,1823.271240234375,1625.8988531327045
575,1779.3887939453125,1624.6471768517013
576,1744.885498046875,1638.7859888521893
577,1700.52392578125,1663.3251671706123
578,1725.169189453125,1682.9646557744245
579,1735.02734375,1691.5875233892993
580,1730.0982666015625,1698.596093149343
581,1705.4530029296875,1699.4935568812257
582,1705.4530029296875,1704.7757867533282
583,1690.6658935546875,1710.4145310863423
584,1690.6658935546875,1708.5377213317124
585,1685.73681640625,1698.6484733870443
586,1680.8077392578125,1687.548983573618
587,1685.73681640625,1678.3474435210687
588,1685.73681640625,1668.5034351897698
589,1705.4530029296875,1657.5619316896978
590,1789.2469482421875,1649.3115509848992
591,1769.53076171875,1646.1757833915585
592,1725.169189453125,1654.7624781068546
593,1720.240234375,1667.8119690743183
594,1725.169189453125,1680.4896777985807
595,1720.240234375,1685.5538837395866
596,1715.3111572265625,1689.316616940429
597,1725.169189453125,1693.286005446786
598,1700.52392578125,1698.302153106923
599,1695.594970703125,1699.988984672078
600,1695.594970703125,1698.2482695798883
601,1680.8077392578125,1690.102790283868
602,1675.878662109375,1682.9827892020053
603,1705.4530029296875,1676.5419460541793
604,1685.73681640625,1669.0949325645677
605,1685.73681640625,1658.8687598981105
606,1675.878662109375,1652.6743622453355
607,1710.382080078125,1650.9248623061053
608,1700.52392578125,1648.9571505246122
609,1695.594970703125,1647.9416785800781
610,1695.594970703125,1650.7095630869253
611,1695.594970703125,1653.5411964570558
612,1680.8077392578125,1655.8160490404255
613,1690.6658935546875,1657.4915589577902
614,1680.8077392578125,1657.6835571923068
615,1675.878662109375,1656.286249757156
616,1666.0206298828125,1654.7880340255178
617,1666.0206298828125,1653.1488849188986
618,1675.878662109375,1649.5889548446548
619,1646.3043212890625,1645.7395006404072
620,1641.3753662109375,1640.9784893667784
621,1601.94287109375,1637.636583223631
622,1636.4462890625,1632.445396311767
623,1631.5172119140625,1626.2652329298649
624,1670.9495849609375,1616.40464143811
625,1636.4462890625,1606.192421175776
626,1557.5814208984375,1601.9774327746177
627,1685.73681640625,1603.7311137373056
628,1739.9564208984375,1601.2580148731283
629,1710.382080078125,1598.6403653440116
630,1730.0982666015625,1607.9417801816312
631,1764.6016845703125,1621.868769319522
632,1695.594970703125,1637.909759082137
633,1710.382080078125,1656.8558085032482
634,1705.4530029296875,1667.648580314923
635,1695.594970703125,1676.7926665282716
636,1710.382080078125,1682.0165969609232
637,1675.878662109375,1688.19605567595
638,1670.9495849609375,1686.4011282121842
639,1666.0206298828125,1684.1257588731064
640,1715.3111572265625,1678.535166776544
641,1705.4530029296875,1669.9823900268268
642,1690.6658935546875,1657.770278195712
643,1764.6016845703125,1650.0952345053802
644,1749.8145751953125,1650.6151377256874
645,1730.0982666015625,1656.7032246359347
646,1769.53076171875,1664.3580678758526
647,1784.31787109375,1673.463397411081
648,1784.31787109375,1681.8719523404002
649,1764.6016845703125,1693.0146617221546
650,1754.7435302734375,1707.7900227996433
651,1754.7435302734375,1717.476138773171
652,1749.8145751953125,1723.9288673022872
653,1823.7503662109373,1727.6803728109226
654,1823.7503662109373,1729.180044854102
655,1818.8212890625,1731.1694603753424
656,1818.8212890625,1740.2106182471625
657,1833.6083984375,1749.07006602084
658,1863.1827392578125,1752.4533595984399
659,1922.3314208984375,1756.1190366817116
660,1907.5443115234373,1763.9716094467285
661,1902.615234375,1781.031077732544
662,1907.5443115234373,1800.650130996984
663,1902.615234375,1817.3240995244332
664,1887.8280029296875,1828.4158849800274
665,1868.11181640625,1836.2668605001277
666,1922.3314208984375,1845.3304267785702
667,1912.473388671875,1852.112986382935
668,1907.5443115234373,1852.4770642683043
669,1882.8990478515625,1851.1138627098987
670,1887.8280029296875,1852.3514926311955
671,1882.8990478515625,1853.5991757999077
672,1873.0408935546875,1852.4776749795958
673,1873.0408935546875,1849.113830207743
674,1873.0408935546875,1844.8799567343372
675,1858.2537841796875,1842.4557147734868
676,1848.3956298828125,1841.6339792417607
677,1833.6083984375,1839.1592361548755
678,1823.7503662109373,1834.1926500649402
679,1799.1051025390625,1828.4442125883986
680,1779.3887939453125,1823.3598061969788
681,1764.6016845703125,1816.087221247803
682,1769.53076171875,1804.582125181179
683,1764.6016845703125,1792.1317889685538
684,1779.3887939453125,1778.3194726201064
685,1779.3887939453125,1766.367617754791
686,1774.4598388671875,1754.9115665026607
687,1759.672607421875,1747.5614212194532
688,1744.885498046875,1742.5045438139464
689,1744.885498046875,1737.2136700281785
690,1744.885498046875,1732.849949938623
691,1739.9564208984375,1727.846674193401
692,1739.9564208984375,1723.5764868870415
693,1720.240234375,1718.4771415578737
694,1720.240234375,1715.2139232157579
695,1705.4530029296875,1712.6976517610444
696,1695.594970703125,1709.0702146001845
697,1700.52392578125,1702.423890591635
698,1715.3111572265625,1695.0666986396786
699,1700.52392578125,1687.1865499109567
700,1700.52392578125,1680.884854982029
701,1735.02734375,1676.142869714023
702,1754.7435302734375,1671.8199263476288
703,1759.672607421875,1671.216120791416
704,1749.8145751953125,1675.302577954591
705,1744.885498046875,1684.4717033308943
706,1730.0982666015625,1691.2986099705868
707,1720.240234375,1696.590047489855
708,1710.382080078125,1699.9503219495414
709,1700.52392578125,1704.312350838597
710,1690.6658935546875,1706.2267898043472
711,1710.382080078125,1706.0039271607097
712,1700.52392578125,1700.4011208383158
713,1700.52392578125,1691.8190769243938
714,1710.382080078125,1684.6294077774987
715,1730.0982666015625,1679.7555558483014
716,1700.52392578125,1674.5192232786515
717,1700.52392578125,1671.1932426068772
718,1705.4530029296875,1669.2055652639283
719,1700.52392578125,1669.2591199464214
720,1685.73681640625,1669.156332538268
721,1675.878662109375,1669.3647729998656
722,1680.8077392578125,1670.1052369520191
723,1680.8077392578125,1669.7292736853599
724,1680.8077392578125,1667.6839545920434
725,1675.878662109375,1662.582730151209
726,1680.8077392578125,1658.8797996791507
727,1685.73681640625,1654.329014023203
728,1670.9495849609375,1651.3676749702977
729,1675.878662109375,1648.1392671718022
730,1670.9495849609375,1644.4154315824549
731,1661.091552734375,1641.6498020096074
732,1675.878662109375,1640.4995507807992
733,1670.9495849609375,1639.7795691458098
734,1646.3043212890625,1638.2134235274307
735,1641.3753662109375,1636.6643308474245
736,1636.4462890625,1636.0825578755007
737,1651.2333984375,1634.5562964022415
738,1651.2333984375,1629.417019950162
739,1666.0206298828125,1622.8258948468138
740,1675.878662109375,1618.3099197344864
741,1661.091552734375,1617.3708336791924
742,1656.1624755859375,1619.4729019448346
743,1641.3753662109375,1620.3592789178856
744,1636.4462890625,1620.2719941809805
745,1636.4462890625,1619.373778804431
746,1636.4462890625,1619.012848431103
747,1626.588134765625,1618.0664338403099
748,1621.6590576171875,1615.149582756107
749,1656.1624755859375,1611.614222066902
750,1656.1624755859375,1606.8390704779833
751,1651.2333984375,1604.4929056068727
752,1646.3043212890625,1604.1492160830844
753,1661.091552734375,1605.1941431029895
754,1656.1624755859375,1605.7849827887042
755,1666.0206298828125,1606.8597876841056
756,1700.52392578125,1608.4660993143543
757,1680.8077392578125,1611.4276262784263
758,1710.382080078125,1619.1150721057563
759,1705.4530029296875,1627.7947358707488
760,1715.3111572265625,1636.003212385386
761,1725.169189453125,1642.226924180157
762,1720.240234375,1651.2290435071072
763,1720.240234375,1659.5638902813114
764,1715.3111572265625,1666.5590243929403
765,1715.3111572265625,1670.2811218039963
766,1725.169189453125,1673.9948101903449
767,1744.885498046875,1677.5146212305108
768,1739.9564208984375,1679.764622562092
769,1725.169189453125,1682.453913223491
770,1725.169189453125,1685.1972283452997
771,1730.0982666015625,1686.8231297146708
772,1720.240234375,1687.037066577893
773,1730.0982666015625,1687.0241476851863
774,1720.240234375,1686.2230354039993
775,1715.3111572265625,1685.9696371957823
776,1715.3111572265625,1685.3661604841109
777,1700.52392578125,1685.3088475782852
778,1710.382080078125,1683.2309258975563
779,1705.4530029296875,1682.4062307649556
780,1710.382080078125,1679.6049920260295
781,1695.594970703125,1676.8579656586796
782,1685.73681640625,1673.3919441899652
783,1661.091552734375,1671.2400794651626
784,1656.1624755859375,1668.8151328374374
785,1661.091552734375,1665.086599468924
786,1670.9495849609375,1658.9611182365152
787,1680.8077392578125,1651.1213234308298
788,1675.878662109375,1643.5929913838538
789,1685.73681640625,1639.9940697425318
790,1646.3043212890625,1639.8878059777958
791,1651.2333984375,1638.3461827666636
792,1675.878662109375,1635.5765600815248
793,1685.73681640625,1633.5863459378263
794,1700.52392578125,1630.6166918157971
795,1739.9564208984375,1630.918242260466
796,1735.02734375,1635.9543554820589
797,1710.382080078125,1645.4738882063584
798,1646.3043212890625,1655.7488238205592
799,1675.878662109375,1664.28699047707
800,1680.8077392578125,1667.2347059703939
801,1675.878662109375,1666.6671672693428
802,1656.1624755859375,1662.5132499973433
803,1651.2333984375,1659.4170377045807
804,1661.091552734375,1657.1381450311278
805,1670.9495849609375,1651.7182702294604
806,1680.8077392578125,1642.7834700779595
807,1661.091552734375,1633.3986696601423
808,1656.1624755859375,1628.579218013688
809,1705.4530029296875,1625.8092664840078
810,1705.4530029296875,1624.3645584570713
811,1715.3111572265625,1624.7913047165157
812,1695.594970703125,1629.2326321178944
813,1705.4530029296875,1638.6189358250444
814,1695.594970703125,1648.1675947801737
815,1705.4530029296875,1655.0065277345311
816,1710.382080078125,1657.6405725129375
817,1705.4530029296875,1660.608488456675
818,1710.382080078125,1664.446151235216
819,1715.3111572265625,1667.2565976213077
820,1710.382080078125,1667.1354888744067
821,1710.382080078125,1665.444476285794
822,1710.382080078125,1665.649017590684
823,1705.4530029296875,1666.63766521618
824,1705.4530029296875,1665.677955910347
825,1705.4530029296875,1665.1915948332853
826,1695.594970703125,1664.736333054303
827,1670.9495849609375,1665.7210345452995
828,1666.0206298828125,1665.7211754786745
829,1690.0,1664.200363429248
830,1685.0,1661.4024131357382
831,1685.0,1655.840195625339
832,1690.0,1652.2147785095203
833,1685.0,1649.6924938974746
834,1685.0,1648.034271807441
835,1695.0,1645.7142265884936
836,1680.0,1643.728992090711
837,1590.0,1642.9449797256884
838,1610.0,1643.0142249905962
839,1600.0,1643.7281464904613
840,1590.0,1635.7006754070921
841,1580.0,1623.7126476421981
842,1580.0,1610.1772653755893
843,1580.0,1600.3643563423698
844,1580.0,1588.5635350772432
845,1565.0,1576.5782790020571
846,1560.0,1564.1070846499347
847,1565.0,1554.0871914666586
848,1580.0,1547.0671591254497
849,1610.0,1542.0911774771826
850,1635.0,1537.3949485782537
851,1650.0,1538.2851307524293
852,1675.0,1546.5676912445151
853,1665.0,1559.463799722207
854,1670.0,1572.96817664632
855,1670.0,1584.8776105657657
856,1675.0,1597.2549902679423
857,1665.0,1608.01389109183
858,1650.0,1618.3319523187752
859,1630.0,1625.6399585228633
860,1600.0,1629.7542265387015
861,1595.0,1629.9761496265057
862,1580.0,1625.6695075538178
863,1585.0,1616.147954784477
864,1595.0,1603.0565126490603
865,1575.0,1588.9737921318147
866,1580.0,1575.0600977089637
867,1580.0,1564.048362410359
868,1585.0,1554.0465556768725
869,1585.0,1546.3586400716256
870,1580.0,1540.2675465827122
871,1570.0,1538.5535618539775
872,1560.0,1538.0152433393393
873,1550.0,1539.1562869209822
874,1545.0,1539.9574931577527
875,1545.0,1539.447173406944
876,1555.0,1537.1777232696154
877,1555.0,1534.0784104426032
878,1560.0,1529.9507537561417
879,1600.0,1525.619448342832
880,1630.0,1522.826618628613
881,1700.0,1524.4661905353573
882,1685.0,1531.5794737930125
883,1685.0,1547.1281362990253
884,1680.0,1566.9424292656063
885,1685.0,1586.72313311115
886,1685.0,1602.6337595019072
887,1675.0,1616.425123755274
888,1670.0,1628.5254754200284
889,1660.0,1639.3745266261126
890,1650.0,1645.749882732364
891,1640.0,1645.8722598796398
892,1630.0,1642.5205353780354
893,1640.0,1634.3326821139372
894,1590.0,1626.494954331085
895,1580.0,1615.7221011030742
896,1580.0,1606.1989510888168
897,1580.0,1595.068080110561
898,1580.0,1584.0954773124095
899,1580.0,1572.5777911976209
900,1570.0,1563.0388566453657
901,1585.0,1555.5504557213012
902,1585.0,1551.5638263654046
903,1590.0,1546.3679416743744
904,1610.0,1543.671369455268
905,1610.0,1543.8024844717925
906,1610.0,1547.6037394617965
907,1595.0,1552.7265736867946
908,1600.0,1557.6040898837414
909,1590.0,1560.606769393308
910,1585.0,1563.4989101590972
911,1595.0,1566.7825638405855
912,1585.0,1567.1574466180364
913,1580.0,1565.505284663127
914,1575.0,1562.4137231717389
915,1570.0,1559.1198753094604
916,1565.0,1555.2547775005896
917,1545.0,1550.724192295056
918,1550.0,1544.874658610861
919,1545.0,1540.0652602118219
920,1545.0,1534.1543265539265
921,1550.0,1528.3915138731368
922,1525.0,1522.878529088398
923,1525.0,1518.1360740424752
924,1530.0,1515.411362126164
925,1525.0,1512.404172748598
926,1520.0,1508.1033089442844
927,1535.0,1503.0276639110093
928,1540.0,1499.767945414372
929,1520.0,1497.6699172388126
930,1520.0,1498.189491614578
931,1540.0,1497.64452574242
932,1525.0,1496.9656496751336
933,1520.0,1495.6004750494785
934,1500.0,1495.760810252416
935,1490.0,1495.424754619772
936,1480.0,1495.0390434613432
937,1475.0,1492.1129612410793
938,1465.0,1486.5240368561213
939,1475.0,1479.0650440296363
940,1470.0,1470.8080394562137
941,1460.0,1462.69924981548
942,1455.0,1455.4056892823278
943,1455.0,1447.9825405108797
944,1450.0,1441.694680541596
945,1435.0,1436.5119496322307
946,1425.0,1431.719510215981
947,1430.0,1427.9623203945548
948,1420.0,1424.1147687908692
949,1425.0,1419.6618613638461
950,1440.0,1414.8435841621833
951,1440.0,1409.7896193797594
952,1435.0,1406.741113034428
953,1425.0,1406.5477289550574
954,1420.0,1406.0737465260986
955,1430.0,1403.9820133746216
956,1420.0,1402.3410321341273
957,1460.0,1400.9172292244798
958,1445.0,1400.30912520033
959,1445.0,1402.197843825146
960,1455.0,1406.5674831164508
961,1475.0,1410.7514191973214
962,1525.0,1413.1188415191584
963,1510.0,1416.1807835129046
964,1505.0,1427.6818160005496
965,1495.0,1440.552157159516
966,1495.0,1452.701553638764
967,1480.0,1456.8493872867434
968,1465.0,1461.383589782235
969,1455.0,1463.7535254159259
970,1460.0,1468.174323522349
971,1455.0,1466.3381025797137
972,1455.0,1459.0896642154512
973,1460.0,1450.111456584456
974,1450.0,1441.6360992353952
975,1460.0,1435.3458903765286
976,1465.0,1428.5103398231706
977,1465.0,1422.1670695486234
978,1465.0,1419.711986667548
979,1455.0,1420.484066673489
980,1440.0,1423.1445599486
981,1440.0,1423.964111013014
982,1430.0,1425.9139007669887
983,1420.0,1426.294256457168
984,1420.0,1425.1844765958756
985,1425.0,1421.6926408306438
986,1430.0,1417.017857293608
987,1430.0,1411.3159043419146
988,1420.0,1404.4594486712676
989,1425.0,1400.6510295680353
990,1450.0,1397.5596794767096
991,1450.0,1395.2692067776127
992,1450.0,1395.187911709144
993,1460.0,1399.055452363181
994,1445.0,1405.3331181516744
995,1435.0,1411.3356585033077
996,1435.0,1415.102549238712
997,1435.0,1417.3686169750413
998,1440.0,1418.938004061045
999,1415.0,1419.9268161088116
1000,1455.0,1419.3903297280483
1001,1425.0,1417.0386684553134
1002,1435.0,1412.3415000005514
1003,1435.0,1410.096619248261
1004,1420.0,1409.0510110503767
1005,1395.0,1406.9815923499384
1006,1400.0,1405.2392800128323
1007,1410.0,1404.2569039225232
1008,1395.0,1399.5594536010112
1009,1390.0,1393.8381692880494
1010,1395.0,1390.1121492313898
1011,1395.0,1386.427375675808
1012,1385.0,1382.0885303269367
1013,1395.0,1377.0269786311596
1014,1385.0,1372.253095442616
1015,1385.0,1368.8112910255027
1016,1380.0,1366.64810465291
1017,1375.0,1364.953803618881
1018,1370.0,1363.1040530722476
1019,1385.0,1361.3090551417943
1020,1380.0,1359.9465347613677
1021,1370.0,1358.4774687494553
1022,1370.0,1357.8511373421413
1023,1370.0,1356.4958750305263
1024,1370.0,1356.0334021605242
1025,1370.0,1354.3464296619945
1026,1375.0,1351.2774644883948
1027,1375.0,1349.4941640280651
1028,1370.0,1349.0606294777258
1029,1360.0,1349.754749838406
1030,1370.0,1349.298759903653
1031,1360.0,1348.754616142849
1032,1355.0,1347.8589610559452
1033,1340.0,1346.9889558432878
1034,1335.0,1345.487827488567
1035,1345.0,1343.0892588908591
1036,1335.0,1339.3551821429298
1037,1340.0,1334.6796234723317
1038,1340.0,1330.3074473802772
1039,1325.0,1326.0804561533496
1040,1340.0,1323.3131588688982
1041,1370.0,1320.6646684195564
1042,1375.0,1317.3616129101124
1043,1365.0,1316.9410442302715
1044,1390.0,1320.3865364040303
1045,1390.0,1326.4741535363607
1046,1380.0,1332.2639784473552
1047,1370.0,1339.088512708569
1048,1355.0,1345.011778036775
1049,1350.0,1350.003873067582
1050,1340.0,1354.1807624797036
1051,1335.0,1354.1360161331468
1052,1320.0,1351.9096681196665
1053,1315.0,1346.1802801376434
1054,1300.0,1340.469730250076
1055,1305.0,1331.8126862917684
1056,1300.0,1322.0435370714806
1057,1300.0,1311.5984361514375
1058,1300.0,1301.9742369073183
