,y_actual,y_predict
0,490.0,503.09275005736026
1,500.0,535.0177532469916
2,530.0,547.3811459462933
3,530.0,549.0890701326495
4,550.0,553.5412755670027
5,530.0,562.287186949528
6,510.0,576.7448501968345
7,510.0,592.7877968240657
8,540.0,595.8743223793062
9,510.0,590.3728383935404
10,520.0,581.268092912278
11,520.0,576.745324190877
12,500.0,578.6438970245695
13,500.0,581.0085502612619
14,520.0,576.5016294276353
15,520.0,572.8621176920931
16,510.0,565.3145869000548
17,510.0,562.0271496960324
18,500.0,567.4001400793618
19,520.0,571.3417508875773
20,520.0,568.6000456941599
21,510.0,566.9984816492913
22,520.0,567.4430880613149
23,520.0,568.9963253222679
24,520.0,573.2032285353216
25,520.0,572.8816338815891
26,560.0,574.0365924960802
27,540.0,576.2351829503455
28,540.0,583.094433175555
29,540.0,595.4070672954178
30,530.0,603.6123575596241
31,560.0,611.8360099408748
32,550.0,603.7129473388532
33,550.0,600.3114012211674
34,550.0,603.7000670659545
35,550.0,610.3312849397671
36,550.0,619.6554278374751
37,560.0,620.8287691774474
38,540.0,619.9246770621478
39,550.0,619.1644730514533
40,570.0,616.8321544518456
41,550.0,612.9979135985129
42,550.0,611.1205262376842
43,540.0,611.2525644912225
44,540.0,616.2785500184448
45,540.0,617.446141604595
46,550.0,613.0898272259174
47,540.0,608.1012047943193
48,520.0,603.8575361303039
49,540.0,604.3860600963164
50,550.0,603.182980782276
51,550.0,599.5831402872614
52,540.0,596.6215018580458
53,540.0,598.152997218346
54,540.0,604.9327194865702
55,550.0,605.2212375994992
56,550.0,602.6882340439128
57,550.0,602.1266129286598
58,540.0,604.2326508939848
59,540.0,606.7634699552876
60,540.0,608.3689908199907
61,540.0,606.7840577834888
62,530.0,604.6157205142079
63,510.0,602.7404352139163
64,510.0,602.2910064277195
65,510.0,597.1892848958532
66,500.0,588.4497003033758
67,530.0,576.1530995472172
68,510.0,566.5066200920573
69,510.0,564.3031248298724
70,520.0,566.7563325187974
71,510.0,569.4098954287149
72,520.0,572.9227271042448
73,510.0,570.6222691476789
74,510.0,570.0300651124558
75,510.0,571.5757390771627
76,510.0,570.0458923917936
77,510.0,570.4037785024452
78,510.0,568.3418631999618
79,510.0,567.4842431092806
80,510.0,567.4436857059774
81,510.0,566.45009115036
82,520.0,566.8972324000899
83,510.0,567.355460988731
84,510.0,568.3693960713099
85,500.0,569.6116726318355
86,510.0,569.2497678760394
87,500.0,568.2840153183196
88,500.0,563.7104674090431
89,500.0,560.7653775544476
90,495.0,556.7333369262655
91,495.0,554.5460605037144
92,485.0,553.7004757400296
93,485.0,551.7379755358868
94,485.0,548.6193626448012
95,480.0,544.1250747828335
96,480.0,539.5353286423598
97,495.0,536.1437776164433
98,520.0,535.0960034809052
99,510.0,536.9476096875001
100,520.0,543.4570523092199
101,500.0,554.3537631814472
102,495.0,563.8437009519064
103,495.0,570.4578344317462
104,495.0,565.5229794113361
105,495.0,560.6146680573154
106,495.0,552.6303414507395
107,520.0,548.4486217472571
108,520.0,547.3557769607921
109,600.0,548.8783282595915
110,650.0,553.9278486214542
111,660.0,570.1691308428874
112,690.0,603.392465540699
113,680.0,646.7558723595819
114,680.0,696.3869848384234
115,680.0,725.1099934023325
116,670.0,739.1152396401296
117,720.0,745.5191876747007
118,780.0,740.4785701574656
119,790.0,739.2146135215971
120,770.0,752.075143537912
121,770.0,773.2597508472135
122,770.0,802.5301194882221
123,750.0,822.3491293521575
124,740.0,825.1205106943332
125,700.0,820.3625997108952
126,760.0,812.7947696087688
127,780.0,803.4907611536557
128,770.0,791.6061642627595
129,840.0,792.077520425539
130,850.0,797.2982556789883
131,850.0,813.007489891744
132,870.0,829.616776966218
133,820.0,850.4398298631462
134,760.0,874.5516182956051
135,730.0,887.1362837790866
136,760.0,881.4449342665769
137,760.0,861.8894650903653
138,760.0,834.6753238233281
139,700.0,817.4815814858065
140,630.0,810.1018239764364
141,720.0,807.7240225571691
142,720.0,786.5261846315461
143,720.0,757.9096804681811
144,720.0,740.7883973938779
145,720.0,748.5057623122482
146,730.0,767.2765034381662
147,740.0,775.4714482671802
148,730.0,779.1654281007561
149,690.0,784.290498991333
150,730.0,788.1091598665676
151,720.0,788.7430753775457
152,710.0,785.5393290347093
153,690.0,776.6764235573914
154,680.0,771.3690504363167
155,710.0,776.3013087937104
156,710.0,772.2613957427327
157,700.0,765.1394497757015
158,690.0,762.5033834284893
159,680.0,762.8893382298418
160,670.0,766.4260344749981
161,720.0,760.9880450825133
162,720.0,750.1118189963038
163,710.0,742.9141576330652
164,720.0,744.0935372449721
165,720.0,759.1364182674818
166,720.0,769.1700065964455
167,720.0,770.3235020119355
168,720.0,768.8318633680929
169,720.0,774.5917153239866
170,720.0,779.3156223869723
171,730.0,780.1784976289963
172,710.0,781.2610175887057
173,720.0,782.8577180425278
174,750.0,783.7322164428156
175,700.0,781.8432883574696
176,700.0,784.3085107649545
177,700.0,787.7314896567435
178,700.0,790.0147395687168
179,700.0,786.5287400776892
180,680.0,768.4792530172203
181,700.0,762.4134894278753
182,710.0,758.3734115094045
183,680.0,753.992222747705
184,670.0,753.4419774894764
185,650.0,751.6682505649356
186,720.0,747.254582907095
187,710.0,740.4611766369433
188,730.0,732.7919942434321
189,680.0,738.328698047412
190,650.0,747.5018841467485
191,640.0,760.0724122426966
192,660.0,753.8377419066683
193,650.0,742.9620928566846
194,640.0,723.336307694665
195,630.0,711.685492908988
196,600.0,708.0804178710673
197,590.0,707.7476328362404
198,580.0,700.440046071976
199,590.0,685.0194124058958
200,495.0,667.6768771558494
201,510.0,652.903678135182
202,520.0,637.6037274740527
203,510.0,609.5215588558319
204,495.0,581.6291733306086
205,465.0,562.0110338985817
206,530.0,559.499545550845
207,550.0,554.780378428286
208,530.0,544.15378233507
209,520.0,544.4107901483798
210,480.0,555.8774891611349
211,475.0,574.6085796549619
212,460.0,576.5508011574531
213,400.0,558.1545153252436
214,385.0,533.096717217364
215,355.0,500.9037425261316
216,310.0,468.86689735086713
217,345.0,438.9693315492242
218,355.0,403.9876644290404
219,370.0,371.8868609706705
220,370.0,350.8309894129361
221,375.0,345.76217955438045
222,370.0,364.8653656759208
223,365.0,382.2037174133298
224,410.0,390.07508402658493
225,450.0,392.86133435579484
226,510.0,397.13151577354483
227,550.0,410.70159426329866
228,560.0,440.4401247594078
229,550.0,489.0615165809628
230,540.0,541.1843951336784
231,540.0,580.8614884574147
232,530.0,600.7772755398012
233,510.0,604.4183535165278
234,510.0,596.2235323381335
235,550.0,589.1980750714403
236,600.0,578.8272502853358
237,620.0,571.6657567283964
238,640.0,578.5261198091845
239,640.0,605.2459058981547
240,650.0,644.5969119289712
241,660.0,675.5207778751756
242,630.0,693.2610147354579
243,620.0,702.7962086327736
244,630.0,706.5280667728898
245,630.0,708.4090812185667
246,620.0,701.9053059169223
247,620.0,691.9795409284474
248,640.0,686.0946781959087
249,690.0,686.4350059185451
250,680.0,686.677896952758
251,680.0,691.8032151445746
252,680.0,708.0305454544039
253,650.0,728.0026347856849
254,610.0,741.2421539517686
255,640.0,737.9583232241578
256,630.0,723.2277836673305
257,600.0,705.3308402548545
258,700.0,689.9918572147333
259,620.0,682.8848317558277
260,610.0,687.119576966779
261,600.0,696.5549435970213
262,495.0,695.778623788876
263,475.0,697.1990808925718
264,500.0,670.2653792313015
265,495.0,630.3058060665712
266,495.0,586.9430999345341
267,540.0,548.2982419851112
268,540.0,536.3247609069963
269,560.0,542.7458963777233
270,530.0,558.3733975307734
271,490.0,577.0226519227117
272,520.0,594.9728063185864
273,520.0,592.389456352294
274,500.0,578.3901453442484
275,510.0,564.5058088042051
276,500.0,557.6809952766172
277,500.0,561.1152263748106
278,510.0,560.1949154198771
279,510.0,555.701905280981
280,510.0,554.7469721524961
281,500.0,556.2384459288457
282,540.0,559.5274493740526
283,540.0,561.9603165360161
284,540.0,564.7880413439595
285,530.0,570.3762250226605
286,590.0,582.2556079790872
287,590.0,594.7604569874708
288,600.0,603.2964508344037
289,600.0,615.0466188931115
290,540.0,631.0881847550879
291,540.0,655.3006866173956
292,530.0,658.9006919799033
293,510.0,647.0076044131124
294,520.0,628.8838857638741
295,530.0,599.0503091579916
296,560.0,588.2632145602405
297,570.0,582.265870980533
298,550.0,583.6597638094026
299,520.0,598.7490962480938
300,520.0,612.5467537036386
301,500.0,616.472042630037
302,510.0,608.7292469008557
303,630.0,584.8511787483061
304,630.0,566.1715475207637
305,620.0,566.0009508822761
306,620.0,581.1440713405918
307,570.0,607.2054384874216
308,590.0,643.1155568950107
309,600.0,678.5949795853069
310,590.0,673.2735102935719
311,590.0,663.0961987274962
312,560.0,654.9904884291237
313,550.0,656.2716737180214
314,580.0,654.123161764786
315,590.0,645.217699865811
316,580.0,635.9494470482646
317,560.0,631.7921071253247
318,560.0,636.1531408359924
319,540.0,643.5427491780753
320,550.0,642.90434102791
321,530.0,632.4178204785211
322,520.0,619.0327851413379
323,520.0,609.8627109159338
324,500.0,599.8471755774647
325,475.0,590.7140728873887
326,490.0,579.6746485914448
327,500.0,565.1531610158711
328,560.0,548.6696266217607
329,540.0,539.2898203366939
330,670.0,538.5071119131909
331,650.0,552.1055476117583
332,600.0,562.336399896219
333,580.0,577.2720758313387
334,580.0,607.619152852925
335,590.0,625.8227704110079
336,600.0,646.367609413326
337,580.0,652.3085683103926
338,590.0,634.5094737550728
339,650.0,635.9081271328058
340,620.0,639.3637085713558
341,630.0,629.7315931965327
342,620.0,625.4444819480848
343,610.0,626.4078233187179
344,610.0,642.2700545650724
345,610.0,671.3785645447279
346,580.0,663.1886069573801
347,590.0,659.2666978145903
348,570.0,660.7536377348795
349,570.0,669.3296737741996
350,550.0,663.1246383700563
351,560.0,649.5411850049247
352,550.0,638.4606468778882
353,560.0,629.1177915197129
354,530.0,621.0815934781197
355,540.0,613.6406495203721
356,520.0,611.4458304100117
357,550.0,611.5465232314239
358,530.0,604.897005065877
359,510.0,597.8673230696729
360,500.0,587.01257097444
361,510.0,582.890574520334
362,500.0,577.340908009709
363,500.0,568.4125707460661
364,500.0,553.7437740654055
365,500.0,551.6164475850338
366,510.0,556.4241485513887
367,495.0,552.2436653541047
368,495.0,541.134069331409
369,485.0,526.5767849013955
370,465.0,515.7165097451438
371,485.0,514.9116678606918
372,475.0,525.6595652119578
373,465.0,513.0230076850222
374,465.0,497.79526898587176
375,470.0,490.30750266008306
376,470.0,498.91212260101975
377,445.0,509.7147147431224
378,420.0,501.7485647776609
379,380.0,496.75058611582926
380,360.0,497.56043585038424
381,375.0,486.5248035067815
382,405.0,459.1691956264442
383,410.0,425.78240511344006
384,400.0,399.69371117962874
385,410.0,402.29849392002455
386,410.0,426.36712828616385
387,400.0,442.0161034301906
388,400.0,438.25040623711516
389,390.0,421.8970450330273
390,395.0,418.4615568201991
391,390.0,415.21264708847104
392,400.0,413.02811158799284
393,405.0,414.8571618606876
394,390.0,417.41081506978514
395,375.0,421.7087354432496
396,365.0,423.8224397470037
397,360.0,424.87003871083044
398,310.0,419.9165536636998
399,270.0,407.52291808363213
400,320.0,391.2753090721511
401,365.0,368.9625032033326
402,365.0,343.4925440908611
403,370.0,311.8858726598304
404,400.0,309.0523248415129
405,410.0,337.1379068930551
406,400.0,374.4795774714149
407,390.0,391.9931988103191
408,385.0,402.4910385435314
409,385.0,416.7113544260805
410,370.0,424.480106481207
411,375.0,417.80780568895705
412,355.0,410.56120959292207
413,335.0,407.1709672027321
414,340.0,402.94500118578844
415,335.0,391.37521877297104
416,325.0,375.1777140230656
417,340.0,360.21815290988263
418,320.0,352.41145041868765
419,310.0,351.9498987196387
420,305.0,352.4513431999092
421,275.0,347.8316220883458
422,275.0,339.38117901400557
423,210.0,328.1382373900724
424,158.0,309.6467180401188
425,134.0,283.1699009110126
426,173.0,248.08525858505894
427,151.0,219.12043577775123
428,157.0,202.58987293123343
429,148.0,193.3409611314715
430,145.0,199.10534694342562
431,147.0,192.73017859061923
432,165.0,185.494917134735
433,160.0,165.52193133646037
434,157.0,150.72988590048757
435,160.0,164.7694451852867
436,155.0,180.93240504327804
437,153.0,174.01216414983898
438,159.0,163.0123801817677
439,161.0,153.83033245467706
440,172.0,146.7484389842512
441,169.0,144.09723574032876
442,169.0,147.00107780899378
443,189.0,175.88108144320955
444,190.0,191.23723131105004
445,200.0,174.86271554675352
446,215.0,174.58744865858267
447,230.0,202.37743086215283
448,250.0,218.94482098494237
449,230.0,222.11937547728132
450,215.0,228.29962923636754
451,225.0,238.225734264047
452,230.0,244.47398040771043
453,230.0,239.98701884496757
454,225.0,230.65090244557288
455,215.0,222.31247652857735
456,215.0,227.57260480865983
457,210.0,226.77341994006497
458,199.0,223.40439908750275
459,205.0,218.35278181721213
460,230.0,209.48554856820027
461,240.0,202.2958008446306
462,240.0,199.59493126841107
463,235.0,209.03530574875631
464,250.0,235.0450487618083
465,235.0,249.44885701207107
466,230.0,238.29275289999305
467,235.0,239.47101965632163
468,240.0,244.02610240637065
469,235.0,240.50700576610296
470,240.0,233.0234074966243
471,235.0,230.18293637062044
472,230.0,230.4494858900935
473,235.0,228.87028715108605
474,240.0,224.36393820157622
475,245.0,221.79857424835927
476,235.0,221.3544315261601
477,240.0,224.34426744880545
478,230.0,229.03922996253343
479,255.0,230.5298897056358
480,265.0,229.67716927076515
481,265.0,225.6762061650328
482,265.0,234.96096634032614
483,260.0,250.62379550588264
484,280.0,258.6508897705912
485,280.0,262.17502517361686
486,295.0,257.45869686320464
487,285.0,263.85563802931887
488,290.0,275.5646355837336
489,285.0,286.41282775597927
490,290.0,289.38263227821267
491,290.0,287.33911258148305
492,290.0,285.86881139772424
493,295.0,284.9767713537759
494,285.0,289.34971545279296
495,285.0,293.2904748749699
496,280.0,290.94608617162885
497,285.0,288.90470460020043
498,285.0,285.6742458593996
499,285.0,282.08635825763497
500,275.0,279.35516336690296
501,280.0,277.76386489953455
502,270.0,277.044244052689
503,280.0,275.8534963119217
504,270.0,276.28578918305413
505,275.0,275.44628133212285
506,270.0,272.2395235814828
507,280.0,267.93216196798363
508,270.0,268.5497143802714
509,275.0,268.7931128972365
510,270.0,268.7395670267424
511,270.0,267.5957163595989
512,270.0,266.30124378117904
513,275.0,265.2432890779419
514,270.0,263.88721015424795
515,265.0,264.5097729926933
516,260.0,265.7102659479357
517,270.0,265.4624494973664
518,274.0,262.03225507669947
519,280.0,257.5610229032204
520,270.0,256.14336854690737
521,284.0,259.21336098385535
522,287.0,266.2306444293672
523,280.0,270.8836893829739
524,276.0,273.07039392140825
525,279.0,274.5898153138932
526,273.0,275.80296442528584
527,279.0,275.30760200987805
528,280.0,272.4315092011458
529,277.0,270.210378269308
530,271.0,270.7138346482053
531,273.0,271.16360604966115
532,272.0,270.8231031553134
533,272.0,269.2247772110515
534,277.0,266.7358679817062
535,293.0,265.0459478408076
536,306.0,265.7480978854935
537,308.0,268.2879202575525
538,308.0,275.52739613872916
539,306.0,288.53387896739474
540,305.0,302.92372435782175
541,315.0,312.3303744196366
542,317.0,316.5037393341032
543,322.0,316.4552586309265
544,329.0,317.04429283098943
545,329.0,321.49041298041175
546,330.0,329.0902248001454
547,323.0,336.3611105148126
548,323.0,340.7133006301081
549,318.0,343.7256667261077
550,317.0,344.63021222701326
551,312.0,343.2701919398123
552,316.0,340.35979123618733
553,321.0,336.83730966020187
554,338.0,333.3212373080107
555,332.0,331.02533123988735
556,328.0,331.9807847313974
557,320.0,334.7989369205225
558,326.0,336.69879778150477
559,319.0,340.0888392394375
560,318.0,343.35224185423107
561,316.0,340.4632069472903
562,326.0,336.6739182463738
563,327.0,335.55666534276594
564,319.0,334.95644204963594
565,317.0,331.7233956620098
566,317.0,331.169013260126
567,315.0,333.2039160542864
568,314.0,337.10825650484253
569,315.0,336.42457419543865
570,311.0,334.06579178713343
571,319.0,331.8994406559335
572,317.0,328.6413846424201
573,325.0,327.5134952094526
574,318.0,328.5627351200466
575,318.0,331.70803464855095
576,313.0,333.47483971443586
577,319.0,334.8757084991074
578,320.0,335.2114534206465
579,309.0,334.102129613035
580,309.0,332.4096514499388
581,301.0,330.0916582898489
582,297.0,327.6455463432638
583,302.0,326.6755020786142
584,295.0,317.92363034980514
585,300.0,311.59900096778466
586,298.0,304.5632806996458
587,297.0,299.43665580414375
588,298.0,300.956149326157
589,299.0,296.736998261604
590,296.0,294.56211330559506
591,292.0,296.5316178021401
592,286.0,296.7223830159459
593,283.0,296.5547288758021
594,283.0,295.02545021046774
595,280.0,291.3495130631682
596,279.0,285.07820350285255
597,275.0,280.1091848466062
598,289.0,281.10423229700655
599,287.0,280.2294376504422
600,288.0,276.8873597527293
601,289.0,275.5381975355819
602,283.0,277.91685935707886
603,283.0,282.0445591960244
604,280.0,283.56494145686764
605,279.0,282.8207630817136
606,273.0,281.4070706973441
607,271.0,278.35462376813865
608,269.0,274.7981331195917
609,273.0,271.20867412453345
610,276.0,267.44347668604644
611,271.0,264.2208066462675
612,277.0,264.4356444461072
613,278.0,265.3386546184832
614,276.0,267.4987433609998
615,275.0,269.23015858906854
616,273.0,269.1617901005227
617,271.0,269.3718828078266
618,284.0,268.86345464359044
619,284.0,267.19264109950973
620,282.0,267.14340496832745
621,281.0,269.0179689733368
622,277.0,272.3019516881678
623,273.0,275.8290083370868
624,272.0,275.7836337117196
625,266.0,273.0434793031593
626,264.0,269.8767276801423
627,262.0,265.7234965642572
628,253.0,261.67946440200643
629,246.0,258.7923512317821
630,245.0,254.49055647222974
631,255.0,248.4903998409211
632,257.0,242.59398607964704
633,260.0,238.60687699544445
634,265.0,238.19274530909905
635,280.0,242.81183271123587
636,285.0,247.8842696546398
637,283.0,253.05613715271187
638,269.0,261.73750291168756
639,268.0,270.9346076777967
640,268.0,275.49714295374486
641,250.0,272.6186235015985
642,234.0,267.38521663567144
643,225.0,259.30070469043545
644,221.0,250.75505579093783
645,222.0,240.5705570325847
646,223.0,228.22266187763458
647,217.0,220.48065442115478
648,203.0,215.4980084361817
649,207.0,211.10853508295386
650,209.0,205.42823169248192
651,229.0,200.42509061727253
652,266.0,197.2914541758779
653,274.0,199.1817630264785
654,271.0,213.35970796330034
655,267.0,233.9571809127914
656,263.0,261.5200426882857
657,263.0,273.6801125517191
658,268.0,268.5784245085624
659,268.0,261.3231187719934
660,284.0,259.0672883849668
661,278.0,259.1753950914594
662,291.0,260.82296231901273
663,282.0,269.0535082223186
664,288.0,278.1699747519187
665,290.0,282.20340644957383
666,299.0,286.2719433310142
667,302.0,287.8385477391814
668,301.0,285.8423991101183
669,316.0,288.7672257193898
670,322.0,294.36666289252236
671,330.0,303.3384369444749
672,341.0,312.498615256211
673,352.0,319.636532117623
674,352.0,331.21260525572404
675,362.0,341.53524236486027
676,363.0,350.8458944647344
677,365.0,358.6691970516411
678,379.0,368.9608545284015
679,385.0,374.567178783453
680,401.0,380.47389676304596
681,400.0,391.11065281552436
682,405.0,399.04476181412326
683,415.0,407.90833706563194
684,417.0,416.56258212199236
685,430.0,425.63371524309844
686,430.0,434.2761104483921
687,426.0,439.4763815242602
688,450.0,448.6084228798493
689,470.0,457.1656846333923
690,467.0,463.1420385203843
691,468.0,471.27011927672714
692,469.0,479.6808550457755
693,468.0,493.2072333456389
694,459.0,505.14776153357
695,452.0,506.0626524696677
696,437.0,501.0489907875547
697,425.0,497.7309294466886
698,439.0,497.06820334129077
699,434.0,486.56138348181355
700,430.0,473.9665271264146
701,440.0,466.6393211304709
702,441.0,465.0966766059497
703,431.0,469.9703348737639
704,421.0,473.11570781982374
705,420.0,470.96746377626465
706,419.0,471.151754720898
707,420.0,469.0519405034378
708,435.0,463.4305978501865
709,428.0,457.30383328839366
710,426.0,456.4804025940944
711,428.0,460.5091046555412
712,433.0,464.6063297688086
713,432.0,467.2746689277954
714,429.0,467.23862477211594
715,433.0,467.42923220257876
716,448.0,468.35748770983605
717,459.0,469.97079856358823
718,463.0,471.6028218778075
719,463.0,476.5406857299667
720,465.0,485.06172815611876
721,460.0,495.77496211696
722,456.0,504.7154377497826
723,449.0,507.3579957545355
724,458.0,507.0415119930891
725,459.0,505.1581481856354
726,459.0,502.0029759279543
727,453.0,500.3943844061922
728,456.0,499.56899591041235
729,461.0,500.63562676547406
730,458.0,499.592571961926
731,472.0,496.3628795973627
732,476.0,494.15666402154153
733,472.0,500.5204668215422
734,471.0,508.365068227714
735,460.0,508.31354713611955
736,462.0,511.68857019585255
737,460.0,514.9432193771843
738,460.0,512.6917888913797
739,459.0,510.54826417981076
740,451.0,506.780423709325
741,460.0,504.65946523587434
742,458.0,503.1301955867311
743,456.0,501.4933498983386
744,457.0,499.9957141994343
745,457.0,499.483388464619
746,490.0,499.7753894033398
747,495.0,498.81777717809194
748,483.0,500.4799712435489
749,469.0,508.6597482631977
750,480.0,517.6550423374767
751,480.0,527.7141439109981
752,475.0,532.6516986366078
753,472.0,526.3089370504142
754,475.0,521.0166286965218
755,477.0,521.1709652785022
756,485.0,520.4116268221464
757,478.0,518.9026976999647
758,468.0,518.8231079176696
759,455.0,521.9609072632651
760,436.0,524.4225644112115
761,439.0,524.1125104819961
762,440.0,517.3217420917339
763,442.0,504.7097704297072
764,438.0,491.16100106343686
765,436.0,481.40047451992365
766,437.0,479.38175450063306
767,437.0,480.0096111312397
768,431.0,478.40388418217026
769,425.0,477.48793191158575
770,439.0,476.2778354248701
771,460.0,474.49150644132544
772,448.0,473.4831150282021
773,450.0,475.2242291017635
774,448.0,481.0968710313758
775,440.0,488.97957743689096
776,441.0,494.328291081861
777,444.0,490.32829657265063
778,440.0,483.79064100117364
779,430.0,480.6553146679747
780,430.0,481.3580005320132
781,435.0,480.26913317381934
782,445.0,476.3352608335613
783,449.0,470.89325279593197
784,450.0,468.30966583261807
785,449.0,472.2726372854087
786,449.0,479.6754041142848
787,449.0,487.8177768214359
788,442.0,490.9924858770497
789,438.0,490.81146136962343
790,455.0,489.45340661206683
791,465.0,487.723101663522
792,470.0,486.17472799361553
793,505.0,487.8433312828668
794,515.0,491.8185338428019
795,520.0,502.0207197918994
796,545.0,518.6986329603774
797,575.0,530.2331749465442
798,540.0,545.1237802307371
799,545.0,568.0402381213313
800,535.0,585.2024907676704
801,535.0,595.6294117183029
802,540.0,603.5017932970625
803,550.0,601.480785741305
804,535.0,595.3505177452838
805,530.0,594.3213324195929
806,530.0,595.1938936268366
807,525.0,593.588743713993
808,515.0,590.4177853938475
809,550.0,588.011029121104
810,540.0,583.9080130371414
811,550.0,583.44525059244
812,540.0,585.413479941968
813,535.0,590.647260335809
814,530.0,598.8250589455406
815,505.0,601.4886787725374
816,515.0,596.2945284023507
817,510.0,587.5658662812912
818,530.0,578.5991767170653
819,535.0,569.1067247173365
820,525.0,564.4614594485606
821,535.0,568.2662302375012
822,530.0,574.9454245518065
823,535.0,581.3782862229803
824,535.0,586.6700999743935
825,535.0,587.5609820818081
826,535.0,591.0236116056883
827,500.0,592.3739794163789
828,500.0,592.1400324436669
829,500.0,590.7472936872489
830,499.0,583.858758873577
831,497.0,570.708123894712
832,490.0,557.0665341298251
833,489.0,551.4156801953086
834,490.0,547.3761999215002
835,489.0,545.0157714143186
836,487.0,542.7373850933918
837,477.0,539.5007682941182
838,475.0,536.0266392625941
839,466.0,534.1035629977395
840,464.0,532.6323267061682
841,446.0,526.7781499357833
842,446.0,518.4662522288497
843,449.0,509.39480998119404
844,447.0,501.60815949884767
845,446.0,494.998683525688
846,446.0,489.70808567203653
847,441.0,486.55476817365286
848,429.0,488.02311928409483
849,427.0,488.851104442891
850,427.0,486.290197064097
851,419.0,481.2180898556793
852,418.0,474.3022179508074
853,417.0,466.7483706729397
854,422.0,462.39698171061855
855,442.0,458.72020992163516
856,444.0,454.62675615227243
857,430.0,454.1675280544544
858,430.0,461.2289470430806
859,440.0,471.19082831676326
860,449.0,476.5527313611815
861,449.0,475.6597265847931
862,445.0,471.52777625579097
863,438.0,472.596581300918
864,440.0,480.5265737642985
865,425.0,484.85879688054655
866,420.0,485.4736083707615
867,425.0,481.3493449886253
868,429.0,476.1464978581775
869,439.0,470.99419291858385
870,439.0,466.6074192705556
871,440.0,464.2148519064373
872,442.0,465.7033683721294
873,445.0,469.9953741242788
874,448.0,475.07540527658375
875,454.0,479.5808526069907
876,459.0,481.9564695319744
877,450.0,484.7756418387131
878,450.0,489.9004654280502
879,452.0,495.2865421686446
880,451.0,497.1127175644284
881,437.0,496.7301013298113
882,427.0,493.8096385569979
883,430.0,490.7140246812
884,429.0,486.5558604207946
885,422.0,481.13244119301265
886,425.0,475.5205475079598
887,424.0,469.5144041258079
888,424.0,466.8841184450728
889,418.0,464.03965958657955
890,419.0,462.0478232728829
891,420.0,460.523252347293
892,419.0,459.46533886092914
893,413.0,458.65143956857486
894,408.0,455.85338060517154
895,413.0,454.3851016242578
896,414.0,452.8350689752019
897,445.0,450.81094954551224
898,448.0,448.50134144307935
899,455.0,449.7571474422576
900,450.0,455.91842083120036
901,450.0,466.88937359641545
902,438.0,480.3382538703024
903,439.0,489.743449749307
904,439.0,492.67337179453716
905,431.0,487.7251212903125
906,426.0,483.47432210722036
907,425.0,479.0608502295278
908,427.0,475.6575523947278
909,432.0,474.21700206531017
910,424.0,468.6948478175966
911,423.0,466.15286928785434
912,421.0,463.0304438359907
913,430.0,463.0078466852174
914,414.0,463.0795949573718
915,410.0,459.3033256363012
916,415.0,454.8386005766905
917,417.0,451.0957993567197
918,426.0,447.20705949269836
919,420.0,444.82820704316254
920,405.0,447.08031760737606
921,401.0,451.88084683778106
922,399.0,454.3511492248971
923,389.0,452.40244636908335
924,370.0,447.2093470291652
925,365.0,438.0396540598389
926,357.0,428.245370897113
927,351.0,417.07377439279253
928,359.0,403.12746828377936
929,356.0,391.1722102157614
930,340.0,385.53053218765785
931,342.0,380.91940479417235
932,344.0,375.3245285256732
933,342.0,372.31025614928456
934,331.0,369.2987762160604
935,342.0,364.7057739425979
936,340.0,362.92522047342095
937,324.0,363.02497045885696
938,327.0,360.73875808411714
939,327.0,356.8927704219009
940,320.0,352.0783665615295
941,340.0,345.3982628999576
942,335.0,338.4861314263355
943,335.0,337.1087408031035
944,332.0,340.1282837871622
945,315.0,345.36197401909305
946,300.0,352.4409101788614
947,302.0,353.95693890746486
948,300.0,349.50049843938257
949,302.0,339.056838286091
950,303.0,326.43015735241414
951,305.0,312.2644647751871
952,305.0,308.27218603245325
953,304.0,309.08812733107214
954,303.0,309.03514803158214
955,299.0,310.11657654916684
956,299.0,310.20104376880187
957,302.0,309.3823014938377
958,300.0,307.4695215581348
959,300.0,306.0134672442291
960,294.0,304.9657259533869
961,290.0,304.75373308382365
962,290.0,303.6036488476075
963,288.0,300.3195360420202
964,290.0,295.8504767705791
965,286.0,289.0873327016026
966,282.0,285.0000357026854
967,280.0,284.1444919119954
968,260.0,283.5350025505421
969,244.0,281.46724990838106
970,246.0,276.38944961934214
971,260.0,267.47452329584127
972,260.0,257.5659483195768
973,260.0,247.08821726841387
974,260.0,241.4385071021307
975,251.0,244.45522673037004
976,250.0,248.88342333604024
977,250.0,254.8391172653029
978,250.0,256.3967904922422
979,249.0,250.4944105885615
980,249.0,242.92747180131965
981,247.0,237.71659768480143
982,239.0,237.75906652060274
983,243.0,237.78835110906502
984,243.0,236.23705619326512
985,245.0,233.11917490168008
986,237.0,231.8033004618119
987,237.0,231.71758482172618
988,229.0,232.28137497493515
989,229.0,230.35796382298514
990,228.0,226.11410453093072
991,228.0,222.28273855450902
992,227.0,219.27548335079558
993,255.0,216.9590744642722
994,245.0,218.78334357966702
995,243.0,219.9316765817792
996,231.0,222.71790630255242
997,237.0,229.03215096454835
998,244.0,237.77929370116271
999,244.0,239.21975129261546
1000,243.0,236.482822104389
1001,240.0,234.53819456692037
1002,250.0,233.39259218266267
1003,260.0,234.26655476359775
1004,235.0,232.25276016066357
1005,240.0,233.32947369335034
1006,239.0,235.9817897928512
1007,232.0,235.29653866620833
1008,230.0,232.81618451412223
1009,230.0,228.37945601568399
1010,227.0,225.03288290272945
1011,230.0,223.2894452279372
1012,220.0,219.03301478953375
1013,217.0,216.1782517127216
1014,230.0,216.19754120941457
1015,250.0,213.06855197048174
1016,250.0,211.17293644744694
1017,248.0,211.7110124238411
1018,264.0,216.2360789859272
1019,270.0,226.3594016001211
1020,256.0,234.21393112064317
1021,259.0,238.89986198701465
1022,265.0,245.27201635596276
1023,295.0,250.74302046394138
1024,292.0,253.0148172372531
1025,285.0,255.14530711264874
1026,285.0,260.6408764770996
1027,275.0,269.75382669219834
1028,276.0,279.5925236119332
1029,277.0,282.4696571467157
1030,281.0,278.05108468095534
1031,270.0,274.79116489195354
1032,260.0,270.83774544954457
1033,267.0,270.4269883946986
1034,255.0,270.455598056861
1035,261.0,266.5830821845828
1036,298.0,260.45195893844107
1037,294.0,256.2224534225048
1038,279.0,257.62449688806475
1039,280.0,261.87802668901145
1040,277.0,271.9090827563234
1041,279.0,280.37272038222096
1042,280.0,279.86831343918374
1043,282.0,278.22660673579935
1044,283.0,277.06988867603013
1045,285.0,274.78222855861645
1046,299.0,275.3703237867851
1047,318.0,277.99120944435884
1048,326.0,279.9869690891804
1049,343.0,287.23311308763664
1050,343.0,298.3524214801115
1051,343.0,320.28506029820466
1052,360.0,341.9045816141734
1053,360.0,354.3273910123565
1054,368.0,365.4426595072367
1055,369.0,374.9187947772577
1056,357.0,382.08854716517953
1057,361.0,388.75193480858366
1058,356.0,388.57844268474844
1059,360.0,387.3196175496028
1060,361.0,384.5623169217599
1061,360.0,381.33664835445006
1062,358.0,379.5106944993601
1063,357.0,378.1799819851127
1064,365.0,377.3003057151198
1065,360.0,379.46677792088497
1066,360.0,382.144334203158
1067,355.0,383.3196539530474
1068,375.0,383.73328588480433
1069,369.0,384.24204636008125
1070,369.0,385.33951258846224
1071,399.0,386.3053527320377
1072,399.0,389.852935383848
1073,399.0,396.86747017912325
1074,399.0,405.527413468214
1075,399.0,414.60693422303166
1076,399.0,425.9763614148565
1077,409.0,431.8333615410608
1078,404.0,431.8333615410608
1079,450.0,433.37711892116045
1080,450.0,435.6813276131943
1081,409.0,440.6811301216683
1082,389.0,452.5669944314177
1083,389.0,458.71004996237275
1084,380.0,461.8745887545057
1085,382.0,449.24954103943236
1086,346.0,425.93236240263485
1087,378.0,416.7100870072273
1088,368.0,406.98222483578496
1089,368.0,398.0982266235682
1090,350.0,390.13307616728366
1091,350.0,385.89375073128963
1092,364.0,385.28368948571966
1093,360.0,382.3219171016658
1094,358.0,374.85415641574326
1095,350.0,370.667624642306
1096,356.0,371.0539143307538
1097,352.0,376.29187823723237
1098,348.0,376.90898241602326
1099,346.0,378.2206218221624
1100,352.0,378.25638776394726
1101,352.0,377.8767649047519
1102,350.0,376.74448072267137
1103,356.0,371.8421200547299
1104,368.0,372.96202371850023
1105,380.0,375.2022998879745
1106,356.0,377.0550137980386
1107,344.0,380.41568308165336
1108,342.0,383.3083450734424
1109,346.0,387.245726000038
1110,346.0,384.9346083296214
1111,346.0,377.0084851002197
1112,346.0,369.7890612278916
1113,340.0,365.9014651321037
1114,336.0,365.2739021717191
1115,332.0,364.0002389621942
1116,330.0,360.2516570757465
1117,334.0,359.58006934259447
1118,330.0,357.87229456740386
1119,330.0,354.34133261974193
1120,330.0,352.08827921955225
1121,314.0,350.2200986777915
1122,314.0,349.49255131100415
1123,310.0,348.02565824745426
1124,310.0,341.65407318656827
1125,312.0,333.05486811235824
1126,312.0,321.71654677958355
1127,310.0,314.9349542957343
1128,310.0,320.09180725968844
1129,316.0,324.48563672121054
1130,310.0,323.79903960604975
1131,308.0,319.7142091793927
1132,310.0,318.20102570307245
1133,310.0,324.02158882527385
1134,308.0,325.1097967134953
1135,312.0,325.62653522980565
1136,310.0,326.42557712737135
1137,310.0,326.37297538088075
1138,308.0,325.99527297037446
1139,308.0,321.607103100764
1140,302.0,322.47155746424534
1141,300.0,320.56590048045877
1142,306.0,318.57817683789864
1143,308.0,314.6127574892437
1144,294.0,309.7981187248953
1145,270.0,308.90217161116664
1146,266.0,306.6692933874351
1147,278.0,302.39188243351055
1148,282.0,291.0270657353697
1149,288.0,278.5633434383515
1150,280.0,270.14094844627533
1151,282.0,267.6550248641879
1152,282.0,271.5737113626985
1153,278.0,275.7984176889526
1154,282.0,279.4622679881641
1155,282.0,280.0952458152753
1156,282.0,277.6233102095557
1157,280.0,275.203892628553
1158,278.0,274.6902453777383
1159,282.0,275.4255801575202
1160,280.0,275.41947490816625
1161,278.0,273.97679675766574
1162,276.0,272.8109774970664
1163,278.0,272.0242864931832
1164,280.0,272.35307606735694
1165,260.0,271.75932124727666
1166,268.0,270.42894877223375
1167,274.0,268.9757680472118
1168,272.0,265.9543265109278
1169,270.0,264.02509605168217
1170,270.0,261.9778745645215
1171,268.0,261.8972440561762
1172,266.0,263.1486450020231
1173,268.0,262.47566104728884
1174,264.0,261.7063171949455
1175,266.0,260.0219896685395
1176,264.0,258.03440384489943
1177,268.0,255.95412642537178
1178,266.0,256.1395662903477
1179,264.0,256.5690203493333
1180,266.0,255.93603737011296
1181,260.0,255.78513209283278
1182,256.0,255.78321550822548
1183,258.0,256.26160945211666
1184,252.0,254.49943870842063
1185,268.0,251.0021973152073
1186,266.0,247.49270935852195
1187,268.0,245.68552463709986
1188,268.0,247.82153242140524
1189,264.0,250.98302631702498
1190,270.0,253.87681146861078
1191,266.0,255.34113878179926
1192,240.0,256.19369434917684
1193,216.0,257.23883060482535
1194,206.0,256.17478610856165
1195,206.0,247.8262517533953
1196,232.0,230.99677898977393
1197,258.0,210.27857151424047
1198,256.0,197.01509504056526
1199,248.0,201.59192999548546
1200,258.0,217.4718020636019
1201,258.0,235.8531107144849
1202,264.0,246.00012787870307
1203,258.0,249.03536418726145
1204,260.0,247.668653886317
1205,254.0,249.17902044695427
1206,254.0,251.11255034129346
1207,244.0,250.01722223821363
1208,230.0,246.60246096053385
1209,234.0,243.39238267554055
1210,228.0,238.37407379096575
1211,226.0,232.27674838090996
1212,220.0,224.98862628504983
1213,226.0,217.26169905207973
1214,228.0,214.38751252373646
1215,224.0,213.38171777362948
1216,216.0,213.27696509019964
1217,222.0,212.6907581100379
1218,236.0,210.46151260627403
1219,234.0,207.89760669994922
1220,238.0,207.43514307757908
1221,242.0,210.75883052164733
1222,234.0,216.84202884838794
1223,234.0,222.6318248627164
1224,244.0,225.7912527625632
1225,246.0,226.7024393321753
1226,252.0,227.20894318364037
1227,260.0,228.34644130019026
1228,266.0,230.1696490810982
1229,270.0,235.3306250204072
1230,270.0,242.99738077050415
1231,266.0,250.30689442359431
1232,254.0,256.8167801267019
1233,264.0,259.58268992895023
1234,266.0,259.02136248391946
1235,260.0,256.14093159927495
1236,262.0,255.2343561673606
1237,272.0,254.09420986670276
1238,290.0,253.8842768747828
1239,288.0,255.30827347747115
1240,286.0,258.68894840095203
1241,288.0,267.7696927816951
1242,294.0,276.76298268551113
1243,290.0,281.9644129859401
1244,296.0,283.6708404845855
1245,296.0,285.3456134245552
1246,292.0,288.48292460780783
1247,298.0,289.92407129386066
1248,298.0,288.4133118849
1249,298.0,289.1001601653823
1250,288.0,289.9452451744787
1251,290.0,292.0975761286285
1252,292.0,293.6840599499874
1253,290.0,291.40592479438226
1254,294.0,290.2594285191854
1255,310.0,286.2644367079689
1256,322.0,285.3568089577587
1257,320.0,288.43584205825425
1258,320.0,294.9581507845725
1259,330.0,307.4975632002624
1260,328.0,324.0961862137935
1261,330.0,333.478204041717
1262,332.0,337.2141864452153
1263,334.0,341.64029387062135
1264,338.0,345.84536808492345
1265,338.0,348.14323710663655
1266,328.0,349.66570339563475
1267,336.0,351.92619901750527
1268,336.0,353.27541275574424
1269,336.0,352.998971186685
1270,334.0,352.103457333136
1271,340.0,351.58617526930936
1272,338.0,352.3699244188625
1273,340.0,353.7000135279016
1274,336.0,354.805053356747
1275,336.0,355.6007760079867
1276,330.0,356.8692098267147
1277,336.0,356.48695423973885
1278,332.0,354.59729455489236
1279,336.0,352.4325122409315
1280,336.0,351.53276850576253
1281,336.0,351.2572800768978
1282,324.0,351.0435190678724
1283,320.0,352.20466536546417
1284,300.0,352.80580315796993
1285,300.0,349.54992004649455
1286,298.0,342.6234193404268
1287,308.0,329.3433273147123
1288,314.0,313.7038494399074
1289,308.0,299.943471358213
1290,300.0,294.40840785698674
1291,288.0,302.7656711730965
1292,286.0,311.30429678178933
1293,288.0,310.4265564168131
1294,296.0,301.4563180153969
1295,298.0,291.0944527471207
1296,298.0,286.7196796493521
1297,294.0,286.5212075242573
1298,294.0,289.99897909695716
1299,298.0,291.48624488815074
1300,290.0,293.0390725564256
1301,292.0,291.90680254264527
1302,292.0,290.92810917474424
1303,296.0,290.5182266904281
1304,296.0,291.33497767520214
1305,296.0,289.4978914002459
1306,298.0,289.48013980813704
1307,300.0,291.35329213523664
1308,298.0,292.76747268194896
1309,298.0,294.4211412947743
1310,300.0,295.494952901977
1311,308.0,297.172741757846
1312,340.0,298.24920283718393
1313,362.0,300.75552877154274
1314,360.0,306.8880484002701
1315,360.0,323.03381357695207
1316,352.0,346.23760588339576
1317,362.0,365.7286221740226
1318,356.0,378.83233689477254
1319,360.0,381.82828837099015
1320,348.0,381.4680786591075
1321,352.0,379.67026562424644
1322,350.0,379.32440453637287
1323,376.0,378.0617410799034
1324,376.0,375.2527081239905
1325,368.0,374.43682526960987
1326,374.0,378.8069266923982
1327,392.0,386.74266890960064
1328,394.0,396.2043937303026
1329,400.0,401.6443512284864
1330,398.0,402.8459364308706
1331,396.0,407.72489106690074
1332,390.0,415.64814457150067
1333,368.0,424.03982784087736
1334,358.0,425.78677410200726
1335,368.0,422.7242470712313
1336,394.0,412.5734482588901
1337,370.0,400.3547576974405
1338,380.0,391.4402693032182
1339,388.0,391.72313555239924
1340,382.0,400.18064732050624
1341,372.0,405.1074238337543
1342,378.0,407.1435373735672
1343,378.0,407.25904766092196
1344,376.0,407.8307463016907
1345,380.0,404.20580473085136
1346,368.0,401.8464375581565
1347,370.0,402.69290848461674
1348,366.0,403.51838971836145
1349,354.0,403.76514483444396
1350,368.0,399.21273087693953
1351,368.0,392.0231583250812
1352,356.0,385.472859477727
1353,348.0,381.87404940454434
1354,356.0,380.55839135326084
1355,352.0,385.1090535936511
1356,342.0,383.19861030045536
1357,342.0,377.0751121758696
1358,342.0,373.3518529059405
1359,340.0,370.6473459406545
1360,350.0,366.3732540720524
1361,352.0,361.4225820765229
1362,350.0,359.96270103353896
1363,336.0,362.091490712912
1364,326.0,365.70600441481264
1365,380.0,367.3372136957847
1366,360.0,365.1207248142996
1367,360.0,360.42681848294933
1368,360.0,360.12532735915687
1369,360.0,365.2310057108575
1370,360.0,375.0252322003827
1371,360.0,382.07747013048674
1372,360.0,384.73780806394893
1373,346.0,384.73780806394893
1374,342.0,384.73780806394893
1375,328.0,383.4020413306161
1376,332.0,378.90753192795466
1377,336.0,370.90919673657413
1378,336.0,360.28361560886253
1379,322.0,352.67904581632007
1380,320.0,349.77375858103585
1381,316.0,348.88631550648506
1382,318.0,348.4127980339133
1383,320.0,342.933014731927
1384,324.0,333.85668055662444
1385,326.0,329.2730010246859
1386,340.0,328.0576133218635
1387,344.0,330.49912572299655
1388,336.0,338.1817937622325
1389,318.0,344.002046469857
1390,326.0,350.0448934776608
1391,316.0,353.2280391120231
1392,314.0,349.42679494180214
1393,314.0,341.66154889695866
1394,316.0,333.47630291343717
1395,314.0,328.1216888154523
1396,314.0,329.0477044432525
1397,318.0,328.97045758259765
1398,316.0,326.85926622008606
1399,310.0,323.2432416621744
1400,312.0,319.4583876392168
1401,306.0,317.20259911307716
1402,310.0,320.88903432680274
1403,312.0,322.86359561848775
1404,312.0,321.77906633620614
1405,314.0,316.9795288868143
1406,314.0,314.72716393721106
1407,306.0,315.4741837005665
1408,302.0,319.63826709038244
1409,298.0,325.98085608091907
1410,300.0,323.2699695164663
1411,296.0,316.08547565621194
1412,290.0,303.27338641422773
1413,290.0,293.81902846561013
1414,290.0,289.199090965462
1415,278.0,289.8381006243716
1416,284.0,290.8952644788528
1417,284.0,285.4291754830123
1418,284.0,282.53481071914604
1419,274.0,281.2347171896332
1420,270.0,278.8539636118175
1421,266.0,276.98153000394564
1422,270.0,273.3224325254337
1423,270.0,267.5607000496968
1424,266.0,261.6690983583776
1425,264.0,257.980816757532
1426,264.0,260.11408877187375
1427,264.0,263.41892980063676
1428,264.0,263.1263209130352
1429,264.0,259.5643638766701
1430,264.0,255.16446265450355
1431,264.0,255.32702200270236
1432,264.0,255.00516459140266
1433,262.0,254.02959211362497
1434,260.0,254.04909284679349
1435,260.0,253.87778521724192
1436,258.0,253.29920851074536
1437,256.0,253.08067149652913
1438,250.0,251.84864248112177
1439,246.0,251.02084279825533
1440,246.0,249.35507832115084
1441,244.0,244.5555589041411
1442,240.0,241.25598848304818
1443,242.0,237.4740621461205
1444,234.0,234.62550220873635
1445,240.0,230.49241326361002
1446,236.0,227.20537792410204
1447,232.0,224.2842556813162
1448,224.0,221.81665815150893
1449,240.0,221.93232300213847
1450,278.0,218.52732497131586
1451,294.0,215.47382443578724
1452,300.0,218.48189367274784
1453,300.0,232.5637054047636
1454,298.0,258.04666071258976
1455,296.0,283.6678651415459
1456,294.0,294.8578907403297
1457,290.0,297.4600388209042
1458,292.0,296.91970235661626
1459,282.0,295.7626603579837
1460,262.0,294.871591486612
1461,258.0,291.4139646607256
1462,258.0,281.5420894460312
1463,258.0,273.69156311432596
1464,246.0,261.75498401806556
1465,300.0,251.29928853777756
1466,268.0,245.36127664715013
1467,242.0,244.73671736640551
1468,244.0,254.28217941727598
1469,256.0,257.3140720069899
1470,252.0,254.3690594340317
1471,242.0,246.77115647074157
1472,244.0,236.48872126937655
1473,240.0,235.47536322302352
1474,240.0,238.55137847557893
1475,240.0,235.63234798911182
1476,246.0,232.41318138356124
1477,244.0,230.70773536171072
1478,242.0,229.56510059232886
1479,244.0,230.26880142187176
1480,254.0,230.4996313685424
1481,274.0,230.73714360079282
1482,274.0,231.25734175840375
1483,278.0,234.52600982875828
1484,276.0,246.27012415920382
1485,296.0,256.6300625386544
1486,284.0,265.0130155590605
1487,274.0,271.4050699496369
1488,286.0,278.03577518858805
1489,284.0,282.4373199335764
1490,302.0,282.2951526334307
1491,308.0,281.9026546534458
1492,308.0,281.73205286284906
1493,320.0,286.28612966358475
1494,318.0,295.77157994696597
1495,316.0,309.37668408481983
1496,322.0,322.00242830065014
1497,314.0,328.33743596255863
1498,314.0,331.5523636702983
1499,314.0,333.5837939428852
1500,314.0,334.3463782280114
1501,332.0,333.9230886676351
1502,326.0,330.0112931151253
1503,326.0,328.6457059739776
1504,320.0,331.7739120923182
1505,324.0,336.3711957684922
1506,316.0,341.87916883574445
1507,318.0,341.752053422508
1508,316.0,336.86421655028704
1509,316.0,333.15651149791034
1510,316.0,332.92040063935127
1511,308.0,331.8351062688595
1512,306.0,330.6908666174745
1513,306.0,329.80786466101915
1514,310.0,326.8857338928654
1515,312.0,323.4075308310235
1516,314.0,320.191195309456
1517,308.0,318.95647174095825
1518,312.0,322.223661155984
1519,310.0,324.90000669260456
1520,310.0,325.1144529321482
1521,310.0,324.82698713751506
1522,312.0,323.42913104867444
1523,312.0,322.4824387187901
1524,310.0,323.5350120440102
1525,306.0,323.8190800226527
1526,306.0,323.28723809834145
1527,308.0,321.98678520921476
1528,308.0,319.39154932709135
1529,306.0,316.1874803334189
1530,310.0,315.22079073584575
1531,310.0,315.3987606865541
1532,304.0,315.7058611691939
1533,300.0,315.6088707822264
1534,306.0,316.8021462765501
1535,310.0,316.9703697247561
1536,312.0,313.55031980702415
1537,312.0,310.58163554652606
1538,312.0,311.6621059328105
1539,310.0,317.6692713646169
1540,310.0,322.48861609767226
1541,304.0,323.9988177908164
1542,302.0,324.6498846731864
1543,304.0,323.23762071108143
1544,298.0,319.2149594976241
1545,310.0,314.0445564865806
1546,350.0,307.0182774584764
1547,336.0,304.8867228675223
1548,338.0,307.68996726779113
1549,334.0,320.43775335736314
1550,318.0,327.8930716996656
1551,316.0,336.87588092542404
1552,322.0,348.2218789008463
1553,336.0,346.6726036118369
1554,342.0,343.5902564171246
1555,348.0,339.2363738339702
1556,368.0,342.2630730976514
1557,358.0,348.54592080642965
1558,340.0,355.98347467635034
1559,340.0,363.24589805172315
1560,346.0,368.55625424400114
1561,344.0,371.94183912751095
1562,330.0,372.6724906400669
1563,342.0,365.10251210842097
1564,342.0,362.14326940996443
1565,320.0,361.0048542179842
1566,326.0,357.6667563245969
1567,326.0,354.3154587275432
1568,334.0,352.7758694037536
1569,338.0,349.82469748429526
1570,332.0,342.6823878058112
1571,338.0,344.0603580413236
1572,328.0,349.3400617601574
1573,344.0,351.9729853207822
1574,346.0,353.7052480708076
1575,362.0,353.6150397915349
1576,376.0,355.0780327084511
1577,386.0,359.37524209085154
1578,386.0,368.85885307126284
1579,386.0,380.8435193783629
1580,416.0,390.4687566874582
1581,416.0,400.0239407683125
1582,416.0,414.2205466445099
1583,370.0,426.8167940693819
1584,374.0,433.9567208973798
1585,374.0,439.62203165019775
1586,374.0,431.56677080471445
1587,374.0,408.9267853958345
1588,360.0,392.2936698164979
1589,360.0,398.00241800163917
1590,320.0,399.1687112562812
1591,298.0,393.8460466752213
1592,300.0,383.1343016739272
1593,288.0,366.10257256103347
1594,262.0,348.27960055581417
1595,264.0,324.8382985931746
1596,264.0,296.23793083569694
1597,278.0,281.48897635270646
1598,278.0,269.78760649590225
1599,276.0,260.74632469526597
1600,274.0,261.6580419321215
1601,270.0,266.4346962886816
1602,262.0,269.4904586001312
1603,250.0,267.9509568621973
1604,250.0,264.6664022632496
1605,246.0,259.8202897470564
1606,248.0,253.3999219405942
1607,248.0,246.40638714225284
1608,254.0,240.37950652073414
1609,254.0,237.59834132326466
1610,254.0,237.73762344228112
1611,240.0,240.28491379656674
1612,240.0,241.67843052146776
1613,234.0,241.28118229683787
1614,216.0,239.9150232715735
1615,226.0,235.28294225013656
1616,244.0,227.64399243317314
1617,240.0,220.080211888846
1618,240.0,218.9602154871108
1619,240.0,218.69963211004435
1620,240.0,223.1824874417871
1621,240.0,227.24799617106896
1622,240.0,227.23026261134217
1623,240.0,227.32560754344686
1624,240.0,227.32560754344686
1625,226.0,227.32560754344686
1626,226.0,227.32560754344686
1627,220.0,226.15893818483622
1628,210.0,223.428608848443
1629,204.0,218.46244961278012
1630,195.0,212.4632821864301
1631,190.0,205.4873469929774
1632,190.0,197.35563915178628
1633,187.0,188.09205414513826
1634,177.0,180.76627013132259
1635,184.0,178.06201046727614
1636,202.0,174.2977146478921
1637,190.0,169.88711764711056
1638,191.0,167.62773230476392
1639,199.0,168.33234505762803
1640,193.0,173.88915239154807
1641,190.0,178.5543151058978
1642,194.0,177.5537858113518
1643,192.0,175.66812416321304
1644,191.0,176.10602252911093
1645,188.0,177.54240995432772
1646,198.0,176.964312393983
1647,204.0,175.72754859025807
1648,202.0,174.40530099135964
1649,206.0,174.75232645590324
1650,206.0,179.956657393789
1651,208.0,184.4330262201
1652,204.0,187.08067450870243
1653,202.0,188.90650986528175
1654,200.0,189.81065350167285
1655,200.0,191.95991766284547
1656,200.0,191.05747422247697
1657,199.0,187.54565236034242
1658,195.0,183.67216273943308
1659,193.0,182.02351872106544
1660,186.0,184.18858955313925
1661,184.0,183.81278440683099
1662,184.0,180.32358030390637
1663,182.0,175.56798776959005
1664,181.0,171.22952029704075
1665,182.0,170.20488943584684
1666,182.0,168.3610216972095
1667,182.0,165.81341706426517
1668,178.0,164.30267439965925
1669,174.0,164.24244624358533
1670,174.0,163.72467988149768
1671,175.0,165.50929836480142
1672,178.0,163.63201404615592
1673,181.0,160.04422948657447
1674,181.0,157.22201743543167
1675,175.0,157.55144329508664
1676,175.0,158.70713350907852
1677,179.0,162.08360946359446
1678,169.0,163.25134530880112
1679,169.0,161.31350309909547
1680,142.0,158.77205008448752
1681,137.0,155.9175858300066
1682,130.0,154.27760765924518
1683,143.0,146.51134922495186
1684,143.0,135.23041466004963
1685,137.0,124.80391618236817
1686,130.0,122.31412851841114
1687,133.0,122.45469866471745
1688,139.0,124.57170031833365
1689,163.0,122.89454452787763
1690,158.0,122.14897250719596
1691,152.0,125.11747354581203
1692,145.0,142.32671342768526
1693,151.0,154.61958405681253
1694,147.0,151.62441570118716
1695,142.0,141.3583848153858
1696,141.0,136.1992997001383
1697,138.0,134.38084216387537
1698,137.0,132.32344010901565
1699,134.0,128.80143767918202
1700,138.0,125.53943128597064
1701,136.0,122.96356218217758
1702,132.0,120.91178623051997
1703,132.0,119.69454892050936
1704,138.0,119.29097390583166
1705,142.0,118.53530375119746
1706,134.0,117.621422628495
1707,132.0,117.30662875885287
1708,130.0,118.36173949783407
1709,130.0,120.41907972738386
1710,130.0,119.90110728092984
1711,130.0,116.98612635226209
1712,126.99999999999997,114.85138083470076
1713,126.99999999999997,113.11450179486846
1714,126.99999999999997,112.55551855950526
1715,126.0,112.03066289521422
1716,133.0,110.96207423867193
1717,143.0,110.0359929214799
1718,135.0,109.63734332315863
1719,131.0,110.73086818803264
1720,134.0,116.0996750587245
1721,131.0,119.67206511613753
1722,131.0,120.03671079400644
1723,132.0,117.00316952936154
1724,139.0,114.54079108613274
1725,131.0,114.31978621162918
1726,130.0,114.43379208310938
1727,128.99999999999997,115.5165799524951
1728,125.00000000000003,116.28614019342317
1729,122.0,116.1052393366167
1730,114.00000000000003,113.96117880569511
1731,114.00000000000003,111.34403100331659
1732,114.00000000000003,108.28330721074641
1733,109.0,105.1636845062655
1734,109.0,102.3222756963946
1735,115.0,99.4470278335645
1736,107.0,98.06306827115424
1737,106.0,96.0249763214241
1738,100.0,95.33106965139334
1739,101.00000000000003,94.45578813051344
1740,104.99999999999997,93.3946391195974
1741,107.0,90.8094756108807
1742,101.00000000000003,88.3616467239182
1743,100.0,88.84847982261252
1744,101.00000000000003,89.14565347892935
1745,101.00000000000003,93.3500218542766
1746,100.0,93.14896594643838
1747,99.0,90.22706058306034
1748,104.99999999999997,87.63915615227083
1749,108.0,86.88983339612105
1750,110.0,86.08771182530529
1751,112.0,87.21641529151998
1752,113.0,90.094342251113
1753,117.0,94.15605902805353
1754,130.0,96.72646689613757
1755,137.0,97.08455909115568
1756,136.0,98.76841262351897
1757,134.0,106.11140468192718
1758,134.0,113.91171855776443
1759,134.0,118.28804372841734
1760,125.00000000000003,119.91153514986857
1761,131.0,118.39724783416096
1762,131.0,115.78628256277375
1763,131.0,114.71581853849742
1764,131.0,114.4563789296644
1765,132.0,115.81231101824727
1766,128.99999999999997,115.81872024204162
1767,130.0,114.3712454779137
1768,139.0,113.37039675259982
1769,147.0,113.52007582790003
1770,148.0,114.51103250362777
1771,140.0,116.57068087808102
1772,143.0,122.36816383927541
1773,141.0,127.91587254841986
1774,143.0,129.72677709265506
1775,139.0,127.72540937701348
1776,139.0,125.26338127720754
1777,153.0,124.85830184665528
1778,162.0,124.56092210597208
1779,152.0,124.93121449547976
1780,150.0,128.71725221551665
1781,159.0,138.32345248126782
1782,161.0,142.8792771350358
1783,163.0,142.00994114812593
1784,164.0,139.0144121448594
1785,183.0,140.75028137129644
1786,170.0,144.16172984278668
1787,163.0,146.2218522112826
1788,177.0,154.42834806903224
1789,177.0,163.47079424633853
1790,168.0,164.3024270984196
1791,166.0,159.50739001637857
1792,167.0,154.67359876924016
1793,178.0,156.4431833980166
1794,175.0,155.93205295252633
1795,176.0,154.5089476647226
1796,172.0,154.64350014753066
1797,161.0,179.25469282503283
1798,155.0,191.31318370427857
1799,156.0,176.85607688476134
1800,151.0,158.3230746838968
1801,167.0,150.4625635646406
1802,158.0,143.17791399035391
1803,158.0,138.71973210937574
1804,153.0,143.40259747079733
1805,150.0,146.03591259171822
1806,148.0,145.46197793557428
1807,147.0,141.67422971529646
1808,145.0,137.3180595956753
1809,140.0,134.3757312715892
1810,140.0,131.73467768271084
1811,140.0,129.30972416041627
1812,139.0,127.72087552095317
1813,147.0,125.94568539741124
1814,145.0,123.17216077782521
1815,141.0,122.28031007388853
1816,140.0,123.77353556735233
1817,140.0,128.75041119006684
1818,140.0,129.90664752762964
1819,151.0,127.56493148091505
1820,163.0,124.47638629888391
1821,162.0,123.47704198944456
1822,160.0,129.41367311481724
1823,157.0,160.87494526322516
1824,166.0,186.49694054093726
1825,168.0,173.91024512644682
1826,166.0,152.0988631294622
1827,163.0,156.4285101911305
1828,157.0,165.14278762341678
1829,150.0,163.2554979087836
1830,150.0,153.92349289249816
1831,150.0,146.8365606593144
1832,150.0,143.9529251627727
1833,149.0,138.4601276330496
1834,154.0,135.46056968042038
1835,156.0,134.899319517027
1836,154.0,134.26856740107272
1837,154.0,136.84549783935262
1838,152.0,140.5091729668527
1839,152.0,141.4418489837688
1840,152.0,141.43288431383138
1841,151.0,140.77537214290294
1842,151.0,139.42607597091742
1843,153.0,135.96895920383784
1844,152.0,135.58976396970263
1845,148.0,134.9962409945345
1846,144.0,135.29213692777978
1847,141.0,135.65789546122716
1848,140.0,135.70661380543885
1849,135.0,132.7734665398749
1850,135.0,128.9395966384017
1851,142.0,126.2392937941897
1852,136.0,124.27866895778101
1853,135.0,121.4317783037645
1854,131.0,121.20248883773252
1855,128.0,121.7681079896931
1856,131.0,120.95257032662613
1857,128.99999999999997,118.3513940626419
1858,125.00000000000003,115.74953772024858
1859,128.0,115.40842687702002
1860,124.0,114.13647416773608
1861,122.0,112.39864713981845
1862,124.0,110.57830393160316
1863,119.0,109.5344453990262
1864,121.0,108.37604517561644
1865,120.0,106.78239477041674
1866,119.0,105.35884640122529
1867,121.0,104.81200153504173
1868,131.0,103.72132063442373
1869,134.0,103.47010379180918
1870,128.0,103.88315868734026
1871,128.0,110.00165926604134
1872,125.00000000000003,117.67535490717609
1873,125.00000000000003,120.63410815526248
1874,125.00000000000003,116.87787023460382
1875,125.00000000000003,113.00140269460033
1876,125.00000000000003,110.69230980308336
1877,125.00000000000003,109.04860150529046
1878,126.99999999999997,107.61497561058314
1879,126.0,107.61497561058314
1880,128.99999999999997,107.58810220920748
1881,126.0,109.0964542951634
1882,126.99999999999997,110.63602816262556
1883,124.0,117.38881520416436
1884,124.0,118.11243923982681
1885,124.0,114.68045446122699
1886,122.0,110.43173673023523
1887,121.0,108.92381742144872
1888,119.0,108.3449882616033
1889,120.0,107.16855565613551
1890,125.00000000000003,107.00381181365307
1891,121.0,106.38803172691613
1892,120.0,104.90760407260441
1893,119.0,109.94665534865513
1894,119.0,111.17679354000097
1895,120.0,110.0394757472717
1896,120.0,106.43788353514293
1897,119.0,104.38891033086807
1898,117.0,103.55216658650082
1899,118.0,104.04110174573222
1900,117.0,104.00000852307647
1901,115.99999999999997,103.53281526449794
1902,115.0,102.41837283643659
1903,114.00000000000003,101.75119530872502
1904,113.0,101.295295473424
1905,111.0,101.60427776393428
1906,109.0,101.22638086130726
1907,108.0,99.49040859268703
1908,106.0,97.71280728205846
1909,106.0,95.9978144019355
1910,106.0,94.46547409573319
1911,104.0,93.30169507036098
1912,109.0,92.29855880858031
1913,114.00000000000003,91.54793772092236
1914,112.0,90.69868465551599
1915,112.0,91.75130177366398
1916,113.0,94.95234841130082
1917,111.0,97.08301345840783
1918,107.0,97.9626845762916
1919,109.0,97.20099675815916
1920,111.0,95.95651509491339
1921,112.0,95.16737683917944
1922,113.0,94.37632199883816
1923,115.99999999999997,94.0953877905919
1924,113.0,95.0605633120858
1925,109.0,95.89809017704528
1926,110.0,97.42946188672562
1927,107.0,99.95141932027423
1928,104.99999999999997,99.80363622114467
1929,104.99999999999997,97.01488196688334
1930,104.99999999999997,93.22340361957404
1931,110.0,92.33614859700762
1932,109.0,91.20455994966363
1933,111.0,90.46696339396075
1934,108.0,92.08006816334654
1935,108.0,93.28337417019
1936,107.0,95.13104416538701
1937,107.0,94.93493428234189
1938,104.99999999999997,93.90199822118296
1939,104.99999999999997,92.3993134553024
1940,107.0,91.6101958080051
1941,109.0,91.21892403000015
1942,104.99999999999997,90.6474314735978
1943,107.0,90.52588291430817
1944,108.0,90.92991131459189
1945,107.0,91.5281124048768
1946,104.99999999999997,91.48308297082326
1947,104.99999999999997,91.62723898510453
1948,104.99999999999997,91.58173555700833
1949,104.0,91.20256093130976
1950,103.00000000000003,90.69652076966901
1951,103.00000000000003,90.0516827872728
1952,104.0,89.42133253583296
1953,101.00000000000003,88.78535618119099
1954,100.0,88.37737096107281
1955,98.0,87.82830038373237
1956,96.0,87.87147505848853
1957,93.0,87.16575975426431
1958,95.0,85.67706811686082
1959,92.00000000000003,83.74123522972738
1960,90.00000000000003,83.09565534361221
1961,85.0,81.5335770633416
1962,80.99999999999997,79.52705723854055
1963,82.99999999999997,78.08467275826217
1964,82.99999999999997,76.12291445783839
1965,82.99999999999997,73.49278334037805
1966,82.99999999999997,71.67202796343
1967,92.00000000000003,70.46140596158011
1968,90.00000000000003,70.26974750084872
1969,91.0,71.19892008353642
1970,97.0,75.29837090796073
1971,93.0,77.91762077087631
1972,93.0,78.53579143626322
1973,90.00000000000003,81.85323452403023
1974,87.0,84.13296039333835
1975,85.0,111.03026755550636
1976,84.0,122.66333847723837
1977,84.0,108.3420412551641
1978,85.0,84.91016636425903
1979,84.0,77.71297899506314
1980,80.99999999999997,74.04511005070725
1981,79.00000000000003,73.33570583632488
1982,80.0,72.61065981853443
1983,80.0,71.79761577630063
1984,77.0,70.7315619574648
1985,73.0,70.73955803088026
1986,69.0,68.97988606012657
1987,71.0,74.40215121545685
1988,71.99999999999997,73.1604722995938
1989,71.0,75.65959558534777
1990,69.99999999999997,69.43912446216291
1991,69.99999999999997,69.87952675311232
1992,71.99999999999997,65.51266085487615
1993,71.0,69.68772403332449
1994,69.0,65.65848615252511
1995,68.00000000000003,68.90808626688053
1996,69.0,65.22517316377909
1997,71.0,65.9711985700668
1998,69.99999999999997,62.56151211990908
1999,71.99999999999997,63.154416841978076
2000,68.00000000000003,61.829974444577715
2001,68.00000000000003,67.1222621900335
2002,69.0,69.81491930425287
2003,73.0,72.40016524671611
2004,71.0,68.17844456771985
2005,71.0,69.59109107392993
2006,68.00000000000003,66.0117765818066
2007,71.0,68.76296165607727
2008,71.0,65.26498866336328
2009,71.0,67.70453295879742
2010,77.0,65.95875107433758
2011,76.0,70.7242047455851
2012,75.0,69.43706361849914
2013,74.0,77.68806339516806
2014,73.0,74.47638280422615
2015,75.0,77.62924691700383
2016,76.0,71.73741853288166
2017,76.0,71.6170446544804
2018,76.0,66.99556152158442
2019,73.0,69.94361899105581
2020,75.0,69.40217353527137
2021,71.99999999999997,72.47631342009271
2022,68.00000000000003,68.47860644734916
2023,65.0,71.65638616002192
2024,64.0,67.94682634834783
2025,62.0,71.063419612643
2026,60.99999999999997,65.80795914345893
2027,60.0,66.34571568908524
2028,57.00000000000003,59.22409945704007
2029,50.0,61.474149177589766
2030,50.0,56.77109785248146
2031,50.0,60.06271856914134
2032,50.0,60.10877842502677
2033,50.0,62.19587723708156
2034,50.0,53.680656694279634
2035,50.0,46.45960475545718
2036,50.0,42.64349932636571
2037,50.0,42.62054152795122
2038,50.0,43.344433473289996
2039,50.0,43.634085050234034
2040,50.0,51.12760112984461
2041,50.0,50.07937360870045
2042,50.0,54.707925435363165
2043,50.0,50.64631170060585
2044,50.0,50.81054033217231
2045,50.0,46.162245623210595
2046,50.0,51.69971193934609
2047,50.0,49.17348855941344
2048,50.0,54.29849762468035
2049,50.0,50.43256099579878
2050,50.0,54.74098136773017
2051,50.0,50.24768271072122
2052,50.0,54.437934306971584
2053,50.0,50.017342214420694
2054,50.0,53.76045256094113
2055,50.0,49.425220612943974
2056,50.0,54.28722480983947
2057,50.0,50.28821950558773
2058,50.0,55.14542193674666
2059,50.0,51.17868944426965
2060,50.0,46.710388820902324
2061,50.0,42.045854663870045
2062,50.0,47.502309215582386
2063,50.0,47.094303387027594
2064,50.0,52.9212151957407
2065,50.0,50.423967277720806
2066,50.0,46.38090113593745
2067,50.0,42.572338394655446
2068,50.0,42.574481672065815
2069,50.0,42.57404889489641
2070,50.0,42.57287421400804
2071,50.0,42.57139040657012
2072,50.0,42.574172545516205
2073,50.0,42.57404889489641
2074,50.0,42.572709346514955
2075,50.0,42.57250326214859
2076,50.0,42.57223535247226
2077,50.0,42.57157588249987
2078,50.0,42.570792761907626
2079,50.0,42.57068971972444
2080,50.0,42.57066911128783
2081,50.0,42.57054546066797
2082,50.0,42.57050424379469
2083,50.0,42.5734306417973
2084,50.0,42.574337413009346
2085,50.0,42.57316273212098
2086,50.0,42.580375684944215
2087,50.0,42.578891877506294
2088,50.0,42.575141142038206
2089,50.0,42.57221474403565
2090,50.0,42.57435802144596
2091,50.0,42.573739768346854
2092,50.0,42.57266812964167
2093,50.0,42.57485262392527
2094,50.0,42.574625931122284
2095,50.0,42.572565087458486
2096,50.0,42.570792761907626
2097,50.0,42.57058667754126
2098,50.0,42.57056606910464
2099,50.0,42.57062789441454
2100,50.0,42.57052485223136
2101,50.0,42.57050424379469
2102,50.0,42.57046302692146
2103,50.0,42.57060728597787
2104,50.0,42.57068971972444
2105,50.0,42.57066911128783
2106,50.0,42.57066911128783
2107,50.0,42.570937020964095
2108,50.0,42.570875195654196
2109,50.0,42.57073093659773
2110,50.0,42.570957629400766
2111,50.0,42.57077215347101
2112,50.0,42.57112249689385
2113,50.0,42.57126675595032
2114,50.0,42.571019454710665
2115,50.0,42.57066911128783
2116,50.0,42.5688761773003
2117,50.0,42.579551347478684
2118,50.0,42.57965438966187
2119,50.0,42.57495566610845
2120,50.0,42.571019454710665
2121,50.0,42.57110188845718
2122,50.0,42.57091641252748
2123,50.0,42.57066911128783
2124,50.0,42.57015390037185
2125,50.0,42.5724002199654
2126,50.0,42.5725856958951
2127,50.0,42.57104006314728
2128,50.0,42.57761415443474
2129,50.0,42.578376666590316
2130,50.0,42.57474958174208
2131,50.0,42.57112249689385
2132,50.0,42.56955625570936
2133,50.0,42.57578000357398
2134,50.0,42.57578000357398
2135,50.0,42.575223575784776
2136,50.0,42.57223535247226
2137,50.0,42.5725856958951
2138,50.0,42.571307972823604
2139,50.0,42.572647521205056
2140,50.0,42.572049876542565
2141,50.0,42.57124614751365
2142,50.0,42.57060728597787
2143,50.0,42.57066911128783
2144,50.0,42.57068971972444
2145,50.0,42.57068971972444
2146,50.0,42.57071032816111
2147,50.0,42.57052485223136
2148,50.0,42.570957629400766
2149,50.0,42.57089580409081
2150,50.0,42.57068971972444
2151,50.0,42.5704012016115
2152,50.0,42.57155527406326
2153,50.0,42.57165831624644
2154,50.0,42.57031876786499
2155,50.0,42.574543497375714
2156,50.0,42.574461063629144
2157,50.0,42.57227656934555
2158,50.0,42.570875195654196
2159,50.0,42.571678924683056
2160,50.0,42.56790758077835
2161,50.0,42.588619059599296
2162,50.0,42.58756802933078
2163,50.0,42.581921317692036
2164,50.0,42.57320394899426
2165,50.0,42.5697211232025
2166,50.0,42.581035154916606
2167,50.0,42.58152975739591
2168,50.0,42.57619217230672
2169,50.0,42.57104006314728
2170,50.0,42.570792761907626
2171,50.0,42.570937020964095
2172,50.0,42.57075154503434
2173,50.0,42.571081280020564
2174,50.0,42.570957629400766
2175,50.0,42.57003024975205
2176,50.0,42.5734306417973
2177,50.0,42.576315822926574
2178,50.0,42.57501749141841
2179,50.0,42.57996351621148
2180,50.0,42.580375684944215
2181,50.0,42.57635703979986
2182,50.0,42.57825301597052
2183,50.0,42.57782023880111
2184,50.0,42.57493505767184
2185,50.0,42.571596490936486
2186,50.0,42.62239628724865
2187,50.0,59.19823586905966
2188,50.0,61.29477334509451
2189,50.0,51.463518647040445
2190,50.0,42.60184967592079
2191,50.0,42.58670247499202
2192,50.0,42.57806754004076
2193,50.0,42.5697829485124
2194,50.0,42.568134273581336
2195,50.0,42.61621375625731
2196,50.0,42.61312249076167
2197,50.0,42.590247126093686
2198,50.0,42.57073093659773
2199,50.0,42.57126675595032
2200,50.0,42.56899982792015
2201,50.0,42.58138549833944
2202,50.0,42.580890895860136
2203,50.0,42.57578000357398
2204,50.0,42.57062789441454
2205,50.0,42.57073093659773
2206,50.0,42.57060728597787
2207,50.0,42.56922652072319
2208,50.0,42.57810875691405
2209,50.0,42.57872701001321
2210,50.0,42.57481140705198
2211,50.0,42.570875195654196
2212,50.0,42.570339376301604
2213,50.0,42.57155527406326
2214,50.0,42.5714934487533
2215,50.0,42.57035998473822
2216,50.0,42.573616117727
2217,50.0,42.57363672616367
2218,50.0,42.57207048497918
2219,50.0,42.57044241848479
2220,50.0,42.57066911128783
2221,50.0,42.57060728597787
2222,50.0,42.57075154503434
2223,50.0,42.571307972823604
2224,50.0,42.57097823783738
2225,50.0,42.57077215347101
2226,50.0,42.57225596090893
2227,50.0,42.571823183739525
2228,50.0,42.56531091776196
2229,50.0,42.602467929019895
2230,50.0,42.60928932154701
2231,50.0,42.595543494309595
2232,50.0,42.576315822926574
2233,50.0,42.571823183739525
2234,50.0,42.57003024975205
2235,50.0,42.56943260508956
2236,50.0,42.52308423109116
2237,50.0,42.924845703344715
2238,50.0,43.1651606829779
2239,50.0,42.970926167666846
2240,50.0,42.69151698373179
2241,60.99999999999997,42.59861415136862
2242,57.00000000000003,42.567392369862375
2243,54.0,45.09808778054543
2244,51.0,76.94296536852903
2245,50.0,88.844811520891
2246,50.0,69.93607630324638
2247,50.0,47.710907811230015
2248,50.0,51.79815844116476
2249,50.0,50.380771994528004
2250,51.0,49.62376229151238
