,y_actual,y_predict
0,175.3946533203125,172.41169940421298
1,171.1167449951172,172.33029545011277
2,171.1167449951172,169.2312478085533
3,171.1167449951172,168.95663067049867
4,171.1167449951172,167.11405838048194
5,171.1167449951172,167.2222772614495
6,171.1167449951172,166.5094279038135
7,166.8388214111328,166.2208948879573
8,161.705322265625,165.34428893139318
9,156.57180786132812,161.59980138771778
10,157.42738342285156,157.4878036354503
11,154.8606414794922,156.13688900472542
12,164.27206420898438,154.09875539016855
13,159.1385498046875,157.02365276587693
14,158.28297424316406,157.90294755306712
15,157.42738342285156,156.88111329438408
16,153.14947509765625,157.24278984120855
17,151.43829345703125,156.02871205483976
18,154.8606414794922,151.75160542625324
19,154.8606414794922,151.17683512127422
20,154.0050811767578,151.3007991234907
21,153.14947509765625,151.71791380195629
22,154.0050811767578,152.4497841466137
23,154.0050811767578,151.89083758366215
24,152.29388427734375,151.54958671510235
25,150.58273315429688,150.96232094772074
26,146.30479431152344,149.79955632281232
27,146.30479431152344,147.27540477947753
28,136.8933868408203,145.7200866073194
29,131.75987243652344,141.65315428531096
30,131.75987243652344,135.21106203668603
31,127.48197174072266,132.19970277012473
32,126.62637329101562,128.7384989949917
33,115.50379180908205,127.12364654863055
34,119.78170776367188,121.26274006051351
35,118.92611694335938,117.44794981666776
36,115.50379180908205,116.75573841339848
37,118.07054901123048,114.56447772917207
38,118.07054901123048,115.12358939575854
39,122.34846496582033,115.85484649834336
40,131.75987243652344,117.83314576939244
41,132.61544799804688,124.17912018521338
42,124.05964660644533,127.66088591462723
43,119.78170776367188,128.31989052173387
44,115.50379180908205,126.02375496032047
45,115.50379180908205,120.87076306563976
46,106.9479522705078,117.49861304635887
47,104.38121032714844,112.45196623742383
48,96.6809539794922,107.76457969671948
49,101.81444549560548,101.84055972345638
50,104.38121032714844,98.96790667405422
51,101.81444549560548,98.94524685533271
52,98.39212036132812,99.06276084163643
53,97.53652954101562,98.2467837898232
54,96.6809539794922,97.16133549370406
55,102.6700439453125,96.37376810116454
56,102.6700439453125,97.86863275023556
57,101.81444549560548,100.32318099074242
58,101.81444549560548,100.97629624636328
59,102.6700439453125,101.34016827842846
60,102.6700439453125,102.05936986738392
61,100.95886993408205,102.3844379590276
62,100.95886993408205,101.30859417376685
63,106.09236907958984,101.20747376634172
64,110.37029266357422,101.99489624276913
65,111.2258758544922,105.57398204772542
66,111.2258758544922,108.35654960735039
67,113.79263305664062,111.32947248562985
68,115.50379180908205,112.57032064709148
69,113.79263305664062,114.02590705132545
70,115.50379180908205,113.91308885481331
71,117.2149658203125,114.64811451338281
72,116.35938262939452,114.79633433612514
73,118.92611694335938,115.50655120802638
74,115.50379180908205,116.74487564249688
75,115.50379180908205,116.80108163707504
76,114.64820861816406,115.12795284896751
77,113.79263305664062,115.48414690683512
78,111.2258758544922,113.64699420915241
79,114.64820861816406,112.03711059599497
80,113.79263305664062,112.18150813855397
81,113.79263305664062,112.30327862104917
82,111.2258758544922,113.48997410059884
83,106.09236907958984,111.96296989148554
84,108.65911865234376,109.39394815949171
85,109.51470947265624,107.68426201970942
86,109.51470947265624,107.40696784414553
87,108.65911865234376,107.40217197665459
88,102.6700439453125,107.1202942097018
89,102.6700439453125,104.74107024400799
90,98.39212036132812,103.01706463976096
91,98.39212036132812,101.08940435699627
92,98.39212036132812,98.55696405429062
93,97.53652954101562,97.4678017453519
94,100.95886993408205,96.8352028685293
95,100.95886993408205,98.12223471797975
96,101.81444549560548,98.95138877606956
97,100.95886993408205,100.02062694179337
98,101.81444549560548,100.4371647402964
99,102.6700439453125,100.88854071611676
100,100.10328674316406,101.71327759679895
101,99.2477035522461,101.1348547014836
102,98.39212036132812,100.67958339367317
103,97.53652954101562,99.75803976561508
104,96.6809539794922,98.74492831851775
105,90.6918716430664,97.36130089218875
106,92.4030303955078,94.25791796986596
107,93.25862121582033,92.1291200200499
108,92.4030303955078,91.1633826696148
109,92.4030303955078,90.7305762665124
110,91.54744720458984,90.82781051437162
111,88.12511444091797,90.66505633036986
112,88.12511444091797,90.24340719850201
113,83.84721374511719,89.18640652075123
114,79.56927490234375,87.31179233244056
115,77.0025405883789,84.6569723999993
116,78.54698944091797,81.1976515925123
117,82.95974731445312,78.72700148897388
118,90.90269470214844,78.63024158647853
119,94.43289947509766,81.43777910536778
120,100.61074829101562,86.41652442374367
121,99.72820281982422,93.16608288204347
122,98.8456573486328,97.57113385355333
123,97.08055114746094,99.68971503319814
124,97.08055114746094,100.16952486875061
125,97.96310424804688,99.84284603390661
126,97.96310424804688,99.26558377783446
127,95.31544494628906,98.37516234875469
128,98.8456573486328,97.0677808620738
129,97.08055114746094,97.29501423966217
130,96.19800567626952,96.75624709176584
131,95.31544494628906,96.14397253587347
132,92.66779327392578,95.19837710206758
133,92.66779327392578,93.67452886203951
134,94.43289947509766,92.41774705325375
135,97.08055114746094,92.3419664503386
136,92.66779327392578,92.63065801809817
137,91.78524017333984,91.99972856342156
138,91.78524017333984,91.2894327431552
139,91.78524017333984,91.22730267291405
140,92.66779327392578,91.29997349645136
141,91.78524017333984,91.47797290458514
142,91.78524017333984,91.0957556966074
143,92.66779327392578,91.01706514212655
144,92.66779327392578,91.33459219076194
145,93.55035400390624,92.07500206231511
146,93.55035400390624,92.52283093067702
147,92.66779327392578,92.95700762843205
148,91.78524017333984,92.84052930709231
149,89.1375961303711,92.41225277118012
150,90.02014923095703,90.89010503307455
151,86.48995971679688,90.17319687774642
152,83.84228515625,88.37802177924563
153,82.07718658447266,85.78186146484613
154,80.31209564208984,84.02549554815208
155,74.13423919677734,81.7074745826858
156,68.83893585205078,77.58658482036543
157,75.89934539794922,72.52787365296345
158,78.54698944091797,72.24818023330776
159,78.54698944091797,71.77831887451978
160,76.78189086914062,74.63290044659468
161,75.89934539794922,75.9340638486595
162,78.54698944091797,76.77303665922922
163,76.78189086914062,77.40963827549092
164,88.25505065917969,77.56017610085388
165,75.01678466796875,79.59933047518547
166,73.25169372558594,78.80923227159508
167,63.54363632202149,76.07462207653313
168,63.54363632202149,71.61770710673325
169,63.54363632202149,67.47480614711432
170,60.01343536376953,64.55538339828496
171,60.8959846496582,61.81862554562256
172,55.60068130493164,60.42640355785283
173,52.95302963256836,58.796683922269786
174,48.54027557373046,55.81890096953025
175,45.01007461547853,52.96706588331901
176,45.01007461547853,49.96074358796949
177,44.12752532958984,47.25314880276016
178,44.12752532958984,45.27020173335306
179,44.12752532958984,44.069651962278364
180,44.12752532958984,43.555550691405976
181,44.12752532958984,43.42297509324677
182,44.12752532958984,43.57201912381747
183,44.12752532958984,43.860992416033476
184,44.12752532958984,44.570544942356044
185,44.12752532958984,44.65267220761882
186,44.12752532958984,44.80512313859292
187,44.12752532958984,44.85823409518924
188,44.12752532958984,44.901082419493484
189,44.12752532958984,44.921382304512484
190,44.12752532958984,44.93936549725718
191,44.12752532958984,44.95343861661582
192,44.12752532958984,44.95685599978968
193,44.12752532958984,45.002230671777674
194,44.12752532958984,44.973361121897824
195,44.12752532958984,44.94846454202686
196,44.12752532958984,45.14923580349158
197,44.12752532958984,45.01126157853929
198,44.12752532958984,44.916748919963865
199,44.12752532958984,44.8819356392264
200,44.12752532958984,44.8846873664753
201,44.12752532958984,44.902004903295015
202,44.12752532958984,44.92213706398647
203,44.12752532958984,44.9398791530103
204,44.12752532958984,44.954790894006706
205,44.12752532958984,44.96050400391393
206,44.12752532958984,44.96264773047546
207,44.12752532958984,44.96207641948473
208,44.12752532958984,44.96032055543068
209,44.12752532958984,44.95815586332821
210,44.12752532958984,44.956347585421796
211,44.12752532958984,44.955231170366524
212,44.12752532958984,44.95488523894095
213,44.12752532958984,44.96598649287078
214,44.12752532958984,44.959764968595664
215,44.12752532958984,44.9556347570297
216,44.12752532958984,44.956976551650115
217,44.12752532958984,44.95690317225681
218,45.89262008666993,45.01256144207782
219,45.01007461547853,45.892642437053425
220,44.12752532958984,45.925862336679145
221,44.12752532958984,45.6906027603616
222,44.12752532958984,45.40852713111616
223,44.12752532958984,45.259692755954894
224,45.89262008666993,45.1010098179352
225,45.01007461547853,45.41365844726219
226,44.12752532958984,45.8108139307491
227,44.12752532958984,45.83562140707105
228,44.12752532958984,45.63861346020578
229,44.12752532958984,45.39038145542915
230,45.01007461547853,45.23409383046231
231,44.12752532958984,45.32490607106112
232,44.12752532958984,45.220922229364255
233,44.12752532958984,45.09293284328654
234,45.01007461547853,45.00440584665061
235,45.01007461547853,45.10484651192795
236,45.01007461547853,45.25734985675441
237,44.12752532958984,45.45503918370036
238,45.01007461547853,45.450484419930284
239,45.01007461547853,45.54526963053798
240,45.01007461547853,45.65307444207188
241,44.12752532958984,45.67706426229703
242,44.12752532958984,45.50206489203769
243,44.12752532958984,45.28350436908201
244,44.12752532958984,45.11116762252256
245,44.12752532958984,44.993231213327476
246,44.12752532958984,44.92236244355161
247,44.12752532958984,44.89054723516914
248,44.12752532958984,44.8963808969368
249,44.12752532958984,44.89578337901989
250,44.12752532958984,44.90375552596384
251,44.12752532958984,44.91650781624301
252,44.12752532958984,44.941000809450806
253,44.12752532958984,44.946519988104306
254,44.12752532958984,44.952736270994194
255,44.12752532958984,44.95666730992119
256,44.12752532958984,44.958538484450436
257,44.12752532958984,44.9586642776961
258,44.12752532958984,44.95929848530966
259,44.12752532958984,44.959419037170086
260,44.12752532958984,44.95921462314588
261,44.12752532958984,44.95937186470296
262,44.12752532958984,44.960346762356856
263,44.12752532958984,44.960100417250764
264,44.12752532958984,44.95983310660373
265,44.12752532958984,44.95964441673523
266,44.12752532958984,44.95955531318622
267,44.12752532958984,44.95956055457145
268,44.12752532958984,44.95975448582519
269,44.12752532958984,44.959749244439955
270,44.12752532958984,44.95986979630038
271,44.12752532958984,44.95985407214467
272,44.12752532958984,44.95999034816081
273,44.12752532958984,44.95999558954605
274,44.12752532958984,44.96002703785746
275,44.12752532958984,44.96005324478364
276,44.12752532958984,44.96005324478364
277,44.12752532958984,44.96005324478364
278,44.12752532958984,44.960121382791705
279,44.12752532958984,44.96086041810998
280,47.65772247314453,44.97563064170501
281,44.12752532958984,46.24272503973588
282,44.12752532958984,46.58596239330012
283,44.12752532958984,46.09901673933542
284,44.12752532958984,45.761749323554966
285,44.12752532958984,45.433580952544204
286,44.12752532958984,45.407468371298485
287,45.01007461547853,45.08401200561488
288,44.12752532958984,45.035314295387266
289,44.12752532958984,45.31267267792031
290,45.89262008666993,45.092770360344225
291,48.54027557373046,45.431484398449804
292,52.95302963256836,47.14626123364255
293,52.95302963256836,48.75769367613722
294,50.305374145507805,50.92780012955116
295,52.07047653198242,51.940299481128896
296,75.01678466796875,52.42664499648408
297,62.66108322143555,59.78511483284384
298,57.36577987670898,63.382416417014674
299,57.36577987670898,63.59407141492193
300,60.8959846496582,62.20372060168145
301,64.42617797851562,61.927431461736546
302,66.19129180908203,63.440556482744924
303,64.42617797851562,65.15578145637535
304,66.19129180908203,65.29172464454868
305,61.77853012084961,65.83790057237273
306,63.54363632202149,65.67976273841758
307,65.30873107910156,64.70020811374067
308,65.30873107910156,64.77768364960652
309,64.42617797851562,64.96998483252986
310,66.19129180908203,65.92125694247335
311,69.72149658203125,66.19012428092408
312,67.95638275146484,68.21200435986414
313,63.54363632202149,68.47427017361015
314,64.42617797851562,67.25359348322924
315,67.07383728027344,65.7429790857489
316,65.30873107910156,65.87812034198112
317,65.30873107910156,65.65743443731225
318,67.07383728027344,65.35053822828176
319,72.36913299560547,65.85292238245908
320,81.19464111328125,70.34483146078708
321,80.31209564208984,81.7914402638201
322,79.42955017089844,81.23417618552931
323,78.54698944091797,79.55643235772148
324,79.42955017089844,78.81712317706786
325,79.42955017089844,78.72479355544323
326,78.54698944091797,80.1604024198502
327,80.31209564208984,79.6235378128979
328,86.48995971679688,79.54754296836123
329,88.25505065917969,84.9100186171152
330,87.37248992919922,87.6077012876701
331,103.25840759277344,86.84109693822691
332,108.55370330810548,100.42718416004735
333,107.67115783691406,108.03662593531584
334,104.14095306396484,106.26352493073644
335,98.8456573486328,105.49421144029938
336,102.3758544921875,102.85442249036863
337,97.96310424804688,101.28237971309561
338,98.8456573486328,99.5138934206299
339,94.43289947509766,97.86729750734669
340,82.95974731445312,97.15382278693471
341,91.78524017333984,91.16987576316247
342,97.96310424804688,88.3288693788488
343,97.08055114746094,91.57741868942738
344,96.19800567626952,92.62176535287216
345,93.55035400390624,93.14251466574325
346,94.43289947509766,93.50047343250252
347,94.43289947509766,93.59069978450792
348,94.43289947509766,94.72517108432588
349,91.78524017333984,94.33232025225732
350,94.43289947509766,93.3405050447537
351,94.43289947509766,93.52511252932376
352,93.55035400390624,93.36690262632162
353,96.19800567626952,93.5945995389168
354,92.66779327392578,96.31218993240941
355,91.78524017333984,94.71593609112664
356,91.78524017333984,93.00410344029692
357,91.78524017333984,91.94577931277405
358,91.78524017333984,92.0366573982749
359,91.78524017333984,90.85261668034727
360,91.78524017333984,90.3243866003981
361,94.43289947509766,90.6362935737142
362,97.96310424804688,93.1747478745983
363,96.19800567626952,95.69194676136588
364,96.19800567626952,97.33754333084687
365,98.17961120605467,97.9483789524616
366,96.37814331054688,98.0247821336668
367,98.17961120605467,97.18970170680797
368,97.27888488769533,97.2893735263885
369,96.37814331054688,97.29696125048405
370,97.27888488769533,96.99087860271815
371,96.37814331054688,97.52941783225336
372,95.47742462158205,96.82558091368567
373,96.37814331054688,96.03901708262556
374,99.08033752441406,95.77317729932176
375,102.68325805664062,98.65559742442126
376,99.98106384277344,102.35256444023437
377,100.88180541992188,100.93638932193615
378,99.08033752441406,100.63233951267539
379,97.27888488769533,99.54266076349765
380,93.67595672607422,98.12597149806645
381,97.27888488769533,95.87086140544818
382,96.37814331054688,95.18992438561482
383,98.17961120605467,94.62536364390236
384,97.27888488769533,95.84695041074319
385,95.47742462158205,96.76760799900646
386,94.57669067382812,96.08424470918868
387,94.57669067382812,95.3099858489365
388,92.77522277832033,94.82295747936105
389,91.87449645996094,93.83296103253431
390,89.17230224609375,92.89771085449753
391,90.97377014160156,90.97273022993475
392,90.97377014160156,90.15696234215109
393,90.0730438232422,89.69922561776026
394,90.0730438232422,89.51074081846187
395,90.0730438232422,89.6301625051982
396,90.0730438232422,89.58747273279735
397,89.17230224609375,89.5497576901586
398,87.37084197998047,89.33066058038939
399,87.37084197998047,88.51840048967492
400,89.17230224609375,87.86444530207
401,90.0730438232422,87.90288234552499
402,89.17230224609375,89.10288177114991
403,89.17230224609375,89.46094045181523
404,89.17230224609375,89.20416040289184
405,90.0730438232422,89.40904484142051
406,87.37084197998047,89.63465044130652
407,89.17230224609375,89.1307397336792
408,89.17230224609375,88.77058384374634
409,97.27888488769533,88.59226864215208
410,94.57669067382812,94.24833344178879
411,90.97377014160156,95.32198894871351
412,90.97377014160156,94.23134283637316
413,90.97377014160156,92.13356700783606
414,91.87449645996094,90.96367639211272
415,90.97377014160156,90.36113067642188
416,90.0730438232422,90.2217065532787
417,90.97377014160156,89.82593282997462
418,90.97377014160156,90.16446604028957
419,89.17230224609375,90.08150408442796
420,94.57669067382812,89.71387463432171
421,92.77522277832033,92.47864113933895
422,89.17230224609375,93.91621339389665
423,91.87449645996094,91.98710010086857
424,90.0730438232422,91.28881294935104
425,88.27157592773438,90.46116382399713
426,82.8671875,89.43512400883534
427,84.66865539550781,87.378600994178
428,81.9664535522461,84.23768778804603
429,81.9664535522461,83.01275116181456
430,80.16500854492188,80.5834922774848
431,81.06573486328125,79.93763568524264
432,81.06573486328125,79.7778258493972
433,81.9664535522461,80.1675372555027
434,81.9664535522461,80.65466504760435
435,81.06573486328125,80.9276547355432
436,80.16500854492188,80.92658549295506
437,81.06573486328125,80.60283429935193
438,79.26426696777344,81.0450552130979
439,81.06573486328125,80.43114093283019
440,80.16500854492188,80.41770988316296
441,81.9664535522461,80.42707492823337
442,82.8671875,81.4964105509639
443,84.66865539550781,82.25123947330128
444,86.4701156616211,83.73412039115168
445,83.7679214477539,85.02543129931914
446,83.7679214477539,85.11807671440425
447,81.9664535522461,84.43403663071788
448,80.16500854492188,83.51020448283113
449,80.16500854492188,81.91208908987481
450,80.16500854492188,80.59169111434021
451,81.06573486328125,79.9542888764837
452,81.06573486328125,79.68412560553335
453,80.16500854492188,79.86551946578061
454,80.16500854492188,80.09797228030428
455,80.16500854492188,80.10836332653464
456,81.06573486328125,79.95080335530176
457,81.06573486328125,80.87793233450195
458,79.26426696777344,81.01362786722288
459,79.26426696777344,80.55032348136513
460,79.26426696777344,80.27679393074698
461,79.26426696777344,80.6267848091878
462,76.56208038330078,79.91037786132286
463,76.56208038330078,78.35037913214899
464,77.46281433105469,77.11920918852562
465,77.46281433105469,76.79493647709151
466,80.16500854492188,77.35154931326672
467,78.3635482788086,78.031089667728
468,78.3635482788086,78.51909408151036
469,79.26426696777344,78.48094203837758
470,80.16500854492188,78.80583454361584
471,78.3635482788086,79.3756045670797
472,78.3635482788086,79.31843939900335
473,80.16500854492188,78.9778502553296
474,83.7679214477539,79.86545132777255
475,82.8671875,81.64035471369998
476,81.06573486328125,82.62192465100011
477,79.26426696777344,82.24642001957679
478,79.26426696777344,81.14735132874878
479,79.26426696777344,80.73402486146253
480,77.46281433105469,80.0995918683422
481,77.46281433105469,79.22000225323248
482,77.46281433105469,78.47927003648729
483,78.3635482788086,77.35548166254003
484,76.56208038330078,77.01046878972708
485,75.6613540649414,76.61849048450703
486,77.46281433105469,76.14274305009903
487,76.56208038330078,76.18934027519332
488,76.56208038330078,76.12597454838277
489,75.6613540649414,75.93060584475006
490,79.26426696777344,76.40581603717138
491,77.46281433105469,77.63082866348876
492,75.6613540649414,77.7563886675096
493,75.6613540649414,76.98318606922743
494,75.6613540649414,76.15473271882635
495,74.7606201171875,75.46877559848993
496,74.7606201171875,75.21139082474494
497,75.6613540649414,74.68588429959902
498,74.7606201171875,74.61751436023442
499,74.7606201171875,74.5248361864916
500,74.7606201171875,74.60972828246636
501,73.8598861694336,74.66627496708487
502,72.95915222167969,74.39775093936709
503,74.7606201171875,73.60963791043484
504,75.6613540649414,74.26000471467258
505,75.6613540649414,74.66206089335513
506,75.6613540649414,75.03041496497025
507,75.6613540649414,75.35514760795883
508,75.6613540649414,75.6191417684864
509,74.7606201171875,75.65588912037595
510,74.7606201171875,75.43031693432083
511,74.7606201171875,75.18376479351232
512,76.56208038330078,74.99766023828423
513,76.56208038330078,76.26723512187803
514,77.46281433105469,76.5966994253884
515,79.26426696777344,77.039945029948
516,77.46281433105469,78.0302025632768
517,79.26426696777344,78.04197340417053
518,81.9664535522461,78.68913903237538
519,83.7679214477539,81.04645990434115
520,84.66865539550781,83.00875067453319
521,82.8671875,85.72755154137707
522,81.06573486328125,84.5815252802198
523,81.06573486328125,83.24300521523175
524,82.8671875,82.2144135006332
525,84.66865539550781,82.35731986909255
526,90.97377014160156,83.27855753128749
527,86.4701156616211,87.55660695404333
528,86.4701156616211,88.89695167626667
529,88.27157592773438,88.15671870146521
530,87.37084197998047,87.80833889381131
531,86.4701156616211,87.65208140680957
532,90.0730438232422,87.16860227400531
533,88.27157592773438,89.34912401505633
534,87.37084197998047,89.99563905631877
535,88.27157592773438,88.91364090203122
536,87.37084197998047,88.22565864147423
537,90.97377014160156,87.39081473212417
538,90.0730438232422,92.43350200209998
539,88.27157592773438,90.91790861623203
540,87.37084197998047,89.21365058603477
541,89.17230224609375,88.42931397516506
542,94.57669067382812,87.30977964050994
543,95.47742462158205,94.09068289286729
544,94.57669067382812,94.2926798195108
545,92.77522277832033,93.6566380487096
546,95.47742462158205,93.18220636578911
547,94.57669067382812,94.28312673974504
548,102.68325805664062,95.2186365301443
549,102.68325805664062,105.11334880281856
550,102.68325805664062,102.79067152174325
551,99.98106384277344,101.6065734761646
552,94.57669067382812,101.25857170342084
553,93.67595672607422,98.56355116518594
554,90.0730438232422,95.09998188737859
555,94.57669067382812,91.5462154127712
556,90.0730438232422,90.22537028155865
557,91.87449645996094,89.47422867373479
558,91.87449645996094,89.38845405952091
559,89.17230224609375,89.62814915809443
560,90.97377014160156,89.01990540147891
561,86.4701156616211,89.29599995499692
562,85.56938934326172,88.23710124061756
563,81.06573486328125,86.72581004926862
564,78.3635482788086,84.01386360396711
565,68.45551300048828,81.37112047828272
566,77.46281433105469,76.43816455650162
567,81.06573486328125,73.95263153958561
568,81.06573486328125,74.52353370226045
569,81.06573486328125,76.41031707674279
570,81.9664535522461,78.63170262261306
571,85.56938934326172,80.54026788378988
572,85.56938934326172,83.25362426171986
573,81.9664535522461,84.76774252523047
574,82.8671875,84.24845097262815
575,84.66865539550781,84.09907804513388
576,84.66865539550781,84.2358349583651
577,85.56938934326172,84.4892742793737
578,90.97377014160156,85.17982154283055
579,89.17230224609375,87.801238782336
580,89.17230224609375,89.41009573916033
581,89.17230224609375,89.70012123946246
582,89.17230224609375,89.87216708914131
583,90.0730438232422,89.45527320402881
584,88.27157592773438,89.97886269252466
585,89.17230224609375,89.58344079720456
586,88.27157592773438,89.02860282510488
587,89.17230224609375,88.67191738737138
588,90.0730438232422,88.39288503742858
589,86.4701156616211,88.56227153927334
590,88.27157592773438,88.03925991349976
591,87.37084197998047,87.35715914235071
592,89.17230224609375,87.03661043512676
593,90.55840301513672,87.61953830105244
594,89.63433837890625,88.64423828711325
595,88.71027374267578,89.10188328726245
596,88.71027374267578,89.23758144067601
597,87.78621673583984,89.28266390543709
598,87.78621673583984,88.72756189855615
599,86.86214447021484,88.18999887702115
600,86.86214447021484,87.50171589198624
601,86.86214447021484,87.22375081911213
602,85.93807220458984,86.84466566639946
603,85.0140151977539,86.31454868776534
604,84.08995056152344,85.45017743468831
605,85.0140151977539,84.57805810388619
606,85.0140151977539,84.62960712768218
607,87.78621673583984,84.66718654947795
608,85.0140151977539,85.70941176224846
609,84.08995056152344,85.83416131707718
610,85.93807220458984,85.02545750624532
611,85.93807220458984,85.41335866892493
612,84.08995056152344,85.40246576005822
613,81.31774139404297,84.99700857753066
614,78.54554748535156,83.98879405838335
615,79.46961975097656,81.88686885446552
616,80.39368438720703,80.35914133418966
617,79.46961975097656,79.48381558596941
618,80.39368438720703,78.80463164570418
619,79.46961975097656,79.17638868668378
620,78.54554748535156,79.07629788387095
621,78.54554748535156,78.85826280978517
622,76.69741821289062,78.34572871309835
623,75.77336120605469,77.59018434167625
624,75.77336120605469,76.7009649915417
625,75.77336120605469,76.28858721498315
626,75.77336120605469,75.70251255239641
627,75.77336120605469,75.44673295287996
628,73.92522430419922,75.60247285308964
629,76.69741821289062,75.1764517507618
630,77.6214828491211,75.78699057893753
631,76.69741821289062,76.73774772278159
632,75.77336120605469,76.71265065992534
633,74.84929656982422,76.61949552012604
634,76.69741821289062,76.01085931479096
635,75.77336120605469,75.95450394073357
636,75.77336120605469,75.75727192464946
637,75.77336120605469,75.7005588260497
638,75.77336120605469,75.6478147664199
639,78.54554748535156,75.67930500891775
640,82.24181365966797,76.47336963078547
641,83.16588592529297,78.99344468675298
642,82.24181365966797,81.63615243308702
643,81.31774139404297,82.91572001763325
644,82.24181365966797,83.10240898731516
645,81.31774139404297,83.60272410467057
646,81.31774139404297,82.73587629706954
647,84.08995056152344,81.99668897862267
648,83.16588592529297,82.7548016288104
649,85.0140151977539,83.27734939199058
650,83.16588592529297,84.34765205029717
651,85.0140151977539,84.39875948738703
652,85.0140151977539,84.63646154922455
653,90.55840301513672,84.83065749291072
654,88.71027374267578,87.63265683312497
655,88.71027374267578,89.44440191587621
656,89.63433837890625,89.70590838393615
657,88.71027374267578,89.4107096364061
658,89.63433837890625,89.62186604754278
659,95.1787338256836,89.42299282270665
660,94.2546615600586,91.7416391509489
661,93.33059692382812,93.28339360087601
662,92.4065399169922,93.33351467478177
663,94.2546615600586,92.90004556403359
664,92.4065399169922,93.45309818928726
665,91.4824676513672,93.2604487818323
666,91.4824676513672,92.4545071810198
667,91.4824676513672,91.61614794010929
668,90.55840301513672,91.1798134295699
669,89.63433837890625,90.71424673080966
670,93.33059692382812,90.07014207158264
671,93.33059692382812,91.25471118665936
672,91.4824676513672,91.81794749583999
673,89.63433837890625,91.90353964433034
674,89.63433837890625,91.09701330147746
675,91.4824676513672,90.2288368027191
676,91.4824676513672,90.19849900980003
677,92.4065399169922,90.56532128657993
678,92.4065399169922,91.06431000588407
679,91.4824676513672,91.67979670172257
680,91.4824676513672,91.9323846252169
681,90.55840301513672,92.0011994271534
682,89.63433837890625,91.26330148947459
683,89.63433837890625,90.18130268001389
684,90.55840301513672,89.29437578074692
685,90.55840301513672,89.22031566253548
686,89.63433837890625,89.72413530109432
687,89.63433837890625,89.6596420212849
688,89.63433837890625,89.65527725772961
689,92.4065399169922,89.1574819363264
690,92.4065399169922,90.05296277629851
691,91.4824676513672,90.98963173180137
692,91.4824676513672,91.17316309446517
693,92.4065399169922,91.47438648673742
694,97.95092010498048,91.89489561731645
695,95.1787338256836,98.66119882730565
696,99.79905700683594,97.38229722627098
697,100.7231216430664,98.01834636777015
698,99.79905700683594,98.90131127117859
699,100.7231216430664,99.03664252762562
700,109.96377563476562,99.5122115911423
701,110.8878402709961,106.20020047983462
702,111.8119125366211,109.79781785746593
703,121.05255889892578,110.62534741371915
704,123.8247528076172,120.52927633474434
705,121.05255889892578,122.84464777997383
706,133.06541442871094,122.13330007920794
707,133.06541442871094,127.87827760867528
708,133.98947143554688,132.8789496070128
709,133.06541442871094,133.98247609598403
710,137.6857147216797,133.65355558619189
711,137.6857147216797,135.6480363238108
712,134.91354370117188,135.89360832558015
713,134.91354370117188,134.81587469335525
714,135.8376007080078,134.03113711651497
715,134.91354370117188,133.91541257188948
716,145.07826232910156,134.40381008956456
717,145.07826232910156,141.49542003801898
718,135.8376007080078,141.84863698907253
719,132.14134216308594,139.44562958269725
720,138.60980224609375,134.9037936893038
721,137.6857147216797,134.12926633090325
722,138.60980224609375,136.54852203151012
723,136.7616729736328,135.27032113816418
724,134.91354370117188,134.5462892851272
725,134.91354370117188,133.0643740925065
726,129.369140625,132.33613602781764
727,130.293212890625,129.97084825029316
728,125.67288970947266,127.51861113308881
729,126.59695434570312,125.31250160448883
730,127.5210189819336,123.99750094540099
731,126.59695434570312,123.87887529404738
732,121.97663116455078,124.37162316146832
733,122.90070343017578,122.79155516822584
734,123.8247528076172,121.39383234665094
735,121.05255889892578,120.99549755148593
736,120.12849426269533,120.24137228511647
737,128.445068359375,119.36155335940266
738,126.59695434570312,123.16326896777724
739,128.445068359375,124.40869809993512
740,126.59695434570312,126.3356357267104
741,126.59695434570312,125.74735837197824
742,125.67288970947266,125.2084496247839
743,125.67288970947266,124.687896208686
744,123.8247528076172,124.08608821796713
745,122.90070343017578,123.16166510389502
746,123.8247528076172,122.4226900615502
747,126.59695434570312,121.54367568847013
748,125.67288970947266,122.51872534253668
749,122.90070343017578,123.16247751860661
750,121.97663116455078,124.82946602391019
751,123.8247528076172,122.48837248063505
752,123.8247528076172,121.91086355187024
753,122.90070343017578,121.67652908004683
754,122.90070343017578,121.24646031797052
755,120.12849426269533,120.97720249631969
756,118.28036499023438,119.90954018582575
757,120.12849426269533,118.25616617867266
758,121.97663116455078,117.85596282967103
759,122.90070343017578,118.59165676485812
760,121.97663116455078,119.59095830841162
761,120.12849426269533,119.86888013985754
762,116.43223571777344,119.54860005362694
763,117.35629272460938,118.06853244930196
764,113.66004180908205,117.0279969280969
765,111.8119125366211,115.11899401125288
766,114.5841064453125,112.97333861996485
767,114.5841064453125,112.15759955979999
768,115.50817108154295,112.11142950760244
769,116.43223571777344,113.22158765924351
770,118.28036499023438,113.75880343900661
771,117.35629272460938,115.27266749533328
772,120.12849426269533,116.01816282091167
773,120.12849426269533,117.7176754319509
774,120.12849426269533,118.65260097168962
775,117.35629272460938,119.12795006081969
776,116.43223571777344,118.5160340586732
777,116.43223571777344,117.18823917822431
778,116.43223571777344,116.26905351834927
779,120.12849426269533,115.66853490839844
780,118.28036499023438,116.98546701794575
781,119.20442962646484,117.48940262215292
782,118.28036499023438,117.84409895418935
783,126.59695434570312,117.78346136839414
784,123.8247528076172,123.09021191966534
785,127.5210189819336,124.64213629488316
786,123.8247528076172,125.92706188548688
787,127.5210189819336,125.21596315051968
788,132.14134216308594,125.80753209518005
789,133.98947143554688,129.75844373429717
790,134.91354370117188,132.27562947665334
791,131.21728515625,133.96076365764392
792,129.369140625,132.47175162941372
793,128.445068359375,130.19288119096768
794,128.445068359375,128.19587672635765
795,127.5210189819336,127.73256185772942
796,122.90070343017578,126.36585755398113
797,121.05255889892578,124.25512551252052
798,121.05255889892578,121.51453882794324
799,121.97663116455078,119.59628355581138
800,121.05255889892578,118.89345048536136
801,119.20442962646484,118.76128371525056
802,119.20442962646484,118.15878648237315
803,117.35629272460938,117.44243981043843
804,115.50817108154295,116.38693751369198
805,112.73596954345705,115.28667771806909
806,115.50817108154295,113.5684861203951
807,113.66004180908205,113.7013539257812
808,112.73596954345705,112.98795553304173
809,109.96377563476562,112.05705144612531
810,110.8878402709961,110.51781908525645
811,111.8119125366211,110.13284196036537
812,111.8119125366211,110.18440146693183
813,110.8878402709961,110.48105338851857
814,109.03971862792967,110.62587024189645
815,110.8878402709961,108.84301305387339
816,109.96377563476562,108.60635926908306
817,110.8878402709961,108.25043252186248
818,119.20442962646484,108.590711113461
819,116.43223571777344,113.44039845834419
820,113.66004180908205,115.10918475878373
821,111.8119125366211,114.72796439676054
822,111.8119125366211,112.78841075572223
823,110.8878402709961,111.78775824512415
824,108.11564636230467,110.8029543731334
825,109.03971862792967,109.00336275239812
826,109.03971862792967,108.48031967831314
827,108.11564636230467,108.07441632286736
828,108.11564636230467,107.05691734494764
829,109.96377563476562,106.59372892473823
830,110.8878402709961,106.95704930100733
831,108.11564636230467,107.96847351343854
832,109.03971862792967,108.16906394711262
833,107.19158935546876,108.35741967729957
834,109.03971862792967,107.76139162414968
835,109.96377563476562,107.7811110257538
836,109.96377563476562,108.69053984701203
837,109.96377563476562,109.09511844233943
838,109.03971862792967,109.29039673207681
839,109.03971862792967,109.50771635707787
840,108.11564636230467,109.28539776090798
841,108.11564636230467,108.50723681219257
842,108.11564636230467,107.78709406700068
843,107.19158935546876,107.23943155128909
844,107.19158935546876,106.61599105335495
845,107.19158935546876,106.34980992483766
846,109.03971862792967,106.0711326787446
847,109.96377563476562,106.78524783091511
848,109.03971862792967,108.1794458209188
849,109.96377563476562,108.50006921788236
850,109.03971862792967,109.7162514204234
851,109.96377563476562,109.4994637960238
852,108.11564636230467,109.29642039405928
853,109.03971862792967,108.62571308406697
854,109.03971862792967,108.43339355629529
855,109.03971862792967,108.33592606679306
856,109.03971862792967,108.11260767638942
857,109.03971862792967,108.07712742938068
858,110.8878402709961,108.33351896062344
859,109.70567321777344,109.00897496563957
860,108.75993347167967,109.29672701509558
861,98.35680389404295,108.66656181990368
862,95.51958465576172,104.57748661079263
863,92.682373046875,99.38317294525766
864,93.62811279296876,94.67126933373208
865,97.41107177734376,92.6739387566844
866,100.24828338623048,91.9587664826291
867,103.08550262451172,93.83897322898657
868,102.13976287841795,97.00983489139057
869,96.46532440185548,99.61532896634235
870,93.62811279296876,99.62052219635149
871,95.51958465576172,97.68394287764131
872,97.41107177734376,95.83089105207004
873,97.41107177734376,95.63841334092987
874,110.65140533447266,95.81922589879579
875,105.92271423339844,101.29722921264232
876,103.08550262451172,104.03681282712007
877,103.08550262451172,104.34515434812938
878,106.8684539794922,104.75805167699944
879,104.03124237060548,105.7684800262358
880,104.03124237060548,106.563102200458
881,103.08550262451172,105.47650866166481
882,101.19402313232422,103.90901540677663
883,98.35680389404295,102.67894287818704
884,97.41107177734376,100.29553170086282
885,97.41107177734376,98.50516016813752
886,97.41107177734376,96.82513601016545
887,96.46532440185548,96.03998661604925
888,95.51958465576172,95.59660002641645
889,86.06220245361328,95.45163150045332
890,89.84516143798828,91.69881375770507
891,83.22499084472656,89.00474862572273
892,87.95368194580078,85.06556065503221
893,87.00794219970703,84.57340899518186
894,86.06220245361328,84.66612123792872
895,87.95368194580078,84.34127066377235
896,84.17073059082031,84.9554535650334
897,80.38777160644531,84.73999987317636
898,76.60482025146484,83.20912490106629
899,81.33351135253906,80.54853485865334
900,80.38777160644531,79.64051072863835
901,81.33351135253906,79.5312016395417
902,82.27925109863281,79.62691326498987
903,84.17073059082031,80.56004231993897
904,87.95368194580078,81.94210650312134
905,85.11647033691406,85.9769602371392
906,87.00794219970703,86.41821083944335
907,83.22499084472656,86.74690990070926
908,85.11647033691406,85.59823477448835
909,84.17073059082031,85.07442383746628
910,82.27925109863281,84.66858862002857
911,83.22499084472656,83.64952312309644
912,85.11647033691406,83.41499078898039
913,85.11647033691406,83.72747824571137
914,86.06220245361328,83.93018881971341
915,85.11647033691406,84.85539421053198
916,85.11647033691406,85.13715797735588
917,81.33351135253906,85.2958291222588
918,83.22499084472656,84.15602438537664
919,82.27925109863281,82.74336885726439
920,80.38777160644531,82.10225178762187
921,81.33351135253906,81.47105141884586
922,82.27925109863281,81.25746366013283
923,84.17073059082031,81.31892545375639
924,82.27925109863281,82.03678819637062
925,82.27925109863281,82.19997348430803
926,82.27925109863281,82.07950548604397
927,85.11647033691406,82.25008636854938
928,85.11647033691406,84.42572117304097
929,83.22499084472656,85.23230615389117
930,81.33351135253906,84.23897192742885
931,80.38777160644531,82.85980360958936
932,81.33351135253906,81.59932646041894
933,79.4420394897461,80.88991938253666
934,80.38777160644531,79.8557180753893
935,78.49629974365234,79.41029467526414
936,78.49629974365234,78.6505375404586
937,77.55056762695312,78.31875654467393
938,77.55056762695312,77.6681407746375
939,77.55056762695312,77.33986495522939
940,77.55056762695312,77.17683428815644
941,79.4420394897461,77.34627123833408
942,77.55056762695312,77.87979839323737
943,78.49629974365234,77.67749402659112
944,77.55056762695312,77.90346979930942
945,76.60482025146484,77.82966847449401
946,84.17073059082031,77.42000180444879
947,83.22499084472656,80.05691257871183
948,83.22499084472656,81.80674641905551
949,83.22499084472656,82.89645792689097
950,87.00794219970703,83.36483859434979
951,87.00794219970703,85.42103729829566
952,85.11647033691406,86.4735618330549
953,83.22499084472656,86.3210290054365
954,85.11647033691406,85.5333110459164
955,83.22499084472656,85.27406295972003
956,82.27925109863281,84.67693028463165
957,82.27925109863281,83.70939153560826
958,82.27925109863281,82.99073079209185
959,84.17073059082031,82.5508436051222
960,85.11647033691406,82.6696264980329
961,86.06220245361328,83.36806204626993
962,85.11647033691406,84.53949068097344
963,87.00794219970703,85.25242652146585
964,86.06220245361328,86.56961742440917
965,86.06220245361328,86.61377871571504
966,86.06220245361328,86.27741019750256
967,84.17073059082031,85.98068358617621
968,87.00794219970703,85.39810361719557
969,87.00794219970703,85.58785683172108
970,95.51958465576172,86.12683699278926
971,97.41107177734376,89.64877859521013
972,95.51958465576172,93.34709346599534
973,93.62811279296876,95.6165854283213
974,95.51958465576172,95.83401651465526
975,94.5738525390625,95.58136774195421
976,93.62811279296876,94.7930195058595
977,92.682373046875,94.45559108127632
978,92.682373046875,93.74181055879448
979,88.89942169189453,92.9495078613325
980,98.35680389404295,91.09373219431973
981,100.24828338623048,94.6857848587633
982,101.19402313232422,96.45914486148034
983,98.35680389404295,99.20357131117454
984,95.51958465576172,99.59882482699393
985,95.51958465576172,98.18433383128936
986,95.51958465576172,96.49294503977934
987,94.5738525390625,95.65782198571715
988,93.62811279296876,94.75682266321301
989,92.682373046875,93.60132112410209
990,95.51958465576172,92.59114681825638
991,97.41107177734376,94.03487065735497
992,98.35680389404295,94.87645335018563
993,96.46532440185548,96.20479978405982
994,94.5738525390625,96.87047673599437
995,94.5738525390625,95.94748005672457
996,94.5738525390625,95.10327364110009
997,94.5738525390625,94.32971364586214
998,90.7908935546875,93.77724084885021
999,91.73663330078124,92.50198987263241
1000,90.7908935546875,91.17024462564845
1001,91.73663330078124,90.57504274584639
1002,88.89942169189453,90.27723902985404
1003,89.84516143798828,89.63365130224591
1004,91.73663330078124,89.29750685325227
1005,88.89942169189453,89.77041018099659
1006,87.95368194580078,89.20514578331621
1007,89.84516143798828,88.45482969366702
1008,87.95368194580078,88.47576378629958
1009,86.06220245361328,88.02591141565
1010,87.00794219970703,87.23526941834137
1011,87.00794219970703,86.69750722416741
1012,87.00794219970703,86.4021853040843
1013,87.00794219970703,86.62761728308436
1014,87.00794219970703,86.84904877480307
1015,86.06220245361328,86.64034598712998
1016,86.06220245361328,86.30657719599455
1017,86.06220245361328,86.17817767152212
1018,84.17073059082031,86.12233595321786
1019,85.11647033691406,85.75951547406562
1020,82.27925109863281,85.58158616945937
1021,82.27925109863281,84.5028756740611
1022,84.17073059082031,83.46942257465618
1023,84.17073059082031,83.236475759574
1024,84.17073059082031,82.73956885296829
1025,82.27925109863281,82.85669939918334
1026,82.27925109863281,82.42645636104793
1027,82.27925109863281,81.88559126681425
1028,82.27925109863281,81.71584114386876
1029,82.27925109863281,82.03322274406385
1030,82.27925109863281,81.92433689682501
1031,83.22499084472656,81.87779601662201
1032,86.06220245361328,82.85053028876058
1033,87.00794219970703,84.67954049447917
1034,86.06220245361328,85.46483431332761
1035,85.11647033691406,85.76872720861789
1036,85.11647033691406,85.6441427574241
1037,84.17073059082031,85.56769715375714
1038,84.17073059082031,85.23644946892023
1039,83.22499084472656,84.71715398527897
1040,84.17073059082031,83.93215827021582
1041,83.22499084472656,83.74430571301153
1042,83.22499084472656,83.40113256641642
1043,82.27925109863281,83.0278280064459
1044,82.27925109863281,82.63711942679926
1045,86.06220245361328,82.41205958615096
1046,85.11647033691406,83.97852749505235
1047,85.11647033691406,84.5180625877824
1048,89.84516143798828,84.67387717773168
1049,89.84516143798828,86.90032393622047
1050,92.682373046875,87.93738179832145
1051,97.41107177734376,90.02120784384624
1052,86.06220245361328,93.65381834724593
1053,87.00794219970703,93.12536714635712
1054,84.17073059082031,90.21178919723904
1055,85.11647033691406,87.45488018386372
1056,86.06220245361328,85.48668564837648
1057,85.11647033691406,84.72061592022735
1058,85.11647033691406,84.18849083587469
1059,84.17073059082031,83.86796178384539
1060,83.22499084472656,83.53138754126239
1061,81.33351135253906,83.09143221628467
1062,79.4420394897461,82.30468849924533
1063,76.60482025146484,80.89327386908771
1064,76.60482025146484,78.80385723103556
1065,71.87612915039062,77.29219586685434
1066,71.87612915039062,74.47252454114377
1067,72.8218765258789,72.54368429152782
1068,72.8218765258789,72.07580417635904
1069,72.8218765258789,71.90148094479515
1070,73.76760864257812,72.02042894134078
1071,73.76760864257812,72.33771095521638
1072,74.71334838867188,72.6498826184869
1073,74.71334838867188,72.99733404578089
1074,71.87612915039062,73.17243824374495
1075,71.87612915039062,72.89494882658099
1076,70.93038940429688,72.6304554241097
1077,70.93038940429688,71.99202325405432
1078,72.8218765258789,71.33676361669878
1079,71.87612915039062,71.2001154622112
1080,71.87612915039062,71.26619884726661
1081,71.87612915039062,71.4178923980741
1082,70.93038940429688,71.55240730877063
1083,69.03890991210938,71.56634939349837
1084,69.98464965820312,71.09836182993224
1085,70.93038940429688,70.55336521378631
1086,71.87612915039062,70.55692411436155
1087,72.8218765258789,70.81745765028705
1088,74.71334838867188,71.53133694012193
1089,74.71334838867188,72.71428351888154
1090,73.76760864257812,74.13101946540002
1091,75.6590805053711,74.69893927987557
1092,80.38777160644531,75.03157593180003
1093,77.55056762695312,77.01536555388381
1094,79.4420394897461,77.93153348620923
1095,80.38777160644531,78.92706385308544
1096,81.33351135253906,80.05025864015474
1097,80.38777160644531,81.1299512401116
1098,80.38777160644531,81.45290705350516
1099,80.38777160644531,81.3415276172403
1100,79.4420394897461,80.81444212479205
1101,80.38777160644531,80.17078298331009
1102,79.4420394897461,80.00983052548321
1103,79.4420394897461,79.70514618102231
1104,81.33351135253906,79.38660099330482
1105,81.33351135253906,79.78353109722659
1106,81.33351135253906,80.52554745335459
1107,80.38777160644531,80.91587079118638
1108,81.33351135253906,81.00526261638623
1109,82.27925109863281,81.2263245904458
1110,82.27925109863281,81.41828639367512
1111,80.38777160644531,81.85314578185714
1112,82.27925109863281,81.65477245413788
1113,85.11647033691406,81.80626683230642
1114,84.17073059082031,82.61581188546864
1115,85.11647033691406,83.81828917596388
1116,85.11647033691406,84.33548679516443
1117,84.17073059082031,84.76268720917035
1118,85.11647033691406,84.7388258028835
1119,85.11647033691406,84.9045164729637
1120,84.17073059082031,84.85730600579681
1121,84.17073059082031,84.29928061630049
1122,83.22499084472656,84.15378893457348
1123,80.38777160644531,83.60524521096909
1124,80.38777160644531,82.49268781523624
1125,78.49629974365234,81.34640079516348
1126,78.49629974365234,80.0153038420159
1127,78.49629974365234,78.87225861871158
1128,76.60482025146484,78.21179428581671
1129,75.6590805053711,77.22587268842439
1130,80.38777160644531,76.37632538314105
1131,77.55056762695312,76.69317236204208
1132,78.49629974365234,77.05440601181411
1133,77.55056762695312,77.16788069182705
1134,75.6590805053711,77.14668846097162
1135,75.6590805053711,76.786707502271
1136,77.55056762695312,76.48582709314512
1137,75.6590805053711,76.55542089596233
1138,75.6590805053711,76.31844083494106
1139,76.60482025146484,75.92614411556792
1140,76.60482025146484,75.87514674756801
1141,76.60482025146484,76.09197761339581
1142,79.4420394897461,76.12938406947879
1143,78.49629974365234,77.02429425363333
1144,76.60482025146484,77.88383688056169
1145,75.6590805053711,77.8493682209035
1146,79.4420394897461,77.41413669436972
1147,79.4420394897461,77.86089795807636
1148,84.17073059082031,79.02381589350294
1149,82.27925109863281,82.17976139249174
1150,82.27925109863281,83.01201605753522
1151,81.33351135253906,83.46093153057387
1152,80.38777160644531,82.92422154448602
1153,78.49629974365234,82.08124824663494
1154,79.4420394897461,80.56068569997669
1155,76.60482025146484,79.41203612550879
1156,77.55056762695312,78.19132798681646
1157,79.4420394897461,77.58449219730997
1158,78.49629974365234,77.55285781671813
1159,79.4420394897461,77.58150067668652
1160,77.55056762695312,77.95506075418729
1161,75.6590805053711,77.9366412161217
1162,76.60482025146484,77.46826972108705
1163,76.60482025146484,77.0396960641493
1164,77.55056762695312,76.9112139878594
1165,76.60482025146484,77.07185589361103
1166,80.38777160644531,77.00312560901146
1167,83.22499084472656,77.92661837720418
1168,84.17073059082031,80.88822117372021
1169,84.17073059082031,82.41506289989118
1170,82.27925109863281,83.65434257682094
1171,84.17073059082031,83.61882432976924
1172,88.89942169189453,84.00228669432711
1173,108.75993347167967,85.90258170477468
1174,104.03124237060548,100.22384265429753
1175,103.08550262451172,103.74098838922747
1176,106.8684539794922,103.84140677861755
1177,106.8684539794922,105.92164050973622
1178,118.21731567382812,106.41224137472989
1179,127.67469787597656,114.79390102302933
1180,122.0002670288086,123.48091525792674
1181,123.8917465209961,126.35319436725098
1182,130.5119171142578,126.26824985742385
1183,136.18634033203125,127.92797642348296
1184,130.5119171142578,134.40807657714666
1185,133.34913635253906,133.58091522820627
1186,139.96929931640625,133.72013690284473
1187,138.07781982421875,139.39289862653055
1188,134.29486083984375,138.70099384429756
1189,139.96929931640625,135.70918756535912
1190,148.48094177246094,137.02270229173257
1191,151.3181610107422,144.36223762392729
1192,171.17868041992188,147.232283903141
1193,186.31048583984372,164.95212848803618
1194,179.69032287597656,177.53007981148784
1195,172.12440490722656,179.92778817738952
1196,162.66702270507812,175.1874426802607
1197,177.79884338378906,168.9354449913748
1198,179.69032287597656,171.98126636586278
1199,174.96163940429688,175.913846260117
1200,170.23294067382812,174.5367771170645
1201,171.17868041992188,171.02732377014155
1202,165.50424194335938,171.53324323866053
1203,152.26390075683594,166.951816541887
1204,135.24061584472656,157.83204733497985
1205,136.18634033203125,148.94196611188437
1206,146.58946228027344,141.21442413413214
1207,150.3724365234375,139.36499611222672
1208,146.58946228027344,142.27657512805044
1209,168.34146118164062,142.41377362798778
1210,163.61276245117188,159.6831735657017
1211,165.50424194335938,162.36354459599528
1212,160.77554321289062,164.26801764564908
1213,158.8840789794922,162.3217550315087
1214,158.8840789794922,159.43820170254187
1215,159.82981872558594,157.86998448131797
1216,163.61276245117188,158.16764799025526
1217,166.44998168945312,162.02432214352183
1218,161.72128295898438,164.9808774860556
1219,161.72128295898438,163.42056427376755
1220,161.72128295898438,161.0884203957829
1221,160.77554321289062,159.39362896249497
1222,162.66702270507812,159.24142437662698
1223,173.07015991210938,160.289554665039
1224,172.12440490722656,174.76355613207022
1225,166.44998168945312,171.1268943654697
1226,166.44998168945312,167.70013959480025
1227,167.3957061767578,167.60195272517439
1228,164.55850219726562,166.57602494462202
1229,164.55850219726562,164.2146184128648
1230,163.61276245117188,162.6888931017491
1231,166.44998168945312,161.64295371236574
1232,168.34146118164062,164.76760552080302
1233,165.50424194335938,166.3523750366022
1234,164.55850219726562,164.49200300232403
1235,165.50424194335938,163.66183047756556
1236,166.44998168945312,164.13273749270812
1237,169.28720092773438,165.10592121363067
1238,173.07015991210938,166.26596555960163
1239,173.07015991210938,174.39691075204203
1240,178.7445831298828,174.02581019456323
1241,176.8531036376953,180.236605354109
1242,175.90736389160156,177.54989748906513
1243,172.12440490722656,173.999152509253
1244,165.50424194335938,172.11500031015913
1245,167.3957061767578,168.20354319840595
1246,174.01588439941406,165.8133562203179
1247,181.581787109375,172.07498757526756
1248,181.581787109375,182.07969129987885
1249,189.147705078125,176.17172241372785
1250,198.6051025390625,187.9386060616062
1251,203.3337860107422,191.7672912177126
1252,198.6051025390625,197.14677647190365
1253,203.3337860107422,199.8154906614324
1254,203.3337860107422,200.83043249853012
1255,193.87640380859372,200.51979656113372
1256,198.6051025390625,197.86055879611166
1257,198.6051025390625,195.4116263722986
1258,217.51986694335938,194.1897965771658
1259,226.9772491455078,208.25340806298922
1260,222.24855041503906,220.98692370024517
1261,217.51986694335938,220.15493765619505
1262,217.51986694335938,216.37846717980963
1263,226.9772491455078,215.05322485397068
1264,250.62069702148443,219.49772036145384
1265,241.163330078125,240.53068648510214
1266,241.163330078125,236.39244511695802
1267,241.163330078125,235.02627805519643
1268,231.70594787597656,235.6133027188572
1269,236.43463134765625,228.80199681143847
1270,236.43463134765625,230.5334569758374
1271,226.9772491455078,232.34751088878505
1272,217.51986694335938,226.13724510914813
1273,208.0624847412109,220.61497403835816
1274,222.24855041503906,213.27879581340707
1275,222.24855041503906,215.8569074177464
1276,217.51986694335938,217.1887748545237
1277,212.79116821289065,213.7385281952265
1278,212.79116821289065,211.62877629280501
1279,217.51986694335938,211.07030669590995
1280,222.24855041503906,211.61836690172635
1281,217.51986694335938,218.1284294340916
1282,212.79116821289065,216.33527816546504
1283,226.9772491455078,212.84796442977893
1284,226.9772491455078,215.2651550246028
1285,236.43463134765625,223.6487926406557
1286,236.43463134765625,228.08841365986945
1287,226.9772491455078,229.01733388247402
1288,236.43463134765625,225.9237110746338
1289,226.9772491455078,229.40974591232236
1290,217.51986694335938,226.41814142671547
1291,222.24855041503906,219.95678184596306
1292,231.70594787597656,217.80124120211997
1293,236.43463134765625,222.2599094152813
1294,226.9772491455078,226.14225587343378
1295,222.24855041503906,224.30508745159534
1296,217.51986694335938,221.22809031772368
1297,222.24855041503906,219.23420447732906
1298,222.24855041503906,217.71716938293463
1299,231.70594787597656,217.99134624462943
1300,226.9772491455078,221.69891347070248
1301,226.9772491455078,222.52171660781914
1302,241.163330078125,221.81010421709883
1303,231.70594787597656,225.07404059679743
1304,236.43463134765625,233.8227931083896
1305,231.70594787597656,231.334938157814
1306,231.70594787597656,227.87776238723484
1307,231.70594787597656,228.49613053460683
1308,245.8920135498047,227.48668166923648
1309,260.0780944824219,230.654470078166
1310,245.8920135498047,250.00501443768331
1311,245.8920135498047,241.87362372749783
1312,236.43463134765625,241.8719255186814
1313,231.70594787597656,234.6369269943259
1314,226.9772491455078,230.19036638105973
1315,203.3337860107422,226.70898589346075
1316,212.79116821289065,212.68303900194314
1317,203.3337860107422,208.3558771443529
1318,217.51986694335938,203.04882783412324
1319,212.79116821289065,206.67906366242443
1320,212.79116821289065,209.73535732461391
1321,212.79116821289065,211.45566382123064
1322,198.6051025390625,208.67160770819865
1323,198.6051025390625,203.1169029455683
1324,193.87640380859372,197.5610345954156
1325,193.87640380859372,194.57657935927068
1326,198.6051025390625,191.41071978010797
1327,198.6051025390625,192.41370077609716
1328,198.6051025390625,193.47539576949993
1329,193.87640380859372,193.56650152767196
1330,189.147705078125,192.69810882177262
1331,187.2562255859375,190.82622146413098
1332,175.90736389160156,187.83812870663223
1333,177.79884338378906,182.01322529370123
1334,160.77554321289062,177.25629605368573
1335,159.82981872558594,169.4539070947635
1336,179.69032287597656,162.20122413662182
1337,179.69032287597656,165.1557615458397
1338,174.01588439941406,171.17191262326165
1339,174.96163940429688,173.13632615447426
1340,188.20196533203125,173.24796766000094
1341,185.36474609375,180.3709997129451
1342,193.87640380859372,183.57641602648383
1343,189.147705078125,186.78163316738357
1344,189.147705078125,189.1008517893763
1345,186.31048583984372,187.23121822738614
1346,184.4190216064453,185.78226872720722
1347,183.4732666015625,183.58635369289127
1348,180.6360626220703,181.3301941766728
1349,179.69032287597656,179.85466037057694
1350,175.90736389160156,177.5011106752885
1351,180.6360626220703,175.57032063036476
1352,181.581787109375,175.82089029295665
1353,178.7445831298828,177.06631156303666
1354,177.79884338378906,177.09853035808231
1355,180.66656494140625,176.0268819741164
1356,181.6224822998047,176.90934255798916
1357,181.6224822998047,177.9916414367546
1358,178.75474548339844,178.1964852545477
1359,167.28384399414062,176.96265268722445
1360,163.46022033691406,171.83790399688786
1361,160.59249877929688,162.02884545898047
1362,158.68067932128906,160.34327362232267
1363,160.59249877929688,156.85894747622106
1364,159.6365966796875,158.60859000600362
1365,147.2097930908203,157.56878303734638
1366,143.38616943359375,151.22540179687093
1367,143.38616943359375,143.63515790537556
1368,150.0775146484375,141.02159357129995
1369,143.38616943359375,140.774042946604
1370,142.43026733398438,141.37821218137168
1371,136.69480895996094,141.65692808268085
1372,130.95936584472656,139.47070699035885
1373,129.04754638671875,134.63485035076715
1374,135.7388916015625,129.56559482661666
1375,141.47434997558594,129.45747291127597
1376,141.47434997558594,133.39298798126237
1377,145.29798889160156,137.3507343867272
1378,151.03343200683594,140.0757436743831
1379,153.90115356445312,145.42639606839097
1380,152.9452362060547,150.79711248508224
1381,151.03343200683594,152.44938580133575
1382,160.59249877929688,151.5137828125553
1383,155.81295776367188,155.7358758617048
1384,151.03343200683594,156.25052747802698
1385,148.16571044921875,152.77335058138726
1386,142.43026733398438,149.98393777264408
1387,144.34207153320312,145.125341383206
1388,144.34207153320312,141.80410618010754
1389,141.47434997558594,140.96072536455438
1390,140.51844787597656,139.54417024582654
1391,141.47434997558594,138.4716334470631
1392,139.5625457763672,138.44601093533697
1393,142.43026733398438,138.54210649225365
1394,139.5625457763672,139.06944750223218
1395,139.5625457763672,139.4731154068748
1396,139.5625457763672,138.99717666190568
1397,139.5625457763672,138.5098693523597
1398,140.51844787597656,138.48803898285178
1399,141.47434997558594,138.8179343902978
1400,140.51844787597656,138.90856056172075
1401,142.43026733398438,139.23123334031158
1402,143.38616943359375,139.60798935245998
1403,143.38616943359375,141.09490482659578
1404,145.29798889160156,141.69763792180882
1405,151.03343200683594,142.87460145932155
1406,162.5043182373047,145.23268495283915
1407,172.0634002685547,152.51776491312452
1408,167.28384399414062,162.41613665545324
1409,171.1074981689453,166.71469103242543
1410,170.15158081054688,168.82500900445243
1411,162.5043182373047,168.48261027252593
1412,161.54840087890625,165.53833025421488
1413,164.41612243652344,161.7442277578956
1414,165.37203979492188,161.23462359555566
1415,162.5043182373047,162.5674187575197
1416,162.5043182373047,161.45829971050168
1417,158.68067932128906,160.27640402948188
1418,155.81295776367188,159.10079276936005
1419,159.6365966796875,157.25319923228724
1420,157.7247772216797,156.89272820406705
1421,154.8570556640625,156.06567430352396
1422,155.81295776367188,154.62622219339272
1423,152.9452362060547,153.33167866088095
1424,151.9893341064453,151.74810942230084
1425,151.03343200683594,149.496939704827
1426,150.0775146484375,148.4516659713686
1427,148.16571044921875,147.8436495598377
1428,147.2097930908203,146.8550089938542
1429,140.51844787597656,144.75635834536257
1430,148.16571044921875,141.11976995815536
1431,151.9893341064453,141.02143108835764
1432,152.9452362060547,144.31930543745926
1433,150.0775146484375,147.13016599458814
1434,148.16571044921875,147.3196106225579
1435,149.12161254882812,146.62126417786988
1436,149.12161254882812,146.02825909365484
1437,148.16571044921875,147.19967724558788
1438,149.12161254882812,147.5549697851949
1439,147.2097930908203,147.28516948017216
1440,145.29798889160156,146.29033883822495
1441,145.29798889160156,144.60837831599477
1442,148.16571044921875,143.28643806285447
1443,144.34207153320312,143.23369400322468
1444,147.2097930908203,143.69310141915946
1445,143.38616943359375,144.32770737799257
1446,140.51844787597656,142.5171809173087
1447,141.47434997558594,140.99222608982268
1448,138.60662841796875,139.6417727009986
1449,143.38616943359375,138.59887855643734
1450,146.25389099121094,139.46298380921363
1451,143.38616943359375,140.7816324724257
1452,139.5625457763672,141.48171381562685
1453,130.00344848632812,140.20330850825673
1454,132.8711700439453,135.5399275119332
1455,132.8711700439453,132.27252395590102
1456,136.69480895996094,131.1389879157611
1457,141.47434997558594,131.66719637499617
1458,139.5625457763672,135.49348359735706
1459,137.6507110595703,137.6281320796495
1460,138.60662841796875,137.88243622922204
1461,133.82708740234375,137.6829412450623
1462,137.6507110595703,137.0329334757132
1463,134.78298950195312,135.8138554078293
1464,137.6507110595703,135.14351892584241
1465,135.7388916015625,134.8033268171003
1466,131.91526794433594,134.38263751390377
1467,132.8711700439453,132.3251343602073
1468,129.04754638671875,130.68217760621076
1469,129.04754638671875,129.96353913858158
1470,128.09164428710938,128.88753516348456
1471,128.09164428710938,127.69269064023923
1472,130.95936584472656,127.03672079518422
1473,132.8711700439453,127.507221602971
1474,131.91526794433594,129.4207203180012
1475,129.04754638671875,130.15739963361264
1476,129.04754638671875,130.20742079361233
1477,129.04754638671875,129.19516516644808
1478,130.95936584472656,128.69659412002994
1479,135.7388916015625,129.17008513809384
1480,151.9893341064453,131.29394160818538
1481,147.2097930908203,138.5128831488704
1482,157.7247772216797,145.0553688903055
1483,155.81295776367188,150.2751858260525
1484,158.68067932128906,153.26668548395463
1485,156.7688751220703,156.63338970397535
1486,153.90115356445312,157.32903683526683
1487,148.16571044921875,156.09124178070516
1488,152.9452362060547,152.20721283789194
1489,154.8570556640625,151.37233354919152
1490,149.12161254882812,150.64366569091328
1491,152.9452362060547,149.0651543890859
1492,153.90115356445312,149.52558911652696
1493,155.81295776367188,151.1349040393863
1494,160.59249877929688,152.30158922045123
1495,162.5043182373047,155.5338519091687
1496,166.32794189453125,158.61840187916542
1497,162.5043182373047,162.67239846241142
1498,162.5043182373047,163.29204026639576
1499,166.32794189453125,163.2655293398721
1500,164.41612243652344,162.79764136262548
1501,160.59249877929688,163.27000548286367
1502,162.5043182373047,162.0682659173404
1503,158.68067932128906,160.33301623141585
1504,166.32794189453125,158.77192205272766
1505,167.28384399414062,159.96484036689876
1506,165.37203979492188,162.34720195682945
1507,163.46022033691406,163.14647651562177
1508,162.5043182373047,163.0288650723113
1509,159.6365966796875,162.00630226108046
1510,161.54840087890625,160.56340131946394
1511,161.54840087890625,159.33570641425203
1512,161.54840087890625,159.7538012317567
1513,162.5043182373047,159.1058507061128
1514,160.59249877929688,159.24481555287466
1515,159.6365966796875,159.56727605536344
1516,159.6365966796875,158.95176970433027
1517,152.9452362060547,158.22046542927836
1518,151.9893341064453,155.86363462683215
1519,158.68067932128906,149.7664255267356
1520,151.03343200683594,151.908579672686
1521,151.9893341064453,151.85862403000175
1522,151.03343200683594,150.25062993622188
1523,149.12161254882812,149.82474117887125
1524,142.43026733398438,148.20890073139313
1525,142.43026733398438,145.1396398821298
1526,143.38616943359375,142.54991336810747
1527,145.29798889160156,141.46715324744127
1528,144.34207153320312,141.76351689284002
1529,142.43026733398438,141.63153357121246
1530,146.25389099121094,141.34558979966286
1531,141.47434997558594,141.8932359360456
1532,140.51844787597656,141.18845831167303
1533,136.69480895996094,139.74263529778742
1534,139.5625457763672,137.31346551700665
1535,138.60662841796875,136.78945802803827
1536,136.69480895996094,136.89424642236884
1537,137.6507110595703,136.27816613965234
1538,137.6507110595703,136.6577498791356
1539,141.47434997558594,135.998257823202
1540,138.60662841796875,137.1947429000262
1541,136.69480895996094,137.68107007053305
1542,133.82708740234375,137.6396369202425
1543,132.8711700439453,134.65002416102533
1544,130.95936584472656,132.06752813793608
1545,130.00344848632812,130.06991567263867
1546,130.00344848632812,128.80186210110963
1547,130.00344848632812,127.95928583819017
1548,132.8711700439453,127.4801079171452
1549,130.00344848632812,128.5610125874379
1550,132.8711700439453,129.52196815660486
1551,132.8711700439453,130.87501603112077
1552,130.95936584472656,131.31037859228547
1553,132.8711700439453,131.1251244518119
1554,129.04754638671875,132.0505224635379
1555,130.95936584472656,130.7791248882283
1556,133.82708740234375,130.61114897418517
1557,136.69480895996094,131.32471640159852
1558,134.78298950195312,133.37849555108482
1559,133.82708740234375,134.06294446281962
1560,133.82708740234375,134.3220916523502
1561,132.8711700439453,133.71447358609723
1562,128.09164428710938,132.23128735755682
1563,124.26800537109376,129.7273413543068
1564,124.26800537109376,126.52396393962486
1565,122.35619354248048,123.46523303330065
1566,120.4443817138672,121.32333833591944
1567,119.48847198486328,119.63829849986311
1568,117.57666015625,118.78095463404124
1569,121.40028381347656,117.29114067386993
1570,118.53256225585938,117.52533362829196
1571,118.53256225585938,117.68899981332477
1572,116.6207504272461,117.58932045925297
1573,119.48847198486328,116.98127653044956
1574,124.26800537109376,117.56134718624847
1575,121.40028381347656,120.32208437636552
1576,121.40028381347656,121.3798928826158
1577,123.31210327148438,121.34296470293562
1578,122.35619354248048,122.68985394979924
1579,121.40028381347656,122.397788240294
1580,124.26800537109376,121.90322161219616
1581,128.09164428710938,122.41630081294753
1582,126.17982482910156,124.8527692226694
1583,128.09164428710938,125.82902963672548
1584,133.82708740234375,126.71366801616378
1585,149.12161254882812,130.16460915900475
1586,147.2097930908203,140.80130863260163
1587,146.25389099121094,145.53024887545695
1588,148.16571044921875,146.84768677867953
1589,144.34207153320312,147.2972613559116
1590,146.25389099121094,146.16300462530174
1591,147.2097930908203,145.11634716614105
1592,141.47434997558594,144.55885246689988
1593,144.34207153320312,143.14842190682032
1594,148.16571044921875,142.3475015530639
1595,157.7247772216797,143.77234068115723
1596,158.2100830078125,149.97986521631572
1597,157.23947143554688,154.10616670889226
1598,155.29824829101562,155.6942278146196
1599,155.29824829101562,155.02628140430036
1600,156.26885986328125,155.1648898368662
1601,157.23947143554688,154.68970585137106
1602,157.23947143554688,154.56183701715378
1603,173.7399139404297,154.56693164360317
1604,169.85745239257812,163.30071475896133
1605,171.79867553710938,167.23434293026276
1606,167.91622924804688,168.07678029647346
1607,167.91622924804688,167.2847807803887
1608,165.00437927246094,166.36767464010606
1609,163.0631561279297,164.71783856798726
1610,158.2100830078125,162.6733261875982
1611,160.15130615234375,159.298948579592
1612,171.79867553710938,158.30955849551975
1613,179.5635986328125,164.96899002434034
1614,175.68113708496094,171.21394853285432
1615,168.8868408203125,173.7072387999196
1616,163.0631561279297,171.00648402244323
1617,174.7105255126953,165.96680825587208
1618,186.3578948974609,168.19068083903682
1619,183.446044921875,176.02106403650447
1620,181.50482177734372,178.7261377154153
1621,185.3872833251953,179.22055758472652
1622,185.3872833251953,182.4581979346961
1623,184.41665649414065,183.0936163082408
1624,179.5635986328125,183.23252349976508
1625,174.7105255126953,180.4822848042757
1626,179.5635986328125,176.26219920567155
1627,178.5929718017578,176.26462596703584
1628,169.85745239257812,176.28722682017343
1629,171.79867553710938,171.95553640573928
1630,170.82806396484375,169.66495671267603
1631,173.7399139404297,168.50452974558286
1632,162.09254455566406,168.75550823622314
1633,154.32762145996094,164.89316814551648
1634,157.23947143554688,158.55248621843756
1635,158.2100830078125,154.92885977691896
1636,151.41578674316406,154.72124850772127
1637,164.0337677001953,151.7539168771423
1638,161.12193298339844,156.13233948234057
1639,163.0631561279297,157.36042225005994
1640,160.15130615234375,159.42761410436515
1641,169.85745239257812,159.8932430445751
1642,170.82806396484375,163.52891943075124
1643,172.76930236816406,166.8337595808315
1644,177.6223602294922,169.19283893754397
1645,175.68113708496094,173.38112505192134
1646,174.7105255126953,173.71271080610597
1647,176.65174865722656,173.33326596333148
1648,173.7399139404297,173.82914817912354
1649,169.85745239257812,172.06779639472376
1650,169.85745239257812,169.98828728511398
1651,174.7105255126953,168.49839732485674
1652,174.7105255126953,170.04272955356024
1653,172.76930236816406,170.59469983276267
1654,169.85745239257812,170.57997154024952
1655,166.94561767578125,169.21852696658556
1656,166.94561767578125,166.96953242398467
1657,166.94561767578125,165.76520885554007
1658,162.09254455566406,164.39495351329438
1659,162.09254455566406,162.09029021810204
1660,164.0337677001953,161.29739442514193
1661,162.09254455566406,160.97414771486777
1662,158.2100830078125,160.56647801259746
1663,161.12193298339844,158.28463570872262
1664,161.12193298339844,158.8430790986915
1665,165.97499084472656,159.09988600971423
1666,169.85745239257812,161.54960988269792
1667,167.91622924804688,165.35669529024676
1668,167.91622924804688,165.97463888541466
1669,169.85745239257812,165.94365705728467
1670,166.94561767578125,167.50714654902572
1671,166.94561767578125,166.53453938047915
1672,167.91622924804688,165.6017667397261
1673,165.97499084472656,165.49818648469238
1674,172.76930236816406,164.7146098746819
1675,172.76930236816406,168.1678126752522
1676,188.2991180419922,171.73737946944675
1677,187.32850646972656,179.99547542632715
1678,184.41665649414065,185.16583989237256
1679,177.6223602294922,183.75326036434623
1680,173.7399139404297,180.27078966861814
1681,185.3872833251953,176.22046205503733
1682,188.2991180419922,177.68902481876933
1683,188.2991180419922,181.35928386473256
1684,182.47543334960935,183.86725001045863
1685,168.8868408203125,181.61180856401745
1686,167.91622924804688,174.59270793891778
1687,172.76930236816406,170.04892487090916
1688,175.68113708496094,169.69685578322228
1689,170.82806396484375,170.71161941322197
1690,172.76930236816406,170.69016118206582
1691,173.7399139404297,170.52929782778796
1692,177.6223602294922,171.1507164613673
1693,173.7399139404297,172.60403203544774
1694,175.68113708496094,173.18724097065672
1695,172.76930236816406,172.95195518741298
1696,170.82806396484375,171.97901781159652
1697,175.68113708496094,169.9633278086202
1698,173.7399139404297,170.82035194994265
1699,172.76930236816406,172.27352600662175
1700,174.7105255126953,172.0676706014781
1701,172.76930236816406,172.05526948400973
1702,172.76930236816406,172.07623502495372
1703,176.65174865722656,171.36466980670053
1704,172.76930236816406,172.12968143020515
1705,175.68113708496094,171.8723451392736
1706,172.76930236816406,172.38850627454372
1707,171.79867553710938,171.34894565099256
1708,173.7399139404297,170.27235464074909
1709,173.7399139404297,171.31207250585734
1710,171.79867553710938,171.531476891836
1711,174.7105255126953,171.08223776325906
1712,173.7399139404297,170.88798678502792
1713,171.79867553710938,170.6149473039293
1714,174.7105255126953,169.96383622298805
1715,171.79867553710938,170.50260345278105
1716,171.79867553710938,170.2502359950532
1717,171.79867553710938,170.51469532852047
1718,171.79867553710938,170.7140985884386
1719,172.76930236816406,170.0031623364137
1720,175.68113708496094,169.79900514008654
1721,173.7399139404297,172.02637896858897
1722,174.7105255126953,172.41554133959096
1723,174.7105255126953,172.64218407858056
1724,173.7399139404297,172.72733038173925
1725,168.8868408203125,171.790154977388
1726,167.91622924804688,169.42251643858515
1727,170.82806396484375,167.63643055725674
1728,172.76930236816406,167.4776952053847
1729,171.79867553710938,168.34883963853292
1730,169.85745239257812,169.26011211704792
1731,169.85745239257812,168.9359953368246
1732,168.8868408203125,168.457514520016
1733,170.82806396484375,167.4343751564092
1734,167.91622924804688,167.45607973267144
1735,166.94561767578125,167.28036229263478
1736,163.0631561279297,166.16307192603384
1737,163.0631561279297,164.27669213821468
1738,162.09254455566406,162.58399201763592
1739,160.15130615234375,160.58757458817234
1740,156.26885986328125,158.93500251296035
1741,154.32762145996094,156.8590994763929
1742,157.23947143554688,153.30529352760297
1743,156.26885986328125,152.7746242379996
1744,156.26885986328125,152.78786397710573
1745,154.32762145996094,153.21057645500332
1746,154.32762145996094,153.17973614427476
1747,156.26885986328125,152.95632209859053
1748,158.2100830078125,153.94170252295726
1749,157.23947143554688,154.90660485520692
1750,157.23947143554688,155.30469854665108
1751,156.26885986328125,154.95365152908522
1752,153.3570098876953,153.95159301689756
1753,152.3863983154297,153.1541005290855
1754,155.29824829101562,152.71195299473283
1755,157.23947143554688,152.4153010731461
1756,155.29824829101562,153.2593108549276
1757,154.32762145996094,153.7323196655498
1758,153.3570098876953,152.9906374477306
1759,155.29824829101562,152.18176067118594
1760,153.3570098876953,151.9190047879204
1761,154.32762145996094,151.85891754757495
1762,155.29824829101562,152.3865101440448
1763,152.3863983154297,152.93645200716088
1764,150.44517517089844,151.7629006114368
1765,149.4745635986328,150.48785503200293
1766,145.59210205078125,149.2767019385958
1767,144.62149047851562,144.10452395325876
1768,144.62149047851562,142.70439795655315
1769,140.73902893066406,141.10918235997863
1770,138.7978057861328,139.52124442680432
1771,138.7978057861328,138.0619379493991
1772,137.8271942138672,137.82414416331994
1773,132.00350952148438,137.3469317617385
1774,131.03289794921875,134.52419160497223
1775,131.03289794921875,131.250113144842
1776,133.94473266601562,130.90405068463556
1777,128.1210479736328,129.41434941424683
1778,121.32675170898438,128.5795539877102
1779,123.26798248291016,125.44968175957786
1780,124.23859405517578,122.96321053470461
1781,124.23859405517578,122.95859025361909
1782,123.26798248291016,122.68395739140875
1783,125.2092056274414,122.27754038020984
1784,125.2092056274414,123.05698415796176
1785,126.17982482910156,123.672037129172
1786,124.23859405517578,124.34927651551467
1787,128.1210479736328,124.42816722539422
1788,127.1504364013672,124.93228103669942
1789,131.03289794921875,125.61426649737328
1790,132.00350952148438,127.27131733626942
1791,134.91534423828125,129.28722223604044
1792,135.88595581054688,131.58373779788343
1793,130.06227111816406,133.74659803620864
1794,130.06227111816406,133.0890714997385
1795,132.97412109375,132.23644750132166
1796,128.1210479736328,131.4419137754753
1797,125.2092056274414,129.90497976203244
1798,125.2092056274414,127.52911486910173
1799,123.26798248291016,125.43788078071903
1800,123.26798248291016,123.59018765732672
1801,118.41490936279295,122.2675450585648
1802,116.4736785888672,120.01918734427011
1803,111.62061309814452,117.566828364859
1804,111.62061309814452,114.05749556979646
1805,109.67938232421876,110.86601478925394
1806,109.67938232421876,108.74172459453413
1807,110.6500015258789,107.74291836188543
1808,108.70877075195312,108.28396166321713
1809,110.6500015258789,108.33390944382353
1810,110.6500015258789,109.07378469408262
1811,114.0,109.5442723984063
1812,114.0,111.10868306360257
1813,113.0,112.3087427651577
1814,114.0,112.86212559768124
1815,109.0,113.13661301145127
1816,112.0,111.50167950790473
1817,111.0,110.11983546290226
1818,116.0,109.94699423301384
1819,119.0,111.85066797141916
1820,113.0,114.90552418370767
1821,116.0,115.03636357300745
1822,113.0,114.61496537245776
1823,112.0,113.9741169238086
1824,111.0,112.30070248020569
1825,111.0,111.55390467039615
1826,111.0,111.02444745112862
1827,109.0,110.60536856354587
1828,110.0,109.6237946952068
1829,112.0,109.22559093467268
1830,110.0,109.30577364601291
1831,110.0,109.460073475629
1832,108.0,108.84372064088025
1833,106.0,108.02605013025592
1834,106.0,107.29830475577921
1835,116.0,106.16083964223178
1836,105.0,107.39868907616527
1837,106.0,106.78139213690088
1838,106.0,106.77901582386951
1839,105.0,106.06559646558908
1840,105.0,105.34743823988217
1841,102.0,104.57482464226591
1842,101.0,103.52040010535862
1843,88.0,101.49069889688673
1844,90.0,96.80200987195123
1845,88.0,92.30359787247825
1846,88.0,88.93739748061336
1847,84.0,86.75134476779206
1848,80.0,84.65690950337647
1849,79.0,82.41352979470966
1850,70.0,78.96031389067628
1851,63.0,74.4736370251601
1852,60.0,69.44060078333663
1853,62.0,64.21758398190306
1854,61.0,61.54211626749775
1855,61.0,59.970591732189924
1856,60.0,59.23523848704318
1857,57.0,58.742315033216826
1858,59.0,58.02842526061147
1859,57.0,58.28651369032439
1860,57.0,58.03919368657882
1861,57.0,57.3191348035507
1862,60.0,56.93215546949948
1863,68.0,57.330443092197356
1864,65.0,59.67021842708563
1865,67.0,62.81103990897597
1866,63.0,64.83006605365503
1867,67.0,65.78168933640933
1868,65.0,66.7229268143185
1869,63.0,67.04477145404203
1870,67.0,66.57708264943437
1871,64.0,66.38833512570102
1872,64.0,66.14962147651295
1873,63.0,65.6925648218565
1874,62.0,64.98065105148511
1875,62.0,64.14226265536922
1876,62.0,62.77181076117718
1877,61.0,61.98691070139459
1878,61.0,61.26061194924303
1879,62.0,60.73573439032544
1880,63.0,60.893560361859045
1881,67.0,61.76706079767086
1882,70.0,63.194337169898915
1883,83.0,65.66783858700569
1884,89.0,70.99677330128823
1885,87.0,78.68596406326868
1886,80.0,84.01236718848223
1887,81.0,85.8046398699086
1888,93.0,85.33499930447368
1889,95.0,87.33912615644627
1890,96.0,91.60120540597462
1891,94.0,94.63978154813356
1892,95.0,95.57873132518051
1893,93.0,95.77683779268426
1894,93.0,95.50094548292938
1895,92.0,93.85028839695136
1896,86.0,92.60428074689804
1897,82.0,89.666770960379
1898,75.0,86.22041471927322
1899,78.0,81.36914316570244
1900,79.0,78.31631536950027
1901,80.0,77.43358747498048
1902,78.0,76.75185098010533
1903,76.0,76.58058740717294
1904,73.0,75.88819910715195
1905,78.0,74.96714096240134
1906,82.0,74.91352421212976
1907,79.0,76.7084077585768
1908,77.0,78.04216864577057
1909,78.0,77.90528724964
1910,80.0,77.91275491325497
1911,78.0,78.09946484847784
1912,78.0,78.38372613536669
1913,78.0,78.36402376826459
1914,73.0,77.76254467446927
1915,75.0,76.59296231771512
1916,73.0,75.66567478661155
1917,78.0,74.73882360082887
1918,78.0,74.61667311790404
1919,76.0,75.33643717301264
1920,73.0,75.71522815297894
1921,75.0,75.4715967740932
1922,75.0,74.67327352672123
1923,74.0,74.49238021876401
1924,74.0,74.02803934897584
1925,74.0,73.42509659835338
1926,74.0,73.40377202252074
1927,73.0,73.16231712885424
1928,73.0,72.9600861416013
1929,72.0,72.42581864103343
1930,72.0,72.17812911962872
1931,74.0,72.01482852121612
1932,74.0,72.47336848789436
1933,73.0,72.62733679989428
1934,73.0,72.87042700575441
1935,75.0,72.89539958571129
1936,75.0,73.15877657312733
1937,76.0,74.02690196837963
1938,85.0,74.55354325342913
1939,82.0,76.65452762869711
1940,80.0,78.80419267969067
1941,82.0,80.26783116199343
1942,76.0,81.27916823639508
1943,79.0,80.98414638561673
1944,76.0,79.74123835975736
1945,76.0,78.0610599085074
1946,75.0,76.72542784678438
1947,74.0,75.63090998868752
1948,76.0,74.44820975503399
1949,75.0,74.00011324843847
1950,76.0,73.79874446905686
1951,74.0,74.2336353055503
1952,72.0,74.3655845581738
1953,65.0,74.01308567689756
1954,59.0,71.66398329698183
1955,54.0,67.68773742232655
1956,51.00000000000001,62.67988734690833
1957,50.0,58.072945586806
1958,50.0,54.142847488461015
1959,50.0,50.95635519631685
1960,50.0,49.124228987075455
1961,50.0,48.42228171073031
1962,50.0,48.35071583671807
1963,50.0,48.77002141421228
1964,50.0,49.23710221813257
1965,50.0,49.70291460682575
1966,50.0,50.10604526948169
1967,50.0,51.230883230822464
1968,50.0,51.19315573989378
1969,50.0,51.059406071441714
1970,50.0,50.895366437710834
1971,51.00000000000001,51.37564504965536
1972,50.0,51.26410313044819
1973,50.0,51.0032236630971
1974,50.0,50.75372848447859
1975,50.0,50.62777275587244
1976,50.0,50.59162816328504
1977,50.0,50.619963091870815
1978,50.0,50.68340481876727
1979,50.0,50.6713810810359
1980,51.00000000000001,50.806813234148734
1981,51.00000000000001,51.21565176532667
1982,64.0,51.21562031701525
1983,70.0,56.786306063230114
1984,65.0,60.57288193035051
1985,64.0,63.28724858528474
1986,64.0,65.04918478413833
1987,64.0,65.44136095165105
1988,65.0,65.56934247565091
1989,71.0,66.57577230312538
1990,77.0,69.31570643524077
1991,78.0,74.71250398486633
1992,76.0,76.652199143306
1993,76.0,76.91217185101127
1994,77.0,77.25648237820259
1995,74.0,77.99717004317327
1996,70.0,77.32897728774792
1997,71.0,75.16050352583498
1998,73.0,73.0153644109927
1999,70.0,72.33810405910909
2000,66.0,71.42161378159165
2001,67.0,69.63126141268113
2002,67.0,67.97684961125131
2003,68.0,67.1685310422343
2004,69.0,66.94850031071994
2005,69.0,67.29036442135235
2006,69.0,67.56455962789548
2007,66.0,67.94620061108384
2008,66.0,67.86089444567543
2009,66.0,67.19861659348891
2010,66.0,66.66448012755194
2011,66.0,66.31316579933903
2012,66.0,66.10662377272948
2013,67.0,66.01932063954615
2014,68.0,66.57289478263081
2015,67.0,67.58699799809077
2016,66.0,67.89232965362831
2017,65.0,67.69755191618094
2018,65.0,67.2235446216713
2019,66.0,66.44459353413156
2020,64.0,66.1807788910483
2021,62.0,65.593819744703
2022,62.0,64.32564562131353
2023,61.0,63.190081165087285
2024,60.0,62.195737971967034
2025,58.0,60.8371106428674
2026,59.0,59.52352777848589
2027,61.0,58.929490141379375
2028,62.0,59.07563306522196
2029,63.0,59.90679883248266
2030,64.0,61.09378913995184
2031,66.0,62.910552849066534
2032,67.0,65.06951873816138
2033,66.0,66.55743007549201
2034,65.0,67.36417622893822
2035,63.0,67.25276796505457
2036,65.0,66.6191866970351
2037,65.0,66.25738697765759
2038,66.0,66.00362269076436
2039,71.0,65.77613346805917
2040,68.0,67.0608572653313
2041,68.0,68.38243324219769
2042,69.0,68.97009473416463
2043,69.0,69.3874138266544
2044,69.0,69.66062627346577
2045,68.0,69.67486711715196
2046,67.0,69.40710046960079
2047,67.0,68.76525091637154
2048,66.0,68.25386992443663
2049,66.0,67.63371708539178
2050,65.0,66.84701923047325
2051,65.0,66.32468636408774
2052,66.0,65.86460805084273
2053,64.0,65.67434052539095
2054,65.0,65.39098861884054
2055,66.0,65.09467476660151
2056,67.0,65.27358421024691
2057,67.0,66.36199716489016
2058,64.0,66.98073482992129
2059,65.0,66.51758244423537
2060,64.0,65.67273928220135
2061,66.0,65.20930124102007
2062,65.0,65.34594939550766
2063,68.0,65.25353329102663
2064,67.0,66.08107988178187
2065,69.0,66.65371170158458
2066,69.0,68.30109742610556
2067,69.0,68.99589283229618
2068,68.0,69.56493168251963
2069,70.0,69.57911225027561
2070,71.0,70.0375866996384
2071,69.0,72.13507376060765
2072,68.0,71.44936691641624
2073,65.0,70.41460478104862
2074,63.0,68.81583028389888
2075,64.0,67.04174979545348
2076,65.0,65.41606602650215
2077,65.0,64.61046511573001
2078,66.0,64.21693929151903
2079,63.0,64.42219717874575
2080,61.0,64.58459363820515
2081,59.0,64.05702986935411
2082,54.0,62.48431816029034
2083,52.0,60.85558914651689
2084,52.0,57.40224744923785
2085,50.0,54.271562806393916
2086,67.0,52.15799517552063
2087,69.0,58.20641222045533
2088,65.0,63.888789265356586
2089,60.0,62.50697404797292
2090,60.0,61.810724157379305
2091,61.0,61.58263217537197
2092,61.0,61.642716795024775
2093,61.0,61.519143276008386
2094,57.0,61.41679212581253
2095,62.0,60.7719890520028
2096,65.0,60.37445094739367
2097,62.0,62.26012052751335
2098,60.0,62.81684998451007
2099,58.0,62.42361505717969
2100,58.0,61.36129633893383
2101,57.0,60.07757364624178
2102,58.0,59.08569390418244
2103,57.0,58.07838352398834
2104,57.0,58.23570894323191
2105,56.0,57.96026104561738
2106,57.0,57.307742652740274
2107,56.0,56.88161017097618
2108,53.0,56.617651389798944
2109,53.0,55.86965068207775
2110,54.0,54.79222891227438
2111,53.0,54.17519469744495
2112,52.0,53.81980257151844
2113,52.0,53.411857696523235
2114,53.0,53.10117982804498
2115,54.0,52.94438640940287
2116,53.0,53.748310076899486
2117,53.0,53.91715868158439
2118,53.0,53.92670324409913
2119,53.0,54.083779697543996
2120,54.0,53.906505566092235
2121,52.0,54.162188199981834
2122,60.0,53.85701640669399
2123,55.0,57.19056362371179
2124,53.0,57.188506380006665
2125,53.0,56.68248470447556
2126,53.0,55.38627441145876
2127,53.0,54.49348043659325
2128,53.0,54.54852284364903
2129,53.0,54.55357029763129
2130,52.0,53.5392128749874
2131,53.0,52.97223913054693
2132,53.0,52.7799117406974
2133,52.0,52.928793288325785
2134,52.0,53.131889104142665
2135,54.0,52.82602544800367
2136,57.0,57.43318734628591
2137,56.0,56.14581402877699
2138,56.0,55.869978268655
2139,57.0,55.64335125382113
2140,56.0,55.90638755119682
2141,56.0,59.818033352818496
2142,57.0,58.01775642096361
2143,54.0,57.08445440030173
2144,54.0,56.37314863061772
2145,52.0,55.52976781506454
2146,54.0,54.528757579924104
2147,54.0,53.68391441789008
2148,55.0,53.54225025773165
2149,55.0,53.838603420359945
2150,55.0,54.19522727181691
2151,53.0,54.505666657266936
2152,53.0,54.57160590422834
2153,54.0,54.23994414995779
2154,55.0,54.331188804838575
2155,55.0,54.546596634574804
2156,55.0,54.773024476769706
2157,55.0,54.79615995120138
2158,55.0,55.03721649958994
2159,55.0,55.46638636409829
2160,55.0,55.56003419410978
2161,56.0,55.40635939968308
2162,55.0,55.48134003617658
2163,56.0,55.797807014647994
2164,63.0,56.7384967678
2165,60.0,69.22295226141202
2166,67.0,62.80570417880573
2167,65.0,60.93300440645251
2168,65.0,61.44214470619903
2169,65.0,64.18953208812002
2170,64.0,64.49817891981932
2171,63.0,64.76080638914661
2172,63.0,64.89283688324127
2173,61.0,64.49578098607385
2174,59.0,64.1653273711002
2175,58.0,62.955023382101324
2176,55.0,60.981088874607515
2177,55.0,59.17197758793736
2178,55.0,57.439495353417435
2179,54.0,55.964386099525704
2180,53.0,54.8709099667445
2181,54.0,53.9522261695058
2182,55.0,53.517531884958714
2183,55.0,53.71760604218704
2184,55.0,54.21796702166327
2185,55.0,54.64795192157582
2186,54.0,54.93506714272567
2187,59.0,55.1094532709124
2188,58.0,56.50897388762325
2189,63.0,57.34044103453502
2190,62.0,59.489933119815795
2191,62.0,60.96536733959215
2192,61.0,61.866702151699705
2193,60.0,62.535039045219044
2194,61.0,62.77456772981132
2195,73.0,62.36334174765838
2196,68.0,67.88465102425758
2197,85.0,68.17475907637717
2198,83.0,85.72849040450747
2199,76.0,80.22892960077188
2200,87.0,77.65412531051643
2201,87.0,86.97030953258407
2202,89.0,85.35962136679291
2203,86.0,93.70092480567455
2204,86.0,90.23721908805777
2205,85.0,89.30022713218975
2206,94.0,89.06247527719249
2207,92.0,96.90750384682089
2208,113.0,93.93365672396205
2209,123.0,113.73276685784683
2210,115.0,118.446368186809
2211,117.0,114.462155406595
2212,120.0,118.11540353677483
2213,118.0,123.10823966418454
2214,117.0,121.07137446485478
2215,150.0,121.03012476304752
2216,150.0,141.1616748331171
2217,150.0,140.05492489222576
2218,128.0,143.61166077536262
2219,120.0,141.51085067615372
2220,126.0,132.10810956312577
2221,128.0,126.80300742751129
2222,127.0,134.71924451514448
2223,129.0,127.39863582503693
2224,153.0,125.63606017718453
2225,151.0,147.3549690073599
2226,147.0,144.16398222737587
2227,151.0,144.81943841667774
2228,146.0,148.88489790943487
2229,144.0,147.60842143183157
2230,144.0,144.92986916221489
2231,150.0,143.69770335539667
2232,145.0,149.24621280067805
2233,142.0,146.17494974225457
2234,140.0,142.72354997820545
2235,156.0,140.25217394281188
2236,150.0,148.00211235967748
2237,152.0,149.2839088432953
2238,148.0,150.428800344549
2239,147.0,148.58278970581745
2240,145.0,146.77004089779354
2241,146.0,145.83583211748584
2242,145.0,144.5518342520689
2243,140.0,145.00929187269588
2244,138.0,143.45385839006258
2245,127.0,140.06752518233307
2246,127.0,133.13840079688708
2247,130.0,128.3538101462886
2248,125.0,127.74716173630429
2249,124.0,125.63669176410548
2250,118.0,123.93474321927783
2251,118.0,121.11081326806301
2252,122.0,117.4634944549314
2253,119.0,119.56168517186859
2254,119.0,118.99707791286218
2255,123.0,118.54756623225293
2256,130.0,118.99693901615342
2257,124.0,133.78306759468066
2258,122.0,128.07370003650666
2259,119.0,124.00944082096858
2260,119.0,121.06913639335902
2261,121.0,118.15726385996209
2262,120.0,119.77731051909211
2263,120.0,119.16087382217958
2264,120.0,118.5209976504917
2265,118.0,118.65563049235602
2266,111.0,118.3432098632868
2267,103.0,116.2512197050838
2268,98.0,110.79802091928002
2269,97.0,104.32846577753799
2270,98.0,99.58050127179548
2271,95.0,96.20179360393705
2272,100.0,94.42990550913406
2273,106.0,93.48294492992704
2274,109.0,99.06466379206367
2275,107.0,102.08688976056551
2276,115.0,104.5200777183028
2277,119.0,109.62076910557931
2278,115.0,115.2866488904503
2279,114.0,116.84907438098841
2280,112.0,115.92390305917388
2281,112.0,114.89911134887143
2282,104.0,113.42394443974212
2283,103.0,109.13055806861259
2284,109.0,105.00372129956884
2285,107.0,104.841429012641
2286,101.0,105.18299305396866
2287,101.0,103.6832689446624
2288,100.0,101.3649056512229
2289,103.0,100.19822210809083
2290,99.0,100.2149241097319
2291,98.0,99.9068892097589
2292,99.0,98.94148616142589
2293,105.0,98.56964706000869
2294,101.0,101.43699009478694
2295,99.0,101.90494948590741
2296,100.0,101.02379728282419
2297,121.0,100.29981817122614
2298,123.0,107.0430040878387
2299,120.0,115.58228398330124
2300,117.0,119.8314802355061
2301,118.0,120.40094363793366
2302,116.0,120.15217177047772
2303,116.0,119.04233203298975
2304,116.0,117.10161873546797
2305,116.0,115.81446555613896
2306,116.0,115.03831467866155
2307,116.0,114.67060005604522
2308,116.0,114.58264830143895
2309,113.0,114.65744286875656
2310,115.0,114.42385005294406
2311,109.0,114.20069283513641
2312,110.0,113.67473686120653
2313,109.0,110.82711453837871
2314,105.0,109.79151116068073
2315,105.0,107.77620770986553
2316,101.0,105.8270413683044
2317,103.0,103.98494342365153
2318,100.0,102.10904116491912
2319,70.0,100.94750400691565
2320,71.0,96.71516245264519
2321,71.0,84.1479657555763
2322,71.0,74.62994954670683
2323,71.0,68.94231015102862
2324,71.0,66.25549745828002
2325,71.0,65.64518269932312
2326,71.0,66.26590160797346
2327,71.0,67.44370114643132
2328,71.0,68.7154577566296
2329,71.0,69.81592589731564
2330,71.0,70.63451496070257
2331,71.0,71.16486190511391
2332,71.0,71.4486331224832
2333,71.0,71.55703807262663
2334,71.0,71.55016923727486
2335,71.0,71.48783606335581
2336,71.0,71.40998576844561
2337,71.0,71.33526458052128
2338,71.0,71.27699085946752
2339,73.0,71.23776433236134
2340,74.0,75.20961792618886
2341,74.0,74.40953881476284
2342,74.0,73.98422660978818
2343,69.0,73.31491219792233
2344,60.0,72.65472565844496
2345,58.0,69.8720585125005
2346,63.0,65.7741286382064
2347,81.0,65.02424103180024
2348,82.0,76.62937553129588
2349,79.0,81.9170959231215
2350,84.0,76.79315178541864
2351,83.0,79.83952743639531
2352,77.0,81.40964203907465
2353,77.0,81.20613870555567
2354,78.0,79.50786961316369
2355,79.0,79.67782415013339
2356,77.0,79.36346027748792
2357,75.0,80.43476404037457
2358,73.0,78.67921971081627
2359,72.0,77.02798943022471
2360,72.0,74.66085013336561
2361,68.0,73.58530477947674
2362,70.0,71.59359673464768
2363,70.0,70.13537522398633
2364,67.0,68.68724337990426
2365,79.0,67.77615959125775
2366,75.0,73.41689907184428
2367,75.0,74.04878999312514
2368,73.0,73.18973481502371
2369,74.0,73.74763048023544
2370,70.0,74.33483990272578
2371,67.0,73.28411119758302
2372,68.0,71.53334439066732
2373,71.0,70.08459668382002
2374,70.0,69.76275204409649
2375,71.0,69.81781017530797
2376,75.0,69.91729690847235
2377,82.0,72.4221156023642
2378,79.0,79.51279127390029
2379,76.0,81.1967789018705
2380,76.0,79.10169763672457
2381,79.0,77.63231328585685
2382,77.0,79.21030306985327
2383,75.0,78.53316982156163
2384,77.0,77.20402790510707
2385,77.0,77.27405543255256
2386,77.0,76.7300625416793
2387,76.0,76.32212290806935
2388,75.0,76.02326960468349
2389,76.0,75.8286045570187
2390,80.0,75.83912794822626
2391,78.0,78.94694049624664
2392,79.0,79.04334660523857
2393,79.0,78.88538304734251
2394,80.0,79.05909958856535
2395,77.0,80.31567976781281
2396,76.0,79.34875950224726
2397,75.0,78.03368022238088
2398,76.0,76.66088411864206
2399,76.0,75.68796901871285
2400,75.0,75.40734001179254
2401,73.0,75.0765116377745
2402,71.0,74.70859129078767
2403,69.0,73.88031090609937
2404,72.0,72.12435250710743
2405,70.0,71.88604506527514
2406,70.0,71.23973509321007
2407,69.0,69.91729166708711
2408,69.0,69.65445192165777
2409,68.0,69.1834715271219
2410,67.0,69.30906560014677
2411,66.0,68.1254559861548
2412,68.0,67.51924785253031
2413,67.0,67.23546615239056
2414,66.0,66.89907404794451
2415,62.0,66.60391592115003
2416,54.0,65.8507681731271
2417,57.0,64.4973743671856
2418,57.0,60.43273253052529
2419,55.0,57.22097152015841
2420,51.00000000000001,55.7917505940078
2421,50.0,54.59033861506178
2422,62.0,52.61671859068213
2423,61.0,57.02961902796277
2424,58.0,59.154096602204774
2425,54.0,58.188664890046255
2426,54.0,57.52207075711789
2427,55.0,56.556458217168725
2428,55.0,55.49148997868608
2429,54.0,54.78629828487986
2430,54.0,54.438466857156264
2431,54.0,54.33913736554896
2432,54.0,54.06541650436969
2433,53.0,53.886572578039754
2434,53.0,54.07300340949879
2435,53.0,53.69316546283161
2436,56.0,53.41845397984273
2437,62.0,54.222133922925885
2438,58.0,58.903933146968676
2439,58.0,59.677645469965036
2440,59.0,58.64388181848488
2441,57.0,58.94864740441693
2442,58.0,58.46013719695928
2443,60.0,58.484205637962965
2444,61.0,59.32451500176785
2445,59.0,60.55655763603301
2446,59.0,60.5232224259321
2447,59.0,60.21953132397342
2448,60.0,60.17350934090878
2449,63.0,60.02867414268258
2450,63.0,64.15750460363549
2451,61.0,63.68914228102499
2452,61.0,62.456994819055105
2453,60.0,61.644821211197026
2454,62.0,60.88296490160449
2455,61.0,61.72528433664738
2456,63.0,61.40498066418322
2457,62.0,62.62905901358229
2458,66.0,62.57530860798718
2459,73.0,65.503358676915
2460,68.0,69.8712277529406
2461,76.0,69.66059744584697
2462,75.0,73.92911344403171
2463,73.0,78.62322861303278
2464,75.0,74.92058566838895
2465,71.0,74.85831014970749
2466,72.0,73.43083067380155
2467,74.0,72.90160014444547
2468,72.0,74.06535014977825
2469,72.0,73.57339897291318
2470,75.0,73.46221084720943
2471,75.0,76.55570393076508
2472,74.0,75.33262537559976
2473,74.0,75.1735978165008
2474,75.0,73.82928602082698
2475,74.0,74.45171100037163
2476,74.0,74.88339279875434
2477,75.0,75.38388350251516
2478,74.0,74.57808603979666
2479,73.0,75.71837560481315
2480,71.0,74.90540661674551
2481,71.0,74.75482554995435
2482,71.0,72.60771829495596
2483,70.0,71.23134625613986
2484,70.0,70.37958446559433
2485,70.0,69.77843164802995
2486,67.0,70.31802963738284
2487,66.0,69.46746550336371
2488,66.0,67.90915712092846
2489,76.0,66.67318868912153
2490,71.0,75.62272818633413
2491,71.0,73.49284936460644
2492,68.0,71.51113926211504
2493,69.0,70.47088939640534
2494,70.0,69.6597273758978
2495,68.0,69.13518526563531
2496,69.0,69.419042965861
2497,69.0,69.30055359052352
2498,67.0,69.12243297535615
2499,67.0,68.16557616944371
2500,68.0,67.59367028149617
2501,66.0,67.59528462814886
2502,67.0,67.2752849560284
2503,67.0,67.11593636208373
2504,67.0,66.81932637157888
2505,66.0,66.85049426888472
2506,68.0,66.65641625636636
2507,70.0,70.14660751254706
2508,70.0,74.53534254319715
2509,69.0,70.46472290667519
2510,68.0,68.7265092173997
2511,69.0,67.99655721973865
2512,68.0,67.92848472898618
2513,67.0,69.11248482617823
2514,67.0,68.69121634991313
2515,67.0,67.7056708219115
2516,67.0,67.13484465932257
2517,67.0,68.47362810391874
2518,67.0,67.41735008215737
2519,67.0,66.85259082297911
2520,66.0,66.85202737406624
2521,66.0,66.7925507551008
2522,66.0,66.36106943970339
2523,66.0,66.0995924544354
2524,60.0,65.98886557063241
2525,60.0,64.06248353069216
2526,62.0,62.21487689015626
2527,60.0,61.41145901633491
2528,59.0,60.9278914351548
2529,59.0,60.06314673337971
2530,57.0,59.38522334626374
2531,59.0,58.69829788000496
2532,59.0,58.35440273259359
2533,58.0,58.38140110794419
2534,57.0,58.913490812946506
2535,58.0,58.44971208172489
2536,57.0,58.253202066457035
2537,58.0,58.188651786583165
2538,57.0,58.15824389013655
2539,58.0,58.05569880868696
2540,58.0,58.324207112249034
2541,61.0,58.52630706487108
2542,59.0,59.69543997284123
2543,60.0,60.00698004919081
2544,61.0,60.54559527881193
2545,61.0,60.64082600716469
2546,59.0,60.84024761193114
2547,59.0,60.893232775281795
2548,59.0,60.91671418113904
2549,58.0,60.38799468684348
2550,57.0,59.96584303716612
2551,57.0,59.48398938895818
2552,58.0,58.814926563583654
2553,57.0,58.36060591202039
2554,57.0,58.06010681367043
2555,57.0,57.625989081499306
2556,57.0,57.35146628837893
2557,57.0,57.23113718682362
2558,57.0,57.21142695764366
2559,57.0,57.24758727438678
2560,57.0,57.30908968874592
2561,56.0,57.37124465556695
2562,55.0,57.41023007895227
2563,57.0,57.05527298800034
2564,55.0,58.144708012764596
2565,52.0,57.397110891706575
2566,53.0,56.26836023628713
2567,52.0,54.64841316347659
2568,52.0,53.52296982214106
2569,51.00000000000001,52.81192088033361
2570,50.0,52.154153240142655
2571,51.00000000000001,51.82127810518997
2572,50.0,51.312868978683866
2573,50.0,50.98396681374006
2574,50.0,50.670437631693424
2575,52.0,50.56060964545843
2576,51.00000000000001,51.19745891717253
2577,51.00000000000001,51.43195849263087
2578,52.0,51.5940692965949
2579,52.0,52.10081690398118
2580,52.0,52.46403965945027
2581,51.00000000000001,52.48831775586339
2582,51.00000000000001,52.487885341581425
2583,52.0,52.4023721414562
2584,51.00000000000001,52.29227946526678
2585,51.00000000000001,52.17392898663805
2586,52.0,52.08600474930427
2587,55.0,52.62414825425416
2588,53.0,53.87558139319987
2589,53.0,53.92880241888615
2590,52.0,53.753472841356945
2591,52.0,53.56277028093057
2592,51.00000000000001,53.23501335866083
2593,52.0,52.78292815790071
2594,53.0,52.37581928385065
2595,52.0,52.524711314249515
2596,52.0,52.48939486052939
2597,52.0,52.452532198164654
2598,52.0,52.4223077502013
2599,50.0,52.5071762599425
2600,50.0,52.25111362562329
2601,51.00000000000001,51.766164939433494
2602,50.0,51.488350556384916
2603,50.0,51.24903414789471
2604,50.0,50.84135396285393
2605,50.0,50.69873062919732
2606,50.0,50.56205626778356
2607,50.0,50.4806156239867
2608,50.0,50.48186307367287
2609,50.0,50.50146061307024
2610,50.0,50.839991202692566
2611,50.0,50.72851218010823
2612,50.0,50.63706049051062
2613,50.0,50.599961965810266
2614,50.0,50.60908197612089
2615,50.0,50.61986874693657
2616,50.0,50.63286738232183
2617,50.0,50.646159535280304
2618,50.0,50.65704065103023
2619,50.0,50.664200383262596
2620,50.0,50.66990301039936
2621,50.0,50.671941909256155
2622,50.0,50.67297970353288
2623,50.0,50.675343568274315
2624,50.0,50.67737722574588
2625,50.0,50.673461910974595
2626,50.0,50.6714387362735
2627,50.0,50.67047432139008
2628,50.0,50.67319460032756
2629,50.0,50.67337280742559
2630,50.0,50.675327844118605
2631,50.0,50.67887102053814
2632,50.0,50.67736674297541
2633,50.0,50.67580481017509
2634,50.0,50.67519680948771
2635,50.0,50.67513391286488
2636,50.0,50.6755008098314
2637,50.0,50.67587818956839
2638,50.0,50.67611405190401
2639,50.0,50.67657005241954
2640,50.0,50.67651763856718
2641,50.0,50.67659101796048
2642,50.0,50.67665915596855
2643,50.0,50.676575293804774
2644,50.0,50.676491431641
2645,50.0,50.6764180522477
2646,50.0,50.67643377640341
2647,50.0,50.676774466443746
2648,50.0,50.67665391458331
2649,50.0,50.676543845493356
2650,50.0,50.676507155796706
2651,50.0,50.67663294904237
2652,50.0,50.67662770765713
2653,50.0,50.67662770765713
2654,50.0,50.67664343181284
2655,50.0,50.67666439735379
2656,50.0,50.67667488012426
2657,50.0,50.67667488012426
2658,50.0,50.67670108705044
2659,50.0,50.67672729397662
2660,50.0,50.676847845837045
2661,50.0,50.677450605139185
2662,50.0,50.67694743215653
2663,50.0,50.676585776575244
2664,50.0,50.67642329363293
2665,50.0,50.6764180522477
2666,50.0,50.676486190255766
2667,50.0,50.676564811034304
2668,50.0,50.67662770765713
2669,50.0,50.67669060427997
2670,50.0,50.6766958456652
2671,50.0,50.6766958456652
2672,50.0,50.676826880296105
2673,50.0,50.67672729397662
2674,50.0,50.67696839769747
2675,50.0,50.67673777674709
2676,50.0,50.67660150073095
2677,50.0,50.676564811034304
2678,50.0,50.67712039786932
2679,50.0,50.676784949214216
2680,50.0,50.676611983501424
2681,50.0,50.676522879952415
2682,50.0,50.676522879952415
2683,50.0,50.676559569649065
2684,50.0,50.676611983501424
2685,50.0,50.67664867319808
2686,50.0,50.67667488012426
2687,50.0,50.6766958456652
2688,50.0,50.67676922505851
2689,50.0,50.67671156982091
2690,50.0,50.6766801215095
2691,50.0,50.67666439735379
2692,50.0,50.67668536289473
2693,50.0,50.67667488012426
2694,50.0,50.67751350176202
2695,50.0,50.67694743215653
2696,50.0,50.676575293804774
2697,50.0,50.67643377640341
2698,50.0,50.67644425917388
2699,50.0,50.676501914411475
2700,50.0,50.676575293804774
2701,50.0,50.67663294904237
2702,50.0,50.67671156982091
2703,50.0,50.67670632843568
2704,50.0,50.67694219077129
2705,50.0,50.68139736822189
2706,50.0,50.67858274435016
2707,50.0,50.6766958456652
2708,50.0,50.67687929414846
2709,50.0,50.6757628790932
2710,50.0,50.675301637192426
2711,50.0,50.67921171057848
2712,50.0,50.69937007819611
2713,50.0,50.68335240491491
2714,50.0,50.67299018630336
2715,50.0,50.66908011291731
2716,50.0,50.66922687170391
2717,50.0,50.67109280484792
2718,50.0,50.67472508481647
2719,50.0,50.67686881137799
2720,50.0,50.67633419008392
2721,50.0,50.67600922419929
2722,50.0,50.675946327576455
2723,50.0,50.67695267354177
2724,50.0,50.6787923997596
2725,50.0,50.678954882701916
2726,50.0,50.676271293461085
2727,50.0,50.67569998247036
2728,50.0,50.67611929328925
2729,50.0,50.675291154421956
2730,50.0,50.675181085332
2731,50.0,50.675317361348135
2732,50.0,50.67730384635258
2733,50.0,50.67661722488666
2734,50.0,50.67628177623156
2735,50.0,50.6774086740573
2736,50.0,50.67670108705044
2737,50.0,50.67616122437113
2738,50.0,50.67611929328925
2739,50.0,50.67674825951757
2740,50.0,50.67665915596855
2741,50.0,50.676512397181945
2742,50.0,50.67629225900203
2743,50.0,50.676260810690614
2744,50.0,50.67633943146915
2745,50.0,50.67645474194435
2746,50.0,50.676522879952415
2747,50.0,50.676585776575244
2748,50.0,50.67663294904237
2749,50.0,50.67664343181284
2750,50.0,50.67664867319808
2751,50.0,50.67665391458331
2752,50.0,50.67665915596855
2753,50.0,50.67665915596855
2754,50.0,50.67665391458331
2755,50.0,50.6766801215095
2756,50.0,50.67667488012426
2757,50.0,50.67668536289473
2758,50.0,50.6766958456652
2759,50.0,50.67668536289473
2760,50.0,50.67668536289473
2761,50.0,50.67669060427997
2762,50.0,50.67668536289473
2763,50.0,50.67672729397662
2764,50.0,50.67670632843568
2765,50.0,50.67668536289473
2766,50.0,50.6766958456652
2767,50.0,50.67668536289473
2768,50.0,50.67669060427997
2769,50.0,50.67676922505851
2770,50.0,50.67672205259138
2771,50.0,50.67668536289473
2772,50.0,50.6766801215095
2773,50.0,50.67666963873902
2774,50.0,50.67666963873902
2775,50.0,50.677413915442536
2776,50.0,50.67694219077129
2777,50.0,50.67660674211619
2778,50.0,50.67698412185318
2779,50.0,50.67664343181284
2780,50.0,50.676501914411475
2781,50.0,50.676528121337654
2782,50.0,50.676522879952415
2783,50.0,50.676549086878595
2784,50.0,50.67659101796048
2785,50.0,50.676811156140396
2786,50.0,50.6770732254022
2787,50.0,50.676774466443746
2788,50.0,50.67659625934572
2789,50.0,50.67665391458331
2790,50.0,50.67658053519001
2791,50.0,50.676559569649065
2792,50.0,50.67658053519001
2793,50.0,50.676611983501424
2794,50.0,50.67663819042761
2795,50.0,50.67666963873902
2796,50.0,50.6766958456652
2797,50.0,50.6766958456652
2798,50.0,50.67669060427997
2799,50.0,50.67668536289473
2800,50.0,50.6766958456652
2801,50.0,50.67669060427997
2802,50.0,50.67668536289473
2803,50.0,50.6766801215095
2804,50.0,50.6766801215095
2805,50.0,50.67668536289473
2806,50.0,50.67669060427997
2807,50.0,50.6767535009028
2808,50.0,50.67670632843568
2809,50.0,50.67674825951757
2810,50.0,50.6766958456652
2811,50.0,50.67666963873902
2812,50.0,50.67665915596855
2813,50.0,50.67666439735379
2814,50.0,50.67667488012426
2815,50.0,50.67668536289473
2816,50.0,50.67670108705044
2817,50.0,50.67670108705044
2818,50.0,50.6766958456652
2819,50.0,50.67669060427997
2820,50.0,50.6767535009028
2821,50.0,50.67671681120615
2822,50.0,50.67668536289473
2823,50.0,50.67673253536186
2824,50.0,50.6767535009028
2825,50.0,50.67669060427997
2826,50.0,50.67665915596855
2827,50.0,50.67666963873902
2828,50.0,50.67665915596855
2829,50.0,50.67667488012426
2830,50.0,50.67673777674709
2831,50.0,50.67701032877936
2832,50.0,50.67697363908271
2833,50.0,50.676816397525634
2834,50.0,50.67666439735379
2835,50.0,50.67786991595806
2836,50.0,50.67715708756597
2837,50.0,50.67647046610006
2838,50.0,50.67620315545302
2839,50.0,50.676260810690614
2840,50.0,50.67633419008392
2841,50.0,50.67645474194435
2842,50.0,50.67655432826383
2843,50.0,50.67670632843568
2844,50.0,50.6766958456652
2845,50.0,50.67669060427997
2846,50.0,50.67667488012426
2847,50.0,50.6766801215095
2848,50.0,50.67666439735379
2849,50.0,50.67664867319808
2850,50.0,50.67663819042761
2851,50.0,50.67664867319808
2852,50.0,50.67665391458331
2853,50.0,50.67666439735379
2854,50.0,50.67666963873902
2855,50.0,50.67668536289473
2856,50.0,50.67669060427997
2857,50.0,50.67669060427997
2858,50.0,50.6766958456652
2859,50.0,50.6766958456652
2860,50.0,50.6766958456652
2861,50.0,50.6766958456652
2862,50.0,50.67668536289473
2863,50.0,50.69116731030178
2864,50.0,50.68149695454137
2865,50.0,50.675029085160155
2866,50.0,50.672570875484475
2867,50.0,50.67250273747641
2868,50.0,50.673467152359834
2869,50.0,50.67464646403793
2870,50.0,50.675658051388474
2871,50.0,50.67637087978057
2872,50.0,50.67673777674709
2873,50.0,50.676858328607516
2874,50.0,50.676826880296105
2875,50.0,50.67671156982091
2876,50.0,50.67659101796048
2877,50.0,50.67647570748529
2878,50.0,50.67642329363293
2879,50.0,50.67638660393628
2880,50.0,50.67640232809199
2881,50.0,50.67643377640341
2882,50.0,50.676549086878595
2883,50.0,50.67671156982091
2884,50.0,50.67671681120615
2885,50.0,50.67668536289473
2886,50.0,50.67666963873902
2887,50.0,50.67669060427997
2888,50.0,50.6766801215095
2889,50.0,50.6766801215095
2890,50.0,50.6766801215095
2891,50.0,50.67668536289473
2892,50.0,50.67673777674709
2893,50.0,50.67671156982091
2894,50.0,50.67668536289473
2895,50.0,50.67668536289473
2896,50.0,50.67668536289473
2897,50.0,50.67668536289473
2898,50.0,50.6766801215095
2899,50.0,50.67669060427997
2900,50.0,50.67669060427997
2901,50.0,50.67674825951757
2902,50.0,50.67795901950708
2903,50.0,50.67710467371361
2904,50.0,50.676559569649065
2905,50.0,50.6763603970101
2906,50.0,50.67632370731345
2907,50.0,50.67639708670675
2908,50.0,50.676491431641
2909,50.0,50.67662770765713
2910,50.0,50.6766958456652
2911,50.0,50.67672729397662
2912,50.0,50.67671156982091
2913,50.0,50.677712674400986
2914,50.0,50.67702081154984
2915,50.0,50.676543845493356
2916,50.0,50.67636563839534
2917,50.0,50.67637612116581
2918,50.0,50.67642853501817
2919,50.0,50.67651763856718
2920,50.0,50.676957914927
2921,50.0,50.70095297653738
2922,50.0,50.68467323399438
2923,50.0,50.67382356655588
2924,50.0,50.6696619066785
2925,50.0,50.6696619066785
2926,50.0,50.67125004640501
2927,50.0,50.67323653140945
2928,50.0,50.67492425745544
2929,50.0,50.67608260359259
2930,50.0,50.67672205259138
2931,50.0,50.67694219077129
2932,50.0,50.67694743215653
2933,50.0,50.67675874228804
2934,50.0,50.67651763856718
2935,50.0,50.676575293804774
2936,50.0,50.67629225900203
2937,50.0,50.67612977605972
2938,50.0,50.67611405190401
2939,50.0,50.67617694852684
2940,50.0,50.676287017616794
2941,50.0,50.67665915596855
2942,50.0,50.67667488012426
2943,50.0,50.67673777674709
2944,50.0,50.67670632843568
2945,50.0,50.6766958456652
2946,50.0,50.6766801215095
2947,50.0,50.67697888046795
2948,50.0,50.676774466443746
2949,50.0,50.67664867319808
2950,50.0,50.67660150073095
2951,50.0,50.676863569992754
2952,50.0,50.67672205259138
2953,50.0,50.6766224662719
2954,50.0,50.67664343181284
2955,50.0,50.6766224662719
2956,50.0,50.6766801215095
2957,50.0,50.67669060427997
2958,50.0,50.676900259689404
2959,50.0,50.67673777674709
2960,50.0,50.67663819042761
2961,50.0,50.67659625934572
2962,50.0,50.67660150073095
2963,50.0,50.67662770765713
2964,50.0,50.67664867319808
2965,50.0,50.67666439735379
2966,50.0,50.6766801215095
2967,50.0,50.67668536289473
2968,50.0,50.67669060427997
2969,50.0,50.67669060427997
2970,50.0,50.67668536289473
2971,50.0,50.67669060427997
2972,50.0,50.67669060427997
2973,50.0,50.67668536289473
2974,50.0,50.67670108705044
2975,50.0,50.67669060427997
2976,50.0,50.67669060427997
2977,50.0,50.67669060427997
2978,50.0,50.67668536289473
2979,50.0,50.67669060427997
2980,50.0,50.67669060427997
2981,50.0,50.67669060427997
2982,50.0,50.67668536289473
2983,50.0,50.67668536289473
2984,50.0,50.67669060427997
2985,50.0,50.67669060427997
2986,50.0,50.67669060427997
2987,50.0,50.67669060427997
2988,50.0,50.676900259689404
2989,50.0,50.67675874228804
2990,50.0,50.67666963873902
2991,50.0,50.67664343181284
2992,50.0,50.67663819042761
2993,50.0,50.67665391458331
2994,50.0,50.67665915596855
2995,50.0,50.67668536289473
2996,50.0,50.6766958456652
