,y_actual,y_predict
0,68.8821792602539,150.12741055759898
1,74.62234497070312,149.97128797238884
2,74.62234497070312,151.2522574075433
3,74.62234497070312,151.8995656646839
4,74.62234497070312,154.19991732229096
5,74.62234497070312,153.83581325118894
6,74.62234497070312,156.64460048874275
7,74.62234497070312,161.05620987557654
8,77.49243164062523,157.71649667167526
9,74.62234497070312,158.3581277438991
10,86.10272216796875,160.80739632893733
11,86.10272216796875,163.5770983318721
12,91.8429183959961,162.00233457727677
13,91.8429183959961,163.14683322116366
14,94.71299743652366,164.25803299198105
15,94.71299743652366,166.0127198377836
16,94.71299743652366,166.45401178842667
17,100.45318603515625,167.77057280594363
18,100.45318603515625,171.37460263837215
19,100.45318603515625,171.58334836069525
20,100.45318603515625,173.17285096074738
21,100.45318603515625,175.7504020895774
22,100.45318603515625,177.02340163052168
23,100.45318603515625,176.89588332316134
24,100.45318603515625,177.39940595462235
25,103.3232727050779,177.57004903202323
26,100.45318603515625,178.0282633607835
27,100.45318603515625,179.23390091915826
28,106.19335174560547,178.82830972751094
29,103.3232727050779,180.71248006006817
30,103.3232727050779,184.67308077592065
31,103.3232727050779,182.09105340513725
32,103.3232727050779,182.33724671258415
33,103.3232727050779,181.9551284970346
34,106.19335174560547,181.32736285720352
35,106.19335174560547,181.77367693296515
36,106.19335174560547,181.25694392890955
37,106.19335174560547,181.3746363392986
38,109.06343841552712,181.5272652722524
39,117.67371368408203,182.8933924811579
40,143.5045166015625,184.78586023782418
41,114.80363464355446,187.74498369903836
42,114.80363464355446,189.79925122583177
43,114.80363464355446,190.89200014566995
44,114.80363464355446,191.41277268514727
45,114.80363464355446,191.59160401002418
46,114.80363464355446,191.59760872484003
47,114.80363464355446,191.52784485634402
48,143.5045166015625,191.4334070687869
49,157.85499572753906,195.46508177273154
50,157.85499572753906,202.20772145104934
51,180.81570434570312,207.77125349281482
52,186.55589294433594,216.84918135130442
53,200.9063720703125,226.0243855898093
54,200.9063720703125,234.87653617122555
55,200.9063720703125,243.26708794825822
56,206.64654541015625,250.25624846392202
57,215.25680541992188,256.6616415228593
58,223.8670654296875,262.82750104896354
59,243.95770263671875,269.27263440231786
60,246.82781982421875,278.25808965264446
61,249.69790649414062,284.9462501910882
62,249.69790649414062,292.29711289192755
63,272.6585998535156,297.9808484066416
64,272.6585998535156,305.2721006658553
65,278.39874267578125,311.9861360663235
66,278.39874267578125,318.579312934045
67,287.009033203125,323.9406498514684
68,304.2296447753906,330.8031654728359
69,309.9697265625,336.93758212863213
70,315.7099914550781,343.90851014658233
71,287.009033203125,350.5155524466966
72,292.7492980957031,355.0843761850708
73,292.7492980957031,354.77038418852226
74,292.7492980957031,355.33286220181094
75,298.4893798828125,356.28695679772113
76,298.4893798828125,356.9550086151344
77,292.7492980957031,359.11375817972225
78,287.009033203125,362.4295617009934
79,287.009033203125,361.82450480082935
80,269.7885437011719,360.3837007749421
81,281.2689208984375,362.1594587109166
82,292.7492980957031,358.24198276510447
83,304.2296447753906,354.06914267467255
84,309.9697265625,354.61557172290827
85,315.7099914550781,356.71241813657707
86,321.45013427734375,357.26288672023406
87,327.1903381347656,360.07080054472385
88,332.9305114746094,363.6980849999843
89,332.9305114746094,367.4187154764718
90,315.7099914550781,371.1515737358568
91,315.7099914550781,372.175432200263
92,321.45013427734375,373.62584376985546
93,321.45013427734375,374.9874947368073
94,327.1903381347656,381.90863821010316
95,321.45013427734375,381.33939124556764
96,321.45013427734375,386.44252542591266
97,321.45013427734375,383.3253142000942
98,327.1903381347656,383.1873149359644
99,327.1903381347656,381.8494644750094
100,332.9305114746094,380.33758646103024
101,344.410888671875,381.0294387844406
102,367.3716735839844,382.79799106263613
103,367.3716735839844,387.3529493686174
104,373.1117858886719,393.2634447501016
105,376.47308349609375,399.9385040925838
106,376.47308349609375,406.39783040823
107,376.47308349609375,412.60637799784286
108,389.9185485839844,417.7110406510501
109,443.7004699707031,424.94672200405967
110,470.5914001464844,460.5464926141324
111,403.3640441894531,507.58590000805566
112,403.3640441894531,495.138126194953
113,349.5821838378906,493.1011085761759
114,336.13671875,483.7010004736619
115,228.57293701171875,459.0929149221827
116,302.5230712890625,423.61345696169155
117,349.5821838378906,399.7788878551171
118,349.5821838378906,387.2411524964109
119,363.0276794433594,380.0243587009129
120,376.47308349609375,378.4600759030868
121,383.1958312988281,382.9189587720157
122,383.1958312988281,389.89774750754304
123,389.9185485839844,398.63449838786346
124,389.9185485839844,407.93896775985695
125,396.641357421875,415.7766490673064
126,403.3640441894531,423.7265639534942
127,410.0867614746094,431.221539809912
128,410.0867614746094,438.34564264398114
129,410.0867614746094,444.2305906933402
130,410.0867614746094,449.0408039673084
131,410.0867614746094,452.7092480132153
132,410.0867614746094,455.00774366806104
133,410.0867614746094,456.6409169213191
134,410.0867614746094,457.77024001321683
135,369.7503356933594,458.4853469594593
136,376.47308349609375,448.3613977800617
137,396.641357421875,443.1891547910186
138,403.3640441894531,445.02626999474705
139,403.3640441894531,443.1009400715434
140,403.3640441894531,444.7699232604298
141,403.3640441894531,446.4631436618456
142,379.8344421386719,447.6014192376506
143,403.3640441894531,444.8283327590925
144,403.3640441894531,445.2609997557272
145,403.3640441894531,456.6518345846205
146,403.3640441894531,449.92458881155767
147,403.3640441894531,449.45381917000077
148,403.3640441894531,449.9706613506896
149,396.641357421875,448.99178365908506
150,403.3640441894531,447.3728033681191
151,403.3640441894531,447.81660638132144
152,403.3640441894531,448.85957075650504
153,403.3640441894531,448.51577353914377
154,403.3640441894531,449.0637310602415
155,403.3640441894531,448.26073692442264
156,403.3640441894531,447.23829775624563
157,403.3640441894531,447.1922252171137
158,396.641357421875,448.3460038748067
159,403.3640441894531,446.9926503319639
160,396.641357421875,447.35435251713966
161,389.9185485839844,448.3231859585069
162,403.3640441894531,454.10725479896087
163,403.3640441894531,451.0068567746264
164,396.641357421875,452.25725675253693
165,436.9776916503906,451.9518897099965
166,443.7004699707031,456.61766229848695
167,450.4232177734375,461.86600140074097
168,450.4232177734375,464.74193226759826
169,450.4232177734375,471.70947580992515
170,450.4232177734375,477.3539077367541
171,463.8686828613281,482.2933861442111
172,470.5914001464844,488.2722260979624
173,477.3141174316406,493.55004289113003
174,484.0368957519531,500.6335320177177
175,470.5914001464844,507.16415067472235
176,470.5914001464844,507.0942776295933
177,490.7596130371094,509.2891646597086
178,490.7596130371094,514.6193862367231
179,490.7596130371094,518.9761889537838
180,490.7596130371094,522.9254352998028
181,490.7596130371094,525.9940629239302
182,490.7596130371094,528.3270583948085
183,497.4823913574219,530.4284902270638
184,490.7596130371094,534.4507757405693
185,504.20501708984375,538.2777442576125
186,504.20501708984375,539.5826233753971
187,504.20501708984375,542.8232041965216
188,484.0368957519531,542.6952491826291
189,484.0368957519531,541.1709250324864
190,470.5914001464844,536.7914135757587
191,470.5914001464844,536.2033882303447
192,497.4823913574219,527.5320341531999
193,645.3825073242188,529.4366205161307
194,645.3825073242188,553.1789353678082
195,658.8279418945312,568.415298741357
196,793.28271484375,597.2219900686594
197,806.7280883789062,645.6431369300092
198,887.4009399414062,686.9974986896223
199,954.6282348632812,738.1796134232654
200,947.9055786132812,790.9592006511712
201,968.0737915039064,839.4791523653985
202,968.0737915039064,886.000298282404
203,934.4600830078123,915.3516718318137
204,934.4600830078123,935.1120965242008
205,934.4600830078123,943.531034225817
206,934.4600830078123,946.9979382071799
207,934.4600830078123,947.3914107925627
208,934.4600830078123,946.4831703825184
209,934.4600830078123,945.4571283854518
210,934.4600830078123,944.8538183114159
211,934.4600830078123,944.823358030805
212,934.4600830078123,945.2704363429978
213,934.4600830078123,946.1228874935719
214,934.4600830078123,947.2300477289679
215,947.9055786132812,948.3785859082761
216,954.6282348632812,952.1472541032899
217,954.6282348632812,956.887048448964
218,954.6282348632812,961.1127300297749
219,954.6282348632812,964.6701414399063
220,988.2420043945312,967.4069812763038
221,1021.855712890625,974.2167645839253
222,1021.855712890625,986.2816559450474
223,1028.578369140625,999.7306886595225
224,1028.578369140625,1012.2341425554623
225,1035.3011474609375,1021.957413491698
226,1035.3011474609375,1031.7073235263892
227,1055.46923828125,1038.0314891703642
228,1055.46923828125,1046.655460588781
229,1055.46923828125,1053.3951524980073
230,1055.46923828125,1059.006831434932
231,1055.46923828125,1062.7849434087016
232,1055.46923828125,1065.2557197904437
233,1055.46923828125,1066.8333767258139
234,941.1828002929686,1067.8219165494402
235,1015.1329345703123,1027.0842390014072
236,1015.1329345703123,1014.183600514562
237,1015.1329345703123,1011.4155361611225
238,1028.578369140625,1013.0967471329067
239,1028.578369140625,1017.1934911101278
240,1028.578369140625,1022.212777636318
241,1028.578369140625,1026.9256053536378
242,1028.578369140625,1031.0902571965935
243,1035.3011474609375,1034.23781952639
244,1035.3011474609375,1037.8462164241391
245,1035.3011474609375,1041.0174700832997
246,1035.3011474609375,1043.767411115659
247,1035.3011474609375,1045.7877247095848
248,1035.3011474609375,1047.283007875346
249,1035.3011474609375,1048.3382000334273
250,1035.3011474609375,1049.08627832284
251,1035.3011474609375,1049.6103261613075
252,1035.3011474609375,1049.9725742296482
253,1035.3011474609375,1050.2189858903612
254,1035.3011474609375,1050.3838426062125
255,1035.3011474609375,1050.1974780936573
256,1035.3011474609375,1050.2277200210024
257,1035.3011474609375,1050.2692071415477
258,1035.3011474609375,1050.6865894095604
259,1035.3011474609375,1050.6861527030285
260,1035.3011474609375,1050.7646507021655
261,1035.3011474609375,1050.7112633286217
262,1035.3011474609375,1050.6024142255067
263,1035.3011474609375,1050.480791456329
264,974.7964477539064,1050.3837334295795
265,1035.3011474609375,1041.4670594580518
266,1035.3011474609375,1039.874609088908
267,1035.3011474609375,1041.081665943512
268,1035.3011474609375,1043.0428058023444
269,1035.3011474609375,1044.5178912909978
270,1035.3011474609375,1045.642083081144
271,1035.3011474609375,1046.524776159063
272,1035.3011474609375,1047.2409748716354
273,1035.3011474609375,1047.8375159944244
274,1035.3011474609375,1048.3422395688488
275,1035.3011474609375,1048.7715220898601
276,1035.3011474609375,1049.1348619245312
277,1035.3011474609375,1049.4385913175763
278,1035.3011474609375,1049.6900251034078
279,1035.3011474609375,1049.8880715156954
280,1035.3011474609375,1050.0449583373365
281,1035.3011474609375,1050.1663627532484
282,1035.3011474609375,1050.257525241815
283,1035.3011474609375,1050.3233587515226
284,1035.3011474609375,1050.3691037607555
285,1035.3011474609375,1050.3407178361717
286,1035.3011474609375,1050.364955048701
287,1035.3011474609375,1050.364955048701
288,1035.3011474609375,1050.364955048701
289,1035.3011474609375,1050.364955048701
290,1035.3011474609375,1050.364955048701
291,1035.3011474609375,1050.364955048701
292,1035.3011474609375,1050.364955048701
293,1035.3011474609375,1050.365064225334
294,1035.3011474609375,1050.365064225334
295,1035.3011474609375,1050.365064225334
296,1035.3011474609375,1050.365064225334
297,1035.3011474609375,1050.365173401967
298,1035.3011474609375,1050.365173401967
299,1035.3011474609375,1050.365173401967
300,1035.3011474609375,1050.365064225334
301,1035.3011474609375,1051.008332947053
302,1035.3011474609375,1050.9640072340494
303,1035.3011474609375,1051.0735113969624
304,1035.3011474609375,1050.969029359168
305,1035.3011474609375,1050.7756775420999
306,1035.3011474609375,1050.5710805318317
307,1035.3011474609375,1050.395633682578
308,1035.3011474609375,1050.2658226659241
309,1062.1917724609375,1050.1832851313657
310,1062.1917724609375,1047.694494605176
311,1062.1917724609375,1050.0576228267664
312,1062.1917724609375,1055.79965866351
313,1062.1917724609375,1061.2013909351485
314,1062.1917724609375,1065.470633992532
315,1062.1917724609375,1068.725899070797
316,1062.1917724609375,1071.1361370095326
317,1062.1917724609375,1072.8739560655345
318,1062.1917724609375,1074.0955334123294
319,1062.1917724609375,1074.932426892699
320,1062.1917724609375,1075.490210310768
321,1062.1917724609375,1075.8526767323747
322,1062.1917724609375,1076.0708662334534
323,1062.1917724609375,1076.2002951318918
324,1064.20849609375,1076.272351709681
325,1064.20849609375,1076.6502120365428
326,1064.20849609375,1077.023814474717
327,1064.20849609375,1077.3537462596855
328,1064.20849609375,1077.6241767796614
329,1064.20849609375,1077.832867913668
330,1064.20849609375,1077.9554186842265
331,1064.20849609375,1078.0821181668393
332,1064.20849609375,1078.1604524010268
333,1064.20849609375,1078.2099094157822
334,1064.20849609375,1078.2380223987834
335,1064.20849609375,1078.2518878311762
336,1064.20849609375,1078.2559819549142
337,1064.20849609375,1078.2546172470015
338,1064.20849609375,1078.250250181681
339,1064.20849609375,1078.2446275850807
340,1064.20849609375,1078.2387866352144
341,1064.20849609375,1078.2336553334628
342,1064.20849609375,1078.2291790915092
343,1064.20849609375,1078.2255216743033
344,1064.20849609375,1078.222792258478
345,1064.20849609375,1078.222792258478
346,1064.20849609375,1078.222792258478
347,1064.20849609375,1078.222792258478
348,1064.20849609375,1078.222792258478
349,1064.20849609375,1078.222792258478
350,1064.20849609375,1078.222792258478
351,1064.20849609375,1078.222792258478
352,1066.2291259765625,1078.222792258478
353,1066.2291259765625,1078.5654977095091
354,1066.2291259765625,1078.9257805984557
355,1066.2291259765625,1079.2550027353097
356,1066.2291259765625,1079.5317655000003
357,1066.2291259765625,1079.750391707611
358,1066.2291259765625,1079.9140474804994
359,1066.2291259765625,1080.0308118895077
360,1066.2291259765625,1080.1092553003286
361,1066.2291259765625,1080.1586031384509
362,1066.2291259765625,1080.1869890630346
363,1066.2291259765625,1080.2006361421613
364,1066.2291259765625,1080.2048394425324
365,1066.2291259765625,1080.2035839112527
366,1066.2291259765625,1080.1990530809826
367,1066.2291259765625,1080.1934304843824
368,1066.2291259765625,1080.187589534516
369,1066.2291259765625,1080.182294467815
370,1066.2291259765625,1080.1779274024943
371,1066.2291259765625,1080.174215396972
372,1066.2291259765625,1080.1714859811466
373,1066.2291259765625,1080.171540569463
374,1066.2291259765625,1080.171540569463
375,1066.2291259765625,1080.1717589227292
376,1066.2291259765625,1080.1716497460961
377,1066.2291259765625,1080.1716497460961
378,1066.2291259765625,1080.1717589227292
379,1066.2291259765625,1080.1716497460961
380,1066.2291259765625,1080.1717043344124
381,1066.2291259765625,1080.1717589227292
382,1066.2291259765625,1080.1717589227292
383,1066.2291259765625,1080.1716497460961
384,1066.2291259765625,1080.1716497460961
385,1066.2291259765625,1080.1714859811466
386,1066.2291259765625,1080.17143139283
387,1066.2291259765625,1080.1713768045136
388,1066.2291259765625,1080.171213039564
389,1066.2291259765625,1080.171322216197
390,1066.2291259765625,1080.1713768045136
391,1066.2291259765625,1080.1713768045136
392,1066.2291259765625,1080.1713768045136
393,1066.2291259765625,1080.1713768045136
394,1066.2291259765625,1080.1714859811466
395,1066.2291259765625,1080.1714859811466
396,1066.2291259765625,1080.17143139283
397,1066.2291259765625,1080.17143139283
398,1066.2291259765625,1080.1714859811466
399,1066.2291259765625,1080.1714859811466
400,1066.2291259765625,1080.1714859811466
401,1066.2291259765625,1080.1714859811466
402,1066.2291259765625,1080.1714859811466
403,1066.2291259765625,1080.1714859811466
404,1066.2291259765625,1080.1714859811466
405,1066.2291259765625,1080.1714859811466
406,1066.2291259765625,1080.1714859811466
407,1066.2291259765625,1080.1714859811466
408,1066.2291259765625,1080.1714859811466
409,1066.2291259765625,1080.1714859811466
410,1066.2291259765625,1080.1714859811466
411,1066.2291259765625,1080.1714859811466
412,1066.2291259765625,1080.1714859811466
413,1066.2291259765625,1080.1714859811466
414,1066.2291259765625,1080.1714859811466
415,1066.2291259765625,1080.1714859811466
416,1066.2291259765625,1080.1714859811466
417,1099.970703125,1080.1714859811466
418,1106.718994140625,1085.1832393196587
419,1106.718994140625,1092.7844986283162
420,1126.9637451171875,1099.9911935852604
421,1126.9637451171875,1109.6221010899662
422,1126.9637451171875,1117.8152615145093
423,1126.9637451171875,1124.6479719150639
424,1126.9637451171875,1129.6467332342474
425,1126.9637451171875,1133.1645681149112
426,1126.9637451171875,1135.5465293056964
427,1106.718994140625,1137.092470429176
428,1126.9637451171875,1134.8616096984824
429,1126.9637451171875,1135.2599406440345
430,1126.9637451171875,1135.9248809274068
431,1126.9637451171875,1136.5296648859885
432,1126.9637451171875,1137.0490181292364
433,1126.9637451171875,1137.4777547670828
434,1126.9637451171875,1137.8208423363296
435,1126.9637451171875,1138.0882159105813
436,1126.9637451171875,1138.2909023297718
437,1126.9637451171875,1138.440037610469
438,1126.9637451171875,1138.5825131165525
439,1126.9637451171875,1138.6772238456922
440,1126.9637451171875,1138.737489347116
441,1126.9637451171875,1138.7992287330853
442,1126.9637451171875,1138.827396304403
443,1126.9637451171875,1138.8436636227223
444,1126.9637451171875,1138.8519064585148
445,1126.9637451171875,1138.8549634042392
446,1126.9637451171875,1138.8548542276062
447,1126.9637451171875,1138.853216578111
448,1126.9637451171875,1138.83072619171
449,1126.9637451171875,1138.8306716033935
450,1126.9637451171875,1138.8306716033935
451,1126.9637451171875,1138.8306716033935
452,1126.9637451171875,1138.83072619171
453,1126.9637451171875,1138.83072619171
454,1126.9637451171875,1138.83072619171
455,1126.9637451171875,1138.83072619171
456,1126.9637451171875,1138.83072619171
457,1126.9637451171875,1138.83072619171
458,1126.9637451171875,1138.83072619171
459,1126.9637451171875,1138.83072619171
460,1126.9637451171875,1138.83072619171
461,1126.9637451171875,1138.83072619171
462,1126.9637451171875,1138.83072619171
463,1126.9637451171875,1138.83072619171
464,1126.9637451171875,1138.83072619171
465,1126.9637451171875,1138.83072619171
466,1126.9637451171875,1138.83072619171
467,1126.9637451171875,1138.83072619171
468,1126.9637451171875,1138.83072619171
469,1126.9637451171875,1138.83072619171
470,1126.9637451171875,1138.83072619171
471,1126.9637451171875,1138.83072619171
472,1126.9637451171875,1138.83072619171
473,1126.9637451171875,1138.83072619171
474,1126.9637451171875,1138.83072619171
475,1126.9637451171875,1138.83072619171
476,1126.9637451171875,1138.83072619171
477,1126.9637451171875,1138.83072619171
478,1126.9637451171875,1138.83072619171
479,1126.9637451171875,1138.83072619171
480,1126.9637451171875,1138.83072619171
481,1126.9637451171875,1138.83072619171
482,1126.9637451171875,1138.830507838444
483,1126.9637451171875,1138.830617015077
484,1126.9637451171875,1138.830507838444
485,1126.9637451171875,1138.830617015077
486,1126.9637451171875,1138.8306716033935
487,1126.9637451171875,1138.830617015077
488,1126.9637451171875,1138.83072619171
489,1126.9637451171875,1138.8306716033935
490,1126.9637451171875,1138.83072619171
491,1126.9637451171875,1138.83072619171
492,1126.9637451171875,1138.83072619171
493,1126.9637451171875,1138.83072619171
494,1126.9637451171875,1138.83072619171
495,1126.9637451171875,1138.8306716033935
496,1126.9637451171875,1138.830617015077
497,1126.9637451171875,1138.8305624267605
498,1126.9637451171875,1138.8304532501274
499,1126.9637451171875,1138.8303440734944
500,1126.9637451171875,1138.8302894851781
501,1126.9637451171875,1138.830507838444
502,1126.9637451171875,1138.8304532501274
503,1126.9637451171875,1138.8305624267605
504,1126.9637451171875,1138.8306716033935
505,1126.9637451171875,1138.8306716033935
506,1126.9637451171875,1138.83072619171
507,1126.9637451171875,1138.830835368343
508,1126.9637451171875,1138.8308899566596
509,1126.9637451171875,1138.830835368343
510,1126.9637451171875,1138.8308899566596
511,1126.9637451171875,1138.83072619171
512,1126.9637451171875,1138.8306716033935
513,1126.9637451171875,1138.83072619171
514,1126.9637451171875,1138.830617015077
515,1126.9637451171875,1138.83072619171
516,1126.9637451171875,1138.83072619171
517,1126.9637451171875,1138.8306716033935
518,1126.9637451171875,1138.8306716033935
519,1126.9637451171875,1138.8306716033935
520,1126.9637451171875,1138.830507838444
521,1126.9637451171875,1138.8305624267605
522,1126.9637451171875,1138.8305624267605
523,1126.9637451171875,1138.830507838444
524,1126.9637451171875,1138.8305624267605
525,1126.9637451171875,1138.8306716033935
526,1126.9637451171875,1138.8306716033935
527,1126.9637451171875,1138.8306716033935
528,1126.9637451171875,1138.830617015077
529,1126.9637451171875,1138.830507838444
530,1126.9637451171875,1138.8304532501274
531,1126.9637451171875,1138.8303440734944
532,1126.9637451171875,1138.8303440734944
533,1126.9637451171875,1138.8303986618112
534,1126.9637451171875,1138.8303440734944
535,1126.9637451171875,1138.8304532501274
536,1126.9637451171875,1138.8303440734944
537,1126.9637451171875,1138.8303440734944
538,1126.9637451171875,1138.8303440734944
539,1126.9637451171875,1138.8305624267605
540,1126.9637451171875,1138.830617015077
541,1126.9637451171875,1138.8306716033935
542,1126.9637451171875,1138.8305624267605
543,1126.9637451171875,1138.830507838444
544,1126.9637451171875,1138.8305624267605
545,1126.9637451171875,1138.8305624267605
546,1126.9637451171875,1138.8305624267605
547,1126.9637451171875,1138.83072619171
548,1126.9637451171875,1138.830617015077
549,1126.9637451171875,1138.830835368343
550,1126.9637451171875,1138.8305624267605
551,1126.9637451171875,1138.8307807800265
552,1126.9637451171875,1138.83072619171
553,1126.9637451171875,1138.83072619171
554,1126.9637451171875,1138.83072619171
555,1126.9637451171875,1138.8307807800265
556,1126.9637451171875,1138.8306716033935
557,1127.3680419921875,1138.830617015077
558,1127.3680419921875,1138.9001625303072
559,1127.3680419921875,1138.9728741678944
560,1127.3680419921875,1139.0391989724503
561,1127.3680419921875,1139.0949336436042
562,1127.3680419921875,1139.1387680617595
563,1127.3680419921875,1139.1715756399801
564,1127.3680419921875,1139.1948848511286
565,1127.3680419921875,1139.210442521333
566,1127.3680419921875,1139.2200500650383
567,1127.3680419921875,1139.225618073322
568,1127.3680419921875,1139.2281291358813
569,1127.3680419921875,1139.2288933723125
570,1127.3680419921875,1139.228402077464
571,1127.3680419921875,1139.2274194877668
572,1127.3680419921875,1139.2262185448035
573,1127.3680419921875,1139.2249630135238
574,1127.3680419921875,1139.223871247194
575,1127.3680419921875,1139.2229978341297
576,1127.3680419921875,1139.2222335976985
577,1127.3680419921875,1139.22174230285
578,1127.3680419921875,1139.2216877145336
579,1127.3680419921875,1139.2216877145336
580,1127.3680419921875,1139.22174230285
581,1127.3680419921875,1139.2217968911666
582,1127.3680419921875,1139.22174230285
583,1127.3680419921875,1139.22174230285
584,1127.3680419921875,1139.22174230285
585,1127.3680419921875,1139.22174230285
586,1127.3680419921875,1139.22174230285
587,1127.3680419921875,1139.22174230285
588,1127.3680419921875,1139.22174230285
589,1127.3680419921875,1139.22174230285
590,1127.3680419921875,1139.22174230285
591,1127.3680419921875,1139.22174230285
592,1127.3680419921875,1139.22174230285
593,1127.3680419921875,1139.22174230285
594,1127.3680419921875,1139.22174230285
595,1127.3680419921875,1139.22174230285
596,1127.3680419921875,1139.22174230285
597,1127.3680419921875,1139.22174230285
598,1127.3680419921875,1139.22174230285
599,1127.3680419921875,1139.22174230285
600,1127.3680419921875,1139.22174230285
601,1127.3680419921875,1139.22174230285
602,1127.3680419921875,1139.22174230285
603,1127.3680419921875,1139.22174230285
604,1127.3680419921875,1139.22174230285
605,1127.3680419921875,1139.22174230285
606,1127.3680419921875,1139.22174230285
607,1127.3680419921875,1139.22174230285
608,1127.3680419921875,1139.22174230285
609,1127.3680419921875,1139.22174230285
610,1127.3680419921875,1139.22174230285
611,1127.3680419921875,1139.22174230285
612,1127.3680419921875,1139.22174230285
613,1127.3680419921875,1139.22174230285
614,1127.3680419921875,1139.22174230285
615,1127.3680419921875,1139.22174230285
616,1127.3680419921875,1139.22174230285
617,1127.3680419921875,1139.22174230285
618,1127.3680419921875,1139.22174230285
619,1127.3680419921875,1139.22174230285
620,1127.3680419921875,1139.22174230285
621,1127.3680419921875,1139.22174230285
622,1127.3680419921875,1139.22174230285
623,1127.3680419921875,1139.22174230285
624,1127.3680419921875,1139.22174230285
625,1127.3680419921875,1139.22174230285
626,1127.3680419921875,1139.22174230285
627,1127.3680419921875,1139.22174230285
628,1127.3680419921875,1139.22174230285
629,1127.3680419921875,1139.22174230285
630,1127.3680419921875,1139.22174230285
631,1127.3680419921875,1139.22174230285
632,1127.3680419921875,1139.22174230285
633,1127.3680419921875,1139.22174230285
634,1127.3680419921875,1139.22174230285
635,1127.3680419921875,1139.8092763534155
636,1127.3680419921875,1140.423613267386
637,1127.3680419921875,1141.1475089325859
638,1127.3680419921875,1141.1847927527601
639,1127.3680419921875,1140.994224939834
640,1127.3680419921875,1140.4824594725803
641,1127.3680419921875,1139.898255309322
642,1127.3680419921875,1139.3786837128077
643,1127.3680419921875,1138.9832459480308
644,1127.3680419921875,1138.7241152095717
645,1127.3680419921875,1138.587207711772
646,1127.3680419921875,1138.5470852991393
647,1127.3680419921875,1138.5753074587735
648,1127.3680419921875,1138.6462722702327
649,1127.3680419921875,1138.7389086433452
650,1127.3680419921875,1138.8376589079064
651,1127.3680419921875,1138.9319875188307
652,1127.3680419921875,1139.0156168197195
653,1127.3680419921875,1139.0854352765318
654,1127.3680419921875,1139.1408424177866
655,1127.3680419921875,1139.1846222476252
656,1127.3680419921875,1139.2099512264845
657,1127.3680419921875,1139.2217968911666
658,1127.3680419921875,1139.22174230285
659,1127.3680419921875,1139.22174230285
660,1127.3680419921875,1139.2217968911666
661,1127.3680419921875,1139.2218514794831
662,1127.3680419921875,1139.22174230285
663,1127.3680419921875,1139.809112588466
664,1080.113037109375,1139.8391907508612
665,1080.113037109375,1131.8584880541634
666,1080.113037109375,1123.2796065851817
667,1080.113037109375,1115.3648465748242
668,1080.113037109375,1108.676194741532
669,1080.113037109375,1103.3832023963755
670,1080.113037109375,1099.4236934468531
671,1080.113037109375,1096.6189457447208
672,1080.113037109375,1094.7479311964416
673,1080.113037109375,1093.590003826694
674,1080.113037109375,1092.9486456960526
675,1080.113037109375,1092.6612927979595
676,1080.113037109375,1092.6010818848524
677,1080.113037109375,1092.6741756406554
678,1080.113037109375,1092.8145767907115
679,1080.113037109375,1092.9785600934986
680,1080.113037109375,1093.139650215511
681,1080.113037109375,1093.2832174879245
682,1080.113037109375,1093.4029296660244
683,1080.113037109375,1093.5001514577234
684,1080.113037109375,1093.566094144064
685,1080.113037109375,1093.5663670856466
686,1080.113037109375,1093.578594868544
687,1080.113037109375,1093.5784311035945
688,1080.113037109375,1093.5806692245715
689,1080.113037109375,1093.5908772397584
690,1080.113037109375,1093.5990654872344
691,1080.113037109375,1093.609491855687
692,1080.113037109375,1093.6181168096953
693,1080.113037109375,1093.6239577595616
694,1080.113037109375,1093.6264142338043
695,1080.113037109375,1093.6263596454878
696,1080.113037109375,1093.6242852894607
697,1080.113037109375,1093.6208462255206
698,1080.113037109375,1093.6169704550484
699,1080.113037109375,1093.6130400962602
700,1080.113037109375,1093.609273502421
701,1080.113037109375,1093.6059982034308
702,1080.113037109375,1093.6034325525548
703,1080.113037109375,1093.6012490198946
704,1080.113037109375,1093.5997751353489
705,1080.113037109375,1093.5985741923857
706,1080.113037109375,1093.5980283092206
707,1080.113037109375,1093.5975916026887
708,1080.113037109375,1093.5973186611059
709,1080.113037109375,1093.5973186611059
710,1080.113037109375,1093.5973186611059
711,1080.113037109375,1093.5973186611059
712,1080.113037109375,1093.5973186611059
713,1080.113037109375,1093.5973186611059
714,1080.113037109375,1093.5973186611059
715,1080.113037109375,1093.5973186611059
716,1080.113037109375,1093.5973186611059
717,1080.113037109375,1093.5973186611059
718,1080.113037109375,1093.5973186611059
719,1080.113037109375,1093.5973186611059
720,1080.113037109375,1093.5973186611059
721,1080.113037109375,1093.5973186611059
722,1080.113037109375,1093.5973186611059
723,1080.113037109375,1093.5973186611059
724,1080.113037109375,1093.5973186611059
725,1080.113037109375,1093.5973186611059
726,1066.611572265625,1093.5973186611059
727,1066.611572265625,1091.301716187035
728,1066.611572265625,1088.8911507184002
729,1066.611572265625,1086.6905319150515
730,1066.611572265625,1084.841352693375
731,1066.611572265625,1083.380951461862
732,1066.611572265625,1082.2871107756937
733,1066.611572265625,1081.5085722056701
734,1066.611572265625,1080.9847427204686
735,1066.611572265625,1080.6549747004497
736,1066.611572265625,1080.4664812435508
737,1066.611572265625,1080.375209578351
738,1066.611572265625,1080.3470965953497
739,1066.611572265625,1080.3568679040045
740,1066.611572265625,1080.386727713134
741,1066.611572265625,1080.4246120047897
742,1066.611572265625,1080.4630967679273
743,1066.611572265625,1080.4984699970237
744,1066.611572265625,1080.5283843944696
745,1066.611572265625,1080.5525124303658
746,1066.611572265625,1080.5712362229278
747,1066.611572265625,1080.5712362229278
748,1066.611572265625,1080.5712362229278
749,1066.611572265625,1080.5712362229278
750,1066.611572265625,1080.5712362229278
751,1066.611572265625,1080.558790086764
752,1066.611572265625,1080.55900844003
753,1066.611572265625,1080.5568794956862
754,1066.611572265625,1080.5588446750805
755,1066.611572265625,1080.5628296221857
756,1066.611572265625,1080.56697833424
757,1066.611572265625,1080.570308221547
758,1066.611572265625,1080.5731468140054
759,1066.611572265625,1080.5747298751842
760,1066.611572265625,1080.5757124648812
761,1066.611572265625,1080.5758216415143
762,1066.611572265625,1080.5754941116152
763,1066.611572265625,1080.5750028167668
764,1066.611572265625,1080.574402345285
765,1066.611572265625,1080.5736926971704
766,1066.611572265625,1080.5730376373724
767,1066.611572265625,1080.5723825775744
768,1066.611572265625,1080.5720004593588
769,1066.611572265625,1080.5716183411432
770,1066.611572265625,1080.5713999878772
771,1066.611572265625,1080.5712362229278
772,1066.611572265625,1080.5712362229278
773,1066.611572265625,1080.5712362229278
774,1066.611572265625,1080.5712362229278
775,1066.611572265625,1080.5712362229278
776,1066.611572265625,1080.5712362229278
777,1066.611572265625,1080.5712362229278
778,1066.611572265625,1080.5712362229278
779,1066.611572265625,1080.5712362229278
780,1066.611572265625,1080.5712362229278
781,1066.611572265625,1080.5712362229278
782,1066.611572265625,1080.5712362229278
783,1066.611572265625,1080.5712362229278
784,1066.611572265625,1080.5712362229278
785,1066.611572265625,1080.5712362229278
786,1066.611572265625,1080.5712362229278
787,1066.611572265625,1080.5712362229278
788,1066.611572265625,1080.5712362229278
789,1066.611572265625,1080.5712362229278
790,1066.611572265625,1080.5712362229278
791,1066.611572265625,1080.5712362229278
792,1066.611572265625,1080.5712362229278
793,1066.611572265625,1080.5712362229278
794,1066.611572265625,1080.558790086764
795,1066.611572265625,1080.55900844003
796,1066.611572265625,1080.5568794956862
797,1066.611572265625,1080.5588446750805
798,1066.611572265625,1080.5628296221857
799,1066.611572265625,1080.56697833424
800,1066.611572265625,1080.570308221547
801,1066.611572265625,1080.5731468140054
802,1066.611572265625,1080.5747298751842
803,1066.611572265625,1080.5757124648812
804,1066.611572265625,1080.5758216415143
805,1066.611572265625,1080.5754941116152
806,1066.611572265625,1080.5750028167668
807,1066.611572265625,1080.574402345285
808,1066.611572265625,1080.5736926971704
809,1066.611572265625,1080.5730376373724
810,1066.611572265625,1080.5723825775744
811,1066.611572265625,1080.5720004593588
812,1066.611572265625,1080.5716183411432
813,1066.611572265625,1080.5713999878772
814,1066.611572265625,1080.5712362229278
815,1066.611572265625,1080.5712362229278
816,1066.611572265625,1080.5712362229278
817,1066.611572265625,1080.5712362229278
818,1012.6060791015623,1080.5712362229278
819,1012.6060791015623,1071.4334795695465
820,1012.6060791015623,1061.8447688335007
821,1012.6060791015623,1053.0891303956687
822,1012.6060791015623,1045.726367441831
823,1012.6060791015623,1039.904086779822
824,1012.6060791015623,1035.5352746331296
825,1012.6060791015623,1032.41839093721
826,1012.6060791015623,1030.312046156469
827,1012.6060791015623,1028.978890290734
828,1012.6060791015623,1028.2087583214525
829,1012.6060791015623,1027.828059402132
830,1012.6060791015623,1027.701414507836
831,1012.6060791015623,1027.7280536062913
832,1012.6060791015623,1027.8371210626724
833,1012.6060791015623,1027.980797511719
834,1012.6060791015623,1028.1292777326182
835,1012.6060791015623,1028.2529748578231
836,1012.6060791015623,1028.3711039747445
837,1012.6060791015623,1028.4636857595403
838,1012.6060791015623,1028.539781872751
839,1012.6060791015623,1028.5437122315398
840,1012.6060791015623,1028.5477517669613
841,1012.6060791015623,1028.5512454192176
842,1012.6060791015623,1028.55386565841
843,1012.6060791015623,1028.5555033079054
844,1012.6060791015623,1028.5563767209692
845,1012.6060791015623,1028.5564858976022
846,1012.6060791015623,1028.5563767209692
847,1012.6060791015623,1028.5557216611712
848,1012.6060791015623,1028.5550666013733
849,1012.6060791015623,1028.554520718208
850,1012.6060791015623,1028.5537564817769
851,1012.6060791015623,1028.553210598612
852,1012.6060791015623,1028.55277389208
853,1012.6060791015623,1028.552446362181
854,1012.6060791015623,1028.5521188322818
855,1012.6060791015623,1028.5519004790158
856,1012.6060791015623,1028.7088964772902
857,1012.6060791015623,1028.8511536301075
858,1012.6060791015623,1029.019722351481
859,1012.6060791015623,1029.163617153794
860,1012.6060791015623,1029.2612210637085
861,1012.6060791015623,1029.3100230186656
862,1012.6060791015623,1029.3167919699126
863,1012.6060791015623,1029.2927731106495
864,1012.6060791015623,1029.2489932808107
865,1012.6060791015623,1029.1952783773677
866,1012.6060791015623,1029.1393799412647
867,1012.6060791015623,1029.0866476275187
868,1012.6060791015623,1029.0401383818548
869,1012.6060791015623,1029.0013806771349
870,1012.6060791015623,1028.970702043258
871,1012.6060791015623,1028.947993303591
872,931.5975341796877,1028.931725985272
873,931.5975341796877,1015.391639958863
874,931.5975341796877,1001.1572997231177
875,931.5975341796877,988.1391871791493
876,931.5975341796877,977.1720668629839
877,931.5975341796877,968.4772398097409
878,931.5975341796877,961.9314456007476
879,931.5975341796877,957.2407807399297
880,931.5975341796877,954.0510762297898
881,931.5975341796877,952.0131851979486
882,931.5975341796877,950.8172643599121
883,931.5975341796877,950.2070761579963
884,931.5975341796877,949.9814080575562
885,931.5975341796877,949.9911247778945
886,931.5975341796877,950.1296699251893
887,931.5975341796877,950.3254236281837
888,702.073486328125,950.5337326439745
889,573.8099975585938,914.0354383441957
890,553.5580444335938,854.1834980062697
891,546.8071899414062,795.7994374992181
892,540.0565185546875,744.1956826088744
893,607.5636596679688,699.2194952256516
894,607.5636596679688,667.6663565182464
895,580.560791015625,651.1456392339198
896,607.5636596679688,636.8992895685428
897,540.0565185546875,630.2466114358288
898,546.8071899414062,619.5706651999119
899,452.29736328125,609.5800206894246
900,452.29736328125,588.1534514006091
901,492.8015441894531,567.2538777193529
902,546.8071899414062,554.850975502419
903,540.0565185546875,555.0548082762564
904,607.5636596679688,556.5991117502408
905,607.5636596679688,571.2494149577701
906,756.0792236328125,586.8030456268577
907,897.8440551757812,607.8550298878017
908,884.3426513671875,690.5800207253469
909,749.3284301757812,730.3490285969622
910,675.0706787109375,760.5330923263705
911,675.0706787109375,764.997215673684
912,675.0706787109375,758.733970590931
913,607.5636596679688,747.1313330939906
914,607.5636596679688,724.0499735785806
915,607.5636596679688,701.5959429964696
916,607.5636596679688,682.2962436954019
917,607.5636596679688,667.066103389935
918,607.5636596679688,655.4925068773762
919,607.5636596679688,647.5951059516683
920,607.5636596679688,642.4305053269363
921,607.5636596679688,639.4659230340712
922,607.5636596679688,638.1292735160798
923,607.5636596679688,637.9754436401629
924,607.5636596679688,638.4922858208515
925,607.5636596679688,639.36952006712
926,607.5636596679688,640.3523281175128
927,607.5636596679688,641.4267353630046
928,607.5636596679688,642.722116113717
929,607.5636596679688,643.2624312705036
930,607.5636596679688,643.5331893203786
931,607.5636596679688,643.690294495286
932,607.5636596679688,643.8172669194814
933,607.5636596679688,643.7410616296374
934,607.5636596679688,643.6479339616765
935,607.5636596679688,643.5301323746542
936,607.5636596679688,643.4237943340986
937,607.5636596679688,643.3456238648605
938,614.3143310546875,643.2982412061324
939,614.3143310546875,643.8918345598299
940,614.3143310546875,645.1660350437376
941,614.3143310546875,646.4206929103357
942,614.3143310546875,647.5202107814205
943,614.3143310546875,648.4114196367148
944,614.3143310546875,649.0894065277323
945,607.5636596679688,649.5758976044431
946,607.5636596679688,648.7115462008705
947,607.5636596679688,647.708431296737
948,607.5636596679688,646.8243189225886
949,607.5636596679688,645.9826762586829
950,607.5636596679688,645.3204108028194
951,607.5636596679688,644.8188533507528
952,607.5636596679688,644.4516923339263
953,607.5636596679688,644.0441359628846
954,607.5636596679688,643.7825487501827
955,607.5636596679688,643.5664881934479
956,607.5636596679688,643.4089463120085
957,614.3143310546875,643.3093772226998
958,614.3143310546875,644.7773662302072
959,614.3143310546875,646.5534516960806
960,614.3143310546875,648.406615864862
961,607.5636596679688,650.0140234327287
962,614.3143310546875,649.1341689472681
963,607.5636596679688,649.7090930967204
964,614.3143310546875,648.7783623002751
965,614.3143310546875,648.7459368402699
966,614.3143310546875,648.8603539516687
967,614.3143310546875,649.0513038828103
968,614.3143310546875,649.2744609206911
969,614.3143310546875,649.4990372548011
970,607.5636596679688,649.2720590347649
971,607.5636596679688,648.7994333904469
972,607.5636596679688,647.902110643704
973,607.5636596679688,646.5434074458435
974,607.5636596679688,645.5977194506752
975,607.5636596679688,644.7076023617112
976,607.5636596679688,643.9788483363423
977,607.5636596679688,643.4466122503984
978,607.5636596679688,643.110457397348
979,607.5636596679688,644.7664485669059
980,607.5636596679688,644.8371950250992
981,607.5636596679688,645.5194398048043
982,607.5636596679688,645.9819120222519
983,607.5636596679688,646.2286512128637
984,607.5636596679688,646.2844404723339
985,607.5636596679688,646.2174060196633
986,607.5636596679688,646.068379915599
987,607.5636596679688,645.8778666909895
988,607.5636596679688,645.6767633329775
989,607.5636596679688,645.4852675186708
990,607.5636596679688,645.3151703244348
991,607.5636596679688,645.1708388155901
992,607.5636596679688,645.0552207612282
993,607.5636596679688,644.9658050987896
994,607.5636596679688,644.9058671272649
995,607.5636596679688,644.8696204851042
996,607.5636596679688,644.8510604574919
997,607.5636596679688,644.8458199791071
998,607.5636596679688,644.8492044547306
999,607.5636596679688,644.8615414142612
1000,607.5636596679688,644.8618689441603
1001,607.5636596679688,644.8618689441603
1002,607.5636596679688,644.8618689441603
1003,607.5636596679688,644.8618689441603
1004,607.5636596679688,644.8618689441603
1005,607.5636596679688,644.8618689441603
1006,573.8099975585938,644.8618689441603
1007,573.8099975585938,639.7456335678535
1008,573.8099975585938,634.2067754451491
1009,573.8099975585938,629.0596430816993
1010,573.8099975585938,624.6606981842951
1011,573.8099975585938,621.120973388712
1012,573.8099975585938,618.4085891181098
1013,573.8099975585938,616.421028514088
1014,573.8099975585938,615.0285897366261
1015,573.8099975585938,614.0999332962083
1016,607.5636596679688,613.516930075913
1017,607.5636596679688,617.7148807919382
1018,607.5636596679688,622.7802398572603
1019,607.5636596679688,627.5141386647517
1020,607.5636596679688,631.6218003052743
1021,607.5636596679688,635.0073676950415
1022,607.5636596679688,637.6874356822716
1023,607.5636596679688,639.7366810839462
1024,506.30303955078125,641.2536903996772
1025,506.30303955078125,626.7865855823459
1026,540.0565185546875,610.8794409755583
1027,540.0565185546875,601.7161369900518
1028,540.0565185546875,594.6764276933027
1029,540.0565185546875,589.8143555186527
1030,540.0565185546875,586.5626386809608
1031,540.0565185546875,584.4586957861461
1032,540.0565185546875,583.1471568937477
1033,540.0565185546875,581.4036060645124
1034,540.0565185546875,581.4180173800703
1035,540.0565185546875,581.1004225546324
1036,540.0565185546875,581.091033364193
1037,540.0565185546875,581.2601479687319
1038,540.0565185546875,581.4708588704491
1039,540.0565185546875,581.6668309267095
1040,540.0565185546875,581.8230626885527
1041,540.0565185546875,581.9337677944288
1042,540.0565185546875,582.0035316629248
1043,540.0565185546875,582.0415251312138
1044,540.0565185546875,582.0577924495328
1045,540.0565185546875,581.9636821918748
1046,540.0565185546875,581.8830006600774
1047,540.0565185546875,581.8497017870081
1048,540.0565185546875,581.8182589167
1049,540.0565185546875,581.7905280519144
1050,540.0565185546875,581.7673826057155
1051,540.0565185546875,581.748822578103
1052,540.0565185546875,581.7350663223433
1053,540.0565185546875,581.7236027758768
1054,540.0565185546875,581.7236027758768
1055,540.0565185546875,581.7236027758768
1056,540.0565185546875,581.7236027758768
1057,540.0565185546875,581.7236027758768
1058,540.0565185546875,581.7236027758768
1059,540.0565185546875,581.7236027758768
1060,540.0565185546875,581.7236027758768
1061,540.0565185546875,581.7236027758768
1062,540.0565185546875,581.7236027758768
1063,540.0565185546875,581.7236027758768
1064,540.0565185546875,580.7671062940403
1065,540.0565185546875,581.2177874351225
1066,540.0565185546875,581.1261882400236
1067,540.0565185546875,581.2192067313517
1068,540.0565185546875,581.3909415750827
1069,540.0565185546875,581.5721747858863
1070,540.0565185546875,581.7273147813992
1071,540.0565185546875,581.8416227161649
1072,540.0565185546875,580.9556543392555
1073,540.0565185546875,580.4832470482036
1074,540.0565185546875,579.8889986347078
1075,540.0565185546875,579.3659333859373
1076,540.0565185546875,579.0013926083031
1077,540.0565185546875,578.8124078565559
1078,540.0565185546875,578.7777988638902
1079,540.0565185546875,578.859790515284
1080,540.0565185546875,579.0179874565213
1081,540.0565185546875,579.2170164585061
1082,540.0565185546875,579.4275090069573
1083,540.0565185546875,579.6294857780333
1084,438.79595947265625,582.2322567090894
1085,438.79595947265625,566.2724889651893
1086,438.79595947265625,550.3380502001482
1087,438.79595947265625,535.0659860676037
1088,438.79595947265625,521.7460001333516
1089,438.79595947265625,510.87167995524806
1090,438.79595947265625,502.4483751883113
1091,438.79595947265625,496.2225776906821
1092,438.79595947265625,491.8285457417637
1093,438.79595947265625,488.8877639548957
1094,438.79595947265625,487.03984026449916
1095,438.79595947265625,485.977224095373
1096,438.79595947265625,485.451866137309
1097,438.79595947265625,485.27478163856017
1098,438.79595947265625,485.3067703920333
1099,438.79595947265625,485.45110190087803
1100,438.79595947265625,485.6433619516158
1101,438.79595947265625,485.8441377797287
1102,438.79595947265625,486.03104817544886
1103,499.5523986816406,486.19393971190584
1104,499.5523986816406,491.56783194212585
1105,499.5523986816406,501.890482593609
1106,607.5636596679688,511.8091797029401
1107,607.5636596679688,533.2693753947237
1108,607.5636596679688,558.0618602793638
1109,607.5636596679688,580.1968767398075
1110,607.5636596679688,598.5882264541979
1111,607.5636596679688,613.0671223478948
1112,607.5636596679688,623.9531244257307
1113,607.5636596679688,631.790259850015
1114,634.5664672851562,637.1840222274436
1115,742.5776977539062,644.8152505218632
1116,924.8468017578123,657.6401204253966
1117,1147.6199951171875,695.2005941877696
1118,1181.373779296875,767.7219369038169
1119,1181.373779296875,865.7814409079906
1120,1215.1273193359375,954.7426010233011
1121,1282.63427734375,1034.1003661454254
1122,1282.63427734375,1103.2758271778061
1123,1282.63427734375,1164.4450381813635
1124,1282.63427734375,1211.2536461730951
1125,1282.63427734375,1245.1216024419818
1126,1282.63427734375,1268.2924322081467
1127,1282.63427734375,1283.2555810575777
1128,1282.63427734375,1292.0668449899304
1129,1282.63427734375,1296.5718549863077
1130,1282.63427734375,1298.2388184074834
1131,1282.63427734375,1298.1716747781797
1132,1282.63427734375,1297.1572600925292
1133,1282.63427734375,1295.7262819636135
1134,1282.63427734375,1294.21243877024
1135,1282.63427734375,1292.7635010851932
1136,1282.63427734375,1291.6471154243077
1137,1282.63427734375,1290.9047689081283
1138,1282.63427734375,1290.5602074543358
1139,1282.63427734375,1290.3546278543704
1140,1282.63427734375,1290.2021626863661
1141,1282.63427734375,1290.1242651587104
1142,1282.63427734375,1290.1298877553108
1143,1282.63427734375,1290.1422247148412
1144,1282.63427734375,1290.148447782923
1145,1282.63427734375,1290.1501400207349
1146,1282.63427734375,1290.1485023712396
1147,1282.63427734375,1290.1448449540335
1148,1282.63427734375,1290.1403141237636
1149,1282.63427734375,1290.1356195285439
1150,1282.63427734375,1290.1310886982737
1151,1282.63427734375,1290.1271583394855
1152,1282.63427734375,1290.1238284521783
1153,1282.63427734375,1290.121317389619
1154,965.3510742187501,1290.119461386858
1155,972.1018066406249,1234.76767268514
1156,972.1018066406249,1178.961327071868
1157,972.1018066406249,1128.6024587394677
1158,972.1018066406249,1086.5202709558662
1159,972.1018066406249,1053.3866367206324
1160,972.1018066406249,1028.6109650374765
1161,972.1018066406249,1010.9921491782939
1162,972.1018066406249,999.1270510555875
1163,972.1018066406249,991.65129028658
1164,972.1018066406249,987.3629413184191
1165,972.1018066406249,985.2601993665676
1166,972.1018066406249,984.6027376825566
1167,972.1018066406249,984.8005657415782
1168,972.1018066406249,985.4597742517174
1169,972.1018066406249,986.309495986466
1170,972.1018066406249,987.1811622244506
1171,972.1018066406249,987.9797892949488
1172,972.1018066406249,988.6607239550577
1173,972.1018066406249,989.2121751284119
1174,1147.6199951171875,989.6414576494234
1175,1248.880615234375,1000.9364353945301
1176,1248.880615234375,1051.6849005418414
1177,1248.880615234375,1102.89256260761
1178,1248.880615234375,1147.5267541879161
1179,1248.880615234375,1183.6596888853132
1180,1248.880615234375,1211.2646730130296
1181,1248.880615234375,1231.259718289764
1182,1248.880615234375,1244.9635692656939
1183,1248.880615234375,1253.7668087155198
1184,1248.880615234375,1258.9489321898507
1185,1248.880615234375,1261.5928627115532
1186,1248.880615234375,1262.5602222683747
1187,1248.880615234375,1262.5001205319004
1188,1485.1553955078125,1261.877704547087
1189,1485.1553955078125,1287.65408924845
1190,1485.1553955078125,1332.7916396952676
1191,1485.1553955078125,1374.907836000053
1192,1485.1553955078125,1410.5394315986493
1193,1485.1553955078125,1438.6638235579303
1194,1485.1553955078125,1459.5809746771017
1195,1485.1553955078125,1474.413439096815
1196,1485.1553955078125,1484.3196900699822
1197,1485.1553955078125,1490.3101573351496
1198,1485.1553955078125,1493.501335729835
1199,1485.1553955078125,1494.7980811884602
1200,1485.1553955078125,1494.902399461305
1201,1485.1553955078125,1494.0257656865183
1202,1485.1553955078125,1492.5674388110324
1203,1485.1553955078125,1491.2314989411555
1204,1485.1553955078125,1489.990597330317
1205,1485.1553955078125,1489.201195685309
1206,1485.1553955078125,1488.808924042889
1207,1485.1553955078125,1488.7447281826767
1208,1485.1553955078125,1488.8260647742723
1209,1620.169677734375,1489.1646761015654
1210,1620.169677734375,1506.1570637346713
1211,1620.169677734375,1532.432276472276
1212,1620.169677734375,1556.4178368623088
1213,1687.6767578125,1576.4818271827914
1214,1687.6767578125,1604.9379796356438
1215,1687.6767578125,1629.6229528309234
1216,1687.6767578125,1649.4902614470311
1217,1755.183837890625,1664.5283873491846
1218,1755.183837890625,1688.1173090314774
1219,1755.183837890625,1708.393702491489
1220,1822.690673828125,1724.5332022674888
1221,1822.690673828125,1749.562027268446
1222,1822.690673828125,1771.2810125217104
1223,1822.690673828125,1788.7181857577157
1224,1822.690673828125,1801.836085744259
1225,1822.690673828125,1811.1204256745407
1226,1822.690673828125,1817.2573397458173
1227,1822.690673828125,1820.9760459841477
1228,1822.690673828125,1822.9431496165585
1229,1822.690673828125,1823.717362062499
1230,1822.690673828125,1823.8588959201224
1231,1822.690673828125,1823.545340630106
1232,1822.690673828125,1822.9939576921474
1233,1822.690673828125,1822.363885695944
1234,1822.690673828125,1821.8195582978938
1235,1468.27880859375,1821.3229547355502
1236,1468.27880859375,1754.4336251043264
1237,1502.0322265625,1689.9344994996804
1238,1485.1553955078125,1626.0579809389556
1239,1485.1553955078125,1583.291719667046
1240,1552.66259765625,1538.8720601706127
1241,1485.1553955078125,1521.4632455650328
1242,1468.27880859375,1506.9291062950306
1243,1468.27880859375,1496.511990561832
1244,1468.27880859375,1489.3865230198503
1245,1502.0322265625,1484.4474267306089
1246,1502.0322265625,1483.7619612402298
1247,1502.0322265625,1487.9412427520097
1248,1502.0322265625,1492.5917852001946
1249,1502.0322265625,1497.0104910681744
1250,1502.0322265625,1500.8498784272228
1251,1552.66259765625,1503.436927923125
1252,1552.66259765625,1509.3219305608006
1253,1502.0322265625,1519.915994321957
1254,1502.0322265625,1519.982537479779
1255,1502.0322265625,1518.2753424693374
1256,1502.0322265625,1515.5724565658074
1257,1502.0322265625,1512.9926673160007
1258,1687.6767578125,1510.8561351962312
1259,1687.6767578125,1530.3555185590817
1260,1687.6767578125,1564.8594560094336
1261,1687.6767578125,1596.758848408443
1262,1687.6767578125,1623.6626729047846
1263,1687.6767578125,1645.035336231049
1264,1687.6767578125,1661.128681585442
1265,1687.6767578125,1672.6582799148962
1266,1687.6767578125,1680.512910894621
1267,1687.6767578125,1685.508506091447
1268,1687.6767578125,1688.4041160464053
1269,1687.6767578125,1689.793525172301
1270,1687.6767578125,1690.1492499368192
1271,1687.6767578125,1689.9007093317625
1272,1687.6767578125,1689.4129354296138
1273,1687.6767578125,1688.826111027163
1274,1687.6767578125,1688.194578793493
1275,1687.6767578125,1687.6504151603924
1276,1687.6767578125,1687.2135175692283
1277,1687.6767578125,1686.8823029588218
1278,1755.183837890625,1686.6437247215276
1279,1755.183837890625,1693.7106462940556
1280,1822.690673828125,1706.7385028525205
1281,1822.690673828125,1732.0947622229662
1282,1822.690673828125,1755.8601269912888
1283,1822.690673828125,1776.0537782105548
1284,1822.690673828125,1792.035927164223
1285,1822.690673828125,1803.9408884050586
1286,1822.690673828125,1812.2968994248215
1287,1822.690673828125,1817.7834073519957
1288,1822.690673828125,1821.0859186181974
1289,1822.690673828125,1822.818115077599
1290,1890.1978759765625,1823.4889508991541
1291,1890.1978759765625,1836.5642992929802
1292,1901.1761474609373,1849.430656317059
1293,1901.1761474609373,1862.8385976762831
1294,1901.1761474609373,1874.1123269191896
1295,1901.1761474609373,1882.9439522935993
1296,1901.1761474609373,1889.4461440847826
1297,1901.1761474609373,1893.94318418695
1298,1561.680419921875,1896.8354915487596
1299,1561.680419921875,1822.0552570014922
1300,1561.680419921875,1764.0001320426331
1301,1527.7308349609375,1709.9141781653182
1302,1527.7308349609375,1641.5107051049802
1303,1357.9830322265625,1600.2963077888912
1304,1357.9830322265625,1538.9589374763336
1305,1357.9830322265625,1486.9320685447437
1306,1357.9830322265625,1444.7618843949328
1307,1324.033447265625,1412.591897710998
1308,1357.9830322265625,1383.4262336143452
1309,1357.9830322265625,1374.679493072104
1310,1357.9830322265625,1380.5553248726064
1311,1357.9830322265625,1391.5941196483454
1312,1357.9830322265625,1401.9243580758232
1313,1357.9830322265625,1409.106215348757
1314,1357.9830322265625,1412.5897687666543
1315,1357.9830322265625,1412.8146726306632
1316,1357.9830322265625,1410.6126891194017
1317,1357.9830322265625,1406.8752454414303
1318,1357.9830322265625,1402.3845375839778
1319,1357.9830322265625,1397.4506271848045
1320,1357.9830322265625,1392.8171162913695
1321,1357.9830322265625,1388.799689138033
1322,1357.9830322265625,1385.4640154695535
1323,1357.9830322265625,1382.8623363048273
1324,1357.9830322265625,1380.7938212274257
1325,1357.9830322265625,1379.3341296440271
1326,1351.193115234375,1378.3871861175794
1327,1351.193115234375,1373.0991067209084
1328,1351.193115234375,1360.8661925215774
1329,1351.193115234375,1346.1364633135306
1330,1357.9830322265625,1333.1262114871392
1331,1357.9830322265625,1321.83096080045
1332,1357.9830322265625,1317.9815018970057
1333,1357.9830322265625,1317.8148437667098
1334,1357.9830322265625,1320.5916422507903
1335,1357.9830322265625,1325.3581302832365
1336,1351.193115234375,1331.1901822539003
1337,1351.193115234375,1336.7586272441513
1338,1351.193115234375,1342.3976549276463
1339,1351.193115234375,1347.746436532273
1340,1290.083740234375,1352.2974644794658
1341,1357.9830322265625,1320.662661650566
1342,1493.7811279296875,1319.3748686758481
1343,1493.7811279296875,1351.473453841792
1344,1493.7811279296875,1384.2014968853782
1345,1493.7811279296875,1413.6360630291447
1346,1493.7811279296875,1438.1592091601392
1347,1493.7811279296875,1457.3520791258024
1348,1493.7811279296875,1471.8182013534367
1349,1493.7811279296875,1482.2102337552003
1350,1493.7811279296875,1489.3050226633052
1351,1493.7811279296875,1493.8659310957858
1352,1493.7811279296875,1496.5843746695205
1353,1493.7811279296875,1498.0107673798495
1354,1493.7811279296875,1498.5827437602104
1355,1595.6298828125,1498.6279974745948
1356,1595.6298828125,1517.1833577859304
1357,1595.6298828125,1536.1580655446733
1358,1595.6298828125,1553.1779111009823
1359,1595.6298828125,1567.2239489389367
1360,1595.6298828125,1578.0902446345135
1361,1901.1761474609373,1585.9245414663394
1362,1884.2012939453125,1617.0040992338877
1363,1884.2012939453125,1692.9582282334807
1364,1884.2012939453125,1754.7471121589474
1365,1884.2012939453125,1800.149197587558
1366,1884.2012939453125,1832.0177339406619
1367,1697.4786376953125,1853.4223587262413
1368,1799.3272705078125,1828.9931181467184
1369,1799.3272705078125,1820.9519725365683
1370,1850.2518310546875,1813.7922917672156
1371,1833.2769775390625,1817.8088318604086
1372,1833.2769775390625,1820.372954263378
1373,1833.2769775390625,1822.6749981587968
1374,1833.2769775390625,1824.6203483470795
1375,1833.2769775390625,1826.2066302364578
1376,1833.2769775390625,1827.5551390662106
1377,1833.2769775390625,1828.5680389260779
1378,1833.2769775390625,1829.2997680146966
1379,1833.2769775390625,1829.8042459416965
1380,1833.2769775390625,1830.1313118400485
1381,1833.2769775390625,1830.3246363629582
1382,1833.2769775390625,1830.7047484578761
1383,1663.529052734375,1830.7897424666776
1384,1663.529052734375,1770.602820924506
1385,1663.529052734375,1741.1872378678047
1386,1493.7811279296875,1716.6811915269564
1387,1493.7811279296875,1665.4611379133407
1388,1646.55419921875,1618.4678303527076
1389,1646.55419921875,1607.484224364957
1390,1646.55419921875,1605.8362303837675
1391,1646.55419921875,1609.2706270226504
1392,1646.55419921875,1615.0307861804743
1393,1646.55419921875,1621.485090371002
1394,1493.7811279296875,1627.6512228386887
1395,1493.7811279296875,1591.5891437761177
1396,1663.529052734375,1568.3547732095385
1397,1493.7811279296875,1550.4288707758456
1398,1663.529052734375,1537.432402499372
1399,1901.1761474609373,1541.0186911289359
1400,2308.57080078125,1584.2905220941755
1401,2308.57080078125,1688.0616562427983
1402,2308.57080078125,1844.5265238445404
1403,2308.57080078125,1983.0447795700145
1404,2308.57080078125,2094.9982861271305
1405,2308.57080078125,2179.87849193577
1406,2308.57080078125,2240.3424082429774
1407,2308.57080078125,2222.426304412097
1408,2308.57080078125,2253.428919947529
1409,2308.57080078125,2276.410901432738
1410,2308.57080078125,2291.8403709759305
1411,2308.57080078125,2301.3984303722577
1412,2308.57080078125,2306.663418911046
1413,2308.57080078125,2308.9821395371578
1414,2308.57080078125,2309.4225580747366
1415,2308.57080078125,2308.616534287352
1416,2308.57080078125,2307.3760420888875
1417,2308.57080078125,2306.059590248003
1418,2308.57080078125,2304.7341313348957
1419,2308.57080078125,2303.7409515043664
1420,2308.57080078125,2303.129425888696
1421,2580.16748046875,2302.945627027017
1422,2580.16748046875,2331.461389921495
1423,2580.16748046875,2390.153082886222
1424,2580.16748046875,2443.917607108864
1425,2580.16748046875,2488.5130409844505
1426,2580.16748046875,2522.5221626398243
1427,2580.16748046875,2547.2786192355697
1428,2580.16748046875,2564.260225676165
1429,2410.419677734375,2574.9190311806988
1430,2410.419677734375,2535.032931370176
1431,2410.419677734375,2503.7448189394127
1432,2410.419677734375,2475.1260205975273
1433,2410.419677734375,2451.1641515368588
1434,2410.419677734375,2432.4596286506676
1435,2410.419677734375,2418.746388484298
1436,2003.0247802734373,2409.322889288161
1437,1935.1256103515625,2320.050548474602
1438,1935.1256103515625,2221.6735861157817
1439,1935.1256103515625,2135.3072270373173
1440,1935.1256103515625,2064.982545471672
1441,2036.9744873046875,2011.2110885328332
1442,2036.9744873046875,1944.948408892722
1443,2036.9744873046875,1948.7939664374207
1444,1527.7308349609375,1961.5937751860226
1445,1493.7811279296875,1878.681628305333
1446,1425.8822021484375,1790.676841848147
1447,1357.9830322265625,1698.3180639722002
1448,1324.033447265625,1591.4462861518186
1449,1256.1341552734375,1511.3090544582903
1450,1222.1845703125,1436.0642187492315
1451,1188.235107421875,1370.5480309255845
1452,1154.285400390625,1314.5696775269987
1453,1147.4954833984375,1266.031165785159
1454,1154.285400390625,1222.4961645460387
1455,1154.285400390625,1197.6487638149924
1456,1154.285400390625,1182.5077662303815
1457,1133.915771484375,1171.505873156601
1458,1120.3359375,1161.5329698489786
1459,1324.033447265625,1155.9245662110443
1460,1188.235107421875,1176.3647246205771
1461,1188.235107421875,1189.1713074380807
1462,1154.285400390625,1196.2850384920134
1463,1113.5460205078125,1195.280122173435
1464,1086.3863525390625,1182.9925650692808
1465,1052.436767578125,1164.485651888845
1466,984.5376586914062,1142.3059821854984
1467,1011.6973266601561,1109.6516333691966
1468,1018.4872436523438,1081.1378629482708
1469,1018.4872436523438,1062.9924335997448
1470,1018.4872436523438,1049.5182902596766
1471,984.5376586914062,1039.9632605149154
1472,984.5376586914062,1027.801966186842
1473,950.5880737304688,1018.2220441697536
1474,950.5880737304688,1006.1086783835732
1475,950.5880737304688,996.4472014216234
1476,882.6889038085938,988.1319815213704
1477,882.6889038085938,972.387510097774
1478,882.6889038085938,957.4381720924192
1479,848.7393188476562,943.7583399757525
1480,848.7393188476562,927.2780180456409
1481,848.7393188476562,912.4299959557234
1482,855.5292358398438,900.1205489366496
1483,882.6889038085938,886.8648680392425
1484,855.5292358398438,888.6782919136067
1485,855.5292358398438,889.9265083588568
1486,855.5292358398438,890.1253190075756
1487,855.5292358398438,888.6821130957621
1488,855.5292358398438,883.4595396788998
1489,855.5292358398438,883.0554769601144
1490,855.5292358398438,878.0840097991845
1491,848.7393188476562,874.0884725607675
1492,848.7393188476562,866.6764709454401
1493,862.3191528320312,861.3050897777794
1494,869.1090087890625,857.607495570858
1495,841.9494018554688,861.8232420780644
1496,841.9494018554688,864.9925305578306
1497,841.9494018554688,867.2513950948924
1498,841.9494018554688,868.4689329062655
1499,855.1648559570312,868.7084664390986
1500,827.5789794921875,864.7248294536801
1501,827.5789794921875,860.0279415247805
1502,813.7860107421875,855.2276633244164
1503,827.5789794921875,850.7192142640993
1504,827.5789794921875,845.3038349133337
1505,827.5789794921875,844.4758393285549
1506,793.0964965820312,844.7289107638815
1507,793.0964965820312,837.2006360343942
1508,793.0964965820312,828.9938285307244
1509,793.0964965820312,824.79445851847
1510,793.0964965820312,822.2416904853342
1511,793.0964965820312,820.4052303414041
1512,758.6139526367188,819.2295071804754
1513,793.0964965820312,812.8957339927952
1514,737.9244995117188,812.0490692037708
1515,793.0964965820312,801.0990896189887
1516,793.0964965820312,801.1715829033101
1517,793.0964965820312,803.2111115846465
1518,793.0964965820312,805.8682524789435
1519,793.0964965820312,808.5929737090764
1520,710.3385620117188,811.0559985498746
1521,710.3385620117188,800.2078807636947
1522,875.8543701171875,787.3644508325488
1523,827.5789794921875,783.4543988977819
1524,827.5789794921875,804.9184157717209
1525,827.5789794921875,812.4882867983865
1526,827.5789794921875,824.539858610281
1527,827.5789794921875,832.6330132389833
1528,827.5789794921875,837.9300451195616
1529,827.5789794921875,841.4301387973605
1530,827.5789794921875,843.7745978147052
1531,758.6139526367188,829.7434352929993
1532,827.5789794921875,813.5376925949181
1533,827.5789794921875,815.9462382958422
1534,827.5789794921875,820.9737130695084
1535,820.6824340820312,826.6528631656361
1536,820.6824340820312,818.8684600550976
1537,820.6824340820312,822.4149538019276
1538,813.7860107421875,826.8611721814268
1539,813.7860107421875,820.5073104932724
1540,813.7860107421875,822.7370248693192
1541,758.6139526367188,825.6523685006948
1542,813.7860107421875,819.7392528800181
1543,793.0964965820312,821.6494072512328
1544,813.7860107421875,817.4559327771613
1545,813.7860107421875,820.0138321120485
1546,999.9911499023436,823.447655573608
1547,827.5789794921875,829.8937715166596
1548,827.5789794921875,828.3799283232861
1549,827.5789794921875,834.6638077896787
1550,813.7860107421875,839.4193235705068
1551,799.9929809570312,840.5475548960746
1552,799.9929809570312,835.2961588480964
1553,799.9929809570312,833.4733457832929
1554,786.2000122070312,831.5830615592868
1555,724.1315307617188,824.2794723405425
1556,724.1315307617188,835.524993070894
1557,724.1315307617188,838.9046649224783
1558,724.1315307617188,842.8012881313846
1559,724.1315307617188,844.2395810947123
1560,724.1315307617188,842.5469065764617
1561,724.1315307617188,837.9908565041503
1562,758.6139526367188,831.3489868581046
1563,689.6491088867188,820.0382876778438
1564,682.7526245117188,784.7074191148847
1565,689.6491088867188,757.176675097618
1566,620.6842041015625,726.5203132537906
1567,758.6139526367188,691.8346785919448
1568,613.7877197265625,702.4683734708854
1569,613.7877197265625,684.5711571975169
1570,606.8912353515625,675.4944302819906
1571,627.5807495117188,687.9592356498433
1572,634.4772338867188,676.9265001772364
1573,620.6842041015625,670.2389946985907
1574,620.6842041015625,662.3851552494555
1575,620.6842041015625,679.3846120695489
1576,579.3052368164062,653.7593278282773
1577,703.4420776367188,647.6399775478371
1578,758.6139526367188,671.5968244833871
1579,758.6139526367188,679.1462794796792
1580,758.6139526367188,692.3241174377472
1581,724.1315307617188,728.4771952239353
1582,758.6139526367188,733.5340385118825
1583,724.1315307617188,743.4248955797948
1584,903.4403686523438,748.7222549902722
1585,731.028076171875,782.023748298765
1586,737.9244995117188,784.4304379969278
1587,737.9244995117188,782.387743193234
1588,751.7174682617188,870.4688304698179
1589,744.8209838867188,834.1809195418573
1590,768.5413208007812,822.7761101039382
1591,754.30908203125,837.7306885876778
1592,804.1219482421875,808.7802116346957
1593,782.7735595703125,868.3884697277342
1594,782.7735595703125,869.370404365063
1595,804.1219482421875,855.5665475932922
1596,903.7477416992188,837.1297803995681
1597,925.0960693359377,916.2349107928978
1598,853.934814453125,891.3901303010439
1599,1067.4185791015625,893.5952799346628
1600,1060.30224609375,929.6928959912798
1601,818.3541870117188,937.7797183752673
1602,960.6766357421876,1126.2168401314766
1603,1195.5086669921875,1131.0241602246697
1604,1280.90234375,1158.7067143501426
1605,1352.0634765625,1189.7505440645368
1606,1316.4827880859375,1197.1889664250536
1607,1423.2247314453125,1197.2553458179264
1608,1636.7083740234375,1236.5098588064625
1609,1707.86962890625,1299.6194115202634
1610,1654.498779296875,1386.6407758084958
1611,1494.385986328125,1408.7334317353302
1612,1423.2247314453125,1406.6523613451318
1613,1288.018310546875,1409.6309182470227
1614,1223.9732666015625,1387.67216746058
1615,1188.3924560546875,1346.1433414414105
1616,1131.463623046875,1299.206177964305
1617,1067.4185791015625,1249.348212024173
1618,1067.4185791015625,1196.4497860312317
1619,1067.4185791015625,1144.2606806229828
1620,1067.4185791015625,1101.1665346279738
1621,1067.4185791015625,1070.2330824895566
1622,1031.8380126953125,1049.4307305999992
1623,1074.53466796875,1084.6326069710522
1624,1060.30224609375,1068.9377017388442
1625,1280.90234375,1087.4150826400496
1626,1102.9991455078125,1126.5087238598396
1627,1038.9541015625,1146.976940664057
1628,1017.6056518554688,1184.938311022858
1629,1024.7218017578125,1173.5795195357546
1630,1017.6056518554688,1141.104056632646
1631,1010.4895629882812,1105.2457011672795
1632,1031.8380126953125,1074.0299182558879
1633,1209.740966796875,1042.366565737455
1634,1280.90234375,1239.9398610858666
1635,1288.018310546875,1202.7554462359105
1636,1295.134521484375,1200.9354717635656
1637,1252.4376220703125,1202.7037511001784
1638,1238.2056884765625,1195.4938354325602
1639,1288.018310546875,1184.7542392195962
1640,1245.32177734375,1176.692527461202
1641,1209.740966796875,1173.0885522170902
1642,1280.90234375,1160.3667996434385
1643,1565.547119140625,1160.6101543584268
1644,1956.933837890625,1190.8637636030653
1645,1618.918212890625,1290.9169966910258
1646,1494.385986328125,1391.202066359192
1647,1423.2247314453125,1467.5903362399656
1648,1458.8052978515625,1487.0046164173816
1649,1423.2247314453125,1488.3497271244319
1650,1401.876220703125,1469.5387570210519
1651,1416.108642578125,1445.7726416633773
1652,1419.6666259765625,1420.1586026153063
1653,1405.4344482421875,1399.3221876162488
1654,1398.318359375,1384.7349885026017
1655,1398.318359375,1371.7958106643027
1656,1398.318359375,1364.7756439848629
1657,1398.318359375,1361.3643654980208
1658,1359.1795654296875,1361.254260863626
1659,1373.4119873046875,1358.6255058939125
1660,1391.2022705078125,1365.697968180566
1661,1316.4827880859375,1376.108451433309
1662,1316.4827880859375,1375.0538051583928
1663,1387.64404296875,1368.048268147777
1664,1707.86962890625,1369.4512424703248
1665,1522.850341796875,1389.8649255463517
1666,1458.8052978515625,1430.8737432624753
1667,1480.15380859375,1453.5257656685571
1668,1480.15380859375,1465.010328636893
1669,1408.9925537109375,1472.0648313674155
1670,1494.385986328125,1464.1947791882776
1671,1391.2022705078125,1469.583246499005
1672,1344.9473876953125,1456.9135165909847
1673,1337.831298828125,1439.4270773993317
1674,1295.134521484375,1421.4866817676061
1675,1273.7861328125,1401.2894959548462
1676,1270.2279052734375,1377.6041167172857
1677,1245.32177734375,1355.1619317998568
1678,1181.276611328125,1332.178449135944
1679,1202.6248779296875,1302.8536055083564
1680,1270.2279052734375,1278.0930002005566
1681,1223.9732666015625,1270.309961797931
1682,1223.9732666015625,1260.573862607316
1683,1245.32177734375,1252.0633802989173
1684,1266.669921875,1248.5469647144828
1685,1209.740966796875,1265.7247069762882
1686,1195.5086669921875,1258.9756804649392
1687,1209.740966796875,1252.1324345192988
1688,1202.6248779296875,1242.9493695632168
1689,1191.95068359375,1232.4645370233911
1690,1223.9732666015625,1221.0734292529155
1691,1220.415283203125,1214.5131145517312
1692,1206.182861328125,1208.8617499087059
1693,1199.06689453125,1203.805288738974
1694,1199.06689453125,1199.9489517076502
1695,1202.6248779296875,1196.191747059103
1696,1174.160400390625,1199.854077213561
1697,1191.95068359375,1196.145674519971
1698,1174.160400390625,1194.7026869614235
1699,1191.95068359375,1192.8394239540885
1700,1199.06689453125,1193.5860829472717
1701,1202.6248779296875,1196.215220035201
1702,1209.740966796875,1199.5112625858965
1703,1202.6248779296875,1204.8064384637134
1704,1174.160400390625,1207.7760974700136
1705,1131.463623046875,1213.9813151723195
1706,1092.3250732421875,1206.037132059365
1707,1117.2314453125,1192.3583917090282
1708,1088.766845703125,1177.0283547843533
1709,1067.4185791015625,1159.6748927317117
1710,1081.6507568359375,1141.03773182809
1711,1081.6507568359375,1125.2961535852685
1712,1095.8829345703125,1112.9831583256218
1713,1067.4185791015625,1103.3125651148152
1714,1167.0443115234375,1095.161055575767
1715,1099.441162109375,1094.2270494803315
1716,1131.463623046875,1097.3278296228814
1717,1127.9056396484375,1106.6073521342314
1718,1120.789306640625,1115.090376519427
1719,1099.441162109375,1123.0682406236663
1720,1145.6959228515625,1123.855294971065
1721,1085.208984375,1130.1518389268872
1722,1131.463623046875,1124.8370658434442
1723,1117.2314453125,1127.1866561625407
1724,1138.5797119140625,1123.8515283772258
1725,1102.9991455078125,1125.5249332197495
1726,1074.53466796875,1126.1745341861833
1727,1074.53466796875,1121.9486342521068
1728,1067.4185791015625,1116.140273610807
1729,1110.1153564453125,1108.682308632981
1730,1078.0926513671875,1103.840270370489
1731,1135.0216064453125,1099.7852318670793
1732,1078.0926513671875,1098.469708027576
1733,1070.9765625,1095.1692984115596
1734,1067.4185791015625,1092.1288383587498
1735,1067.4185791015625,1089.5099092860078
1736,1110.1153564453125,1087.0765804893895
1737,1095.8829345703125,1092.3641140028953
1738,1063.8603515625,1122.2493066994275
1739,1067.4185791015625,1115.7698372949903
1740,1085.208984375,1116.085576117667
1741,1085.208984375,1111.2903200424216
1742,1081.6507568359375,1105.2775807441194
1743,1099.441162109375,1098.6893714132002
1744,1099.441162109375,1093.4990596913933
1745,1174.160400390625,1092.7473239847748
1746,1174.160400390625,1100.112598001172
1747,1074.53466796875,1115.9332201262957
1748,1135.0216064453125,1116.0800626976998
1749,1110.1153564453125,1118.4201546497238
1750,1067.4185791015625,1116.1894030956632
1751,1085.208984375,1110.8264285287446
1752,1085.208984375,1105.811399891242
1753,1085.208984375,1101.235370495089
1754,1085.208984375,1099.632657522442
1755,1031.8380126953125,1098.516872333038
1756,1067.4185791015625,1090.3678192682323
1757,1067.4185791015625,1087.2497892176661
1758,1067.4185791015625,1085.5579881124797
1759,1035.3958740234375,1084.2415908599123
1760,1060.30224609375,1077.3487787228835
1761,1060.30224609375,1133.7704984281395
1762,1074.53466796875,1113.4512531396697
1763,1095.8829345703125,1113.430727932663
1764,1095.8829345703125,1109.3932122788522
1765,1095.8829345703125,1102.3021353762697
1766,1095.8829345703125,1095.2355140394825
1767,1067.4185791015625,1087.7321315823224
1768,1067.4185791015625,1080.3621629707056
1769,1053.186279296875,1072.3928692321579
1770,1053.186279296875,1065.2028237117484
1771,1053.186279296875,1061.7784440289447
1772,1078.0926513671875,1059.7922481328355
1773,1067.4185791015625,1063.2050550925399
1774,1067.4185791015625,1066.6146959298867
1775,1067.4185791015625,1069.4743048901084
1776,1067.4185791015625,1072.3285641953125
1777,1035.3958740234375,1071.519346991412
1778,1031.8380126953125,1068.2969440796844
1779,1031.8380126953125,1064.054722238972
1780,1024.7218017578125,1059.85688069958
1781,1017.6056518554688,1056.2668254761772
1782,1017.6056518554688,1050.922301760238
1783,1067.4185791015625,1046.9561330361016
1784,1067.4185791015625,1077.1709299877034
1785,1067.4185791015625,1076.3251386117433
1786,1067.4185791015625,1084.252672288163
1787,1053.186279296875,1084.8245394918908
1788,1053.186279296875,1139.3936409115308
1789,1049.6282958984375,1112.5558409840046
1790,1038.9541015625,1100.1117245881078
1791,1028.2799072265625,1079.5867905230396
1792,1017.6056518554688,1116.9282559595863
1793,996.2573242187499,1078.4103031256795
1794,1024.7218017578125,1059.787553537616
1795,1031.8380126953125,1037.992622289011
1796,1017.6056518554688,1022.2535005204323
1797,1014.0476074218749,1005.2812286819593
1798,1014.0476074218749,992.7026612625058
1799,1014.0476074218749,987.9254193317078
1800,1003.3734130859376,987.2359688942237
1801,992.6992187499999,1053.7362202995432
1802,992.6992187499999,1025.340360642273
1803,1063.8603515625,1025.8868988671416
1804,1031.8380126953125,1031.5396282180795
1805,996.2573242187499,1023.0809502220462
1806,996.2573242187499,1013.4928399574818
1807,996.2573242187499,1004.8411376742795
1808,996.2573242187499,998.8068359909571
1809,1138.5797119140625,994.5355185775464
1810,1120.789306640625,1006.626066447427
1811,1046.0703125,1032.1035255275974
1812,1021.1636962890624,1044.999796949122
1813,1003.3734130859376,1049.088352678867
1814,1060.30224609375,1047.2704525625493
1815,1006.9313964843749,1047.415439131192
1816,1063.8603515625,1044.2908038943285
1817,1063.8603515625,1044.4220342072115
1818,1014.0476074218749,1050.5110333836737
1819,1014.0476074218749,1047.6034412932422
1820,996.2573242187499,1044.2987737885385
1821,1014.0476074218749,1037.4858243585595
1822,999.8154296874999,1033.1750941806308
1823,1031.8380126953125,1029.3445228346982
1824,1035.3958740234375,1028.0369143010882
1825,1131.463623046875,1028.4754768359057
1826,1042.5120849609375,1040.7658179442024
1827,1042.5120849609375,1048.1892831059959
1828,1042.5120849609375,1054.2339565694547
1829,996.2573242187499,1057.4313034439056
1830,1085.208984375,1052.611700979498
1831,1003.3734130859376,1058.9904549399798
1832,1067.4185791015625,1053.5433051890075
1833,1124.3475341796875,1059.038383481873
1834,1302.2506103515625,1071.3311810644122
1835,1085.208984375,1111.9477817264326
1836,1088.766845703125,1123.3010597935688
1837,1088.766845703125,1133.3789364338345
1838,1337.831298828125,1135.435278316655
1839,1380.5279541015625,1157.5289168331865
1840,1209.740966796875,1212.9052702773324
1841,1245.32177734375,1235.2514343460257
1842,1245.32177734375,1256.152427323511
1843,1419.6666259765625,1265.5988809067394
1844,1384.0859375,1282.1378306887796
1845,1352.0634765625,1312.7211533651205
1846,1352.0634765625,1335.5176710449966
1847,1359.1795654296875,1351.5979697917446
1848,1359.1795654296875,1366.9819399731282
1849,1359.1795654296875,1373.5663827102087
1850,1380.5279541015625,1375.2036500872046
1851,1348.5054931640625,1377.272547282822
1852,1352.0634765625,1373.9833282716895
1853,1387.64404296875,1377.8695797004596
1854,1565.547119140625,1389.4403922088763
1855,1408.9925537109375,1414.929915306995
1856,1707.86962890625,1432.928174554218
1857,1537.0826416015625,1481.5899467147308
1858,1693.6373291015625,1524.5980615229248
1859,1636.7083740234375,1565.3146406866276
1860,1636.7083740234375,1607.8523952656387
1861,1672.2891845703125,1621.335136265557
1862,1636.7083740234375,1620.8149096092448
1863,1636.7083740234375,1626.8781158061574
1864,1622.47607421875,1630.7750938391212
1865,1441.014892578125,1635.7724631562337
1866,1344.9473876953125,1621.1186117081318
1867,1330.7152099609375,1567.4040903834098
1868,1288.018310546875,1504.2810270612736
1869,1280.90234375,1442.173470191118
1870,1309.36669921875,1406.3032690610694
1871,1312.9248046875,1374.2567611490736
1872,1352.0634765625,1348.687812050437
1873,1305.8087158203125,1357.3483576409135
1874,1305.8087158203125,1352.2930428258287
1875,1302.2506103515625,1349.7043010921147
1876,1330.7152099609375,1335.8852687683552
1877,1330.7152099609375,1321.060883419485
1878,1337.831298828125,1305.4876555447713
1879,1337.831298828125,1310.8938640583633
1880,1280.90234375,1312.8894491449116
1881,1213.299072265625,1279.7319052270477
1882,1209.740966796875,1258.4573643997046
1883,1145.6959228515625,1237.9691682716457
1884,1159.92822265625,1237.3626374869357
1885,1270.2279052734375,1220.686671030463
1886,1273.7861328125,1221.0726104281678
1887,1273.7861328125,1248.0052848497833
1888,1337.831298828125,1255.221696527066
1889,1412.550537109375,1275.9899307188061
1890,1423.2247314453125,1297.407438347081
1891,1423.2247314453125,1337.925179567907
1892,1377.9971923828125,1362.5286797007998
1893,1415.34130859375,1375.3011994088029
1894,1344.3876953125,1383.203240341414
1895,1441.482177734375,1379.7849199617424
1896,1299.57470703125,1435.5215017065184
1897,1258.49609375,1421.441428053222
1898,1232.355224609375,1402.187855879603
1899,1195.0111083984375,1364.1845616937244
1900,896.2584228515625,1316.252307795012
1901,862.6487426757812,1392.9178863236416
1902,911.1959838867188,1253.4530350722373
1903,911.1959838867188,1224.7993002077876
1904,922.3993530273438,1149.6176504750856
1905,896.2584228515625,1069.1223194252711
1906,888.78955078125,997.56669861655
1907,885.0550537109375,932.6189389326908
1908,873.8519897460938,988.7939194473349
1909,870.1176147460938,924.0898420083631
1910,866.383056640625,885.6657810788486
1911,866.383056640625,912.7954101464215
1912,870.1176147460938,874.4983216411024
1913,911.1959838867188,868.3298418758056
1914,903.7272338867188,860.2048076702633
1915,885.0550537109375,856.0125341391549
1916,885.0550537109375,907.3117954000222
1917,877.5863647460938,886.1792387839139
1918,896.2584228515625,878.8402763360732
1919,914.9304809570312,881.7908840199123
1920,914.9304809570312,872.0191386586182
1921,914.9304809570312,933.913227917073
1922,989.6186523437501,928.4292856407747
1923,1045.634765625,929.5022735900372
1924,1008.2907104492186,991.8470439895742
1925,1045.634765625,991.9736888838706
1926,1120.3231201171875,1006.0328006236284
1927,1195.0111083984375,1029.792256206689
1928,1232.355224609375,1064.4876621771896
1929,1254.7618408203125,1137.5035204524743
1930,1303.30908203125,1183.4971248787554
1931,1325.715576171875,1214.9775519485731
1932,1363.0596923828125,1248.5287322167692
1933,1381.7318115234375,1274.4044130658588
1934,1344.3876953125,1309.2864564904967
1935,1284.636962890625,1331.7472560238548
1936,1157.6671142578125,1327.7893847238274
1937,1195.0111083984375,1320.7970580858064
1938,1206.2144775390625,1298.3911743988547
1939,1157.6671142578125,1265.1884859432394
1940,1195.0111083984375,1223.903069227375
1941,1195.0111083984375,1190.3110568984314
1942,1191.2767333984375,1198.1530506828847
1943,1161.4014892578125,1186.549321419614
1944,1195.0111083984375,1173.3187511478004
1945,1150.1981201171875,1158.0853355433428
1946,1183.80810546875,1144.158218352899
1947,1157.6671142578125,1168.5195647137664
1948,1180.073486328125,1165.7351784536913
1949,1168.870361328125,1166.0292457147148
1950,1138.9949951171875,1162.1958357763237
1951,1135.2606201171875,1165.693363803247
1952,1153.9326171875,1210.1809857537316
1953,1127.7918701171875,1200.328012977475
1954,1120.3231201171875,1189.9965190187177
1955,1105.3853759765625,1176.1897144778554
1956,1157.6671142578125,1162.070992296472
1957,1150.1981201171875,1151.823291403553
1958,1120.3231201171875,1144.9333724472992
1959,1135.2606201171875,1135.5760615849267
1960,1112.8541259765625,1126.7932927537909
1961,1120.3231201171875,1130.5828682740269
1962,1131.5262451171875,1127.5318180878148
1963,1127.7918701171875,1127.380062567925
1964,1120.3231201171875,1127.3324069676146
1965,1120.3231201171875,1123.2740931652143
1966,1150.1981201171875,1121.4189638170387
1967,1150.1981201171875,1122.5738342410618
1968,1135.2606201171875,1121.3062935317682
1969,1127.7918701171875,1128.1376938127264
1970,1112.8541259765625,1130.723924483881
1971,1105.3853759765625,1136.6825121722081
1972,1105.3853759765625,1148.8398215531768
1973,1131.5262451171875,1141.94744612268
1974,1131.5262451171875,1141.1169940636582
1975,1138.9949951171875,1135.59320231631
1976,1138.9949951171875,1138.2778557221268
1977,1135.2606201171875,1139.1252301592656
1978,1116.5885009765625,1136.9063788582034
1979,1135.2606201171875,1132.6547132387354
1980,1112.8541259765625,1126.5355813115611
1981,1142.7294921875,1126.8638754470344
1982,1135.2606201171875,1132.2822571552078
1983,1165.1358642578125,1133.3189984623095
1984,1176.3392333984375,1136.689936183253
1985,1157.6671142578125,1139.3255146925299
1986,1150.1981201171875,1149.8774908616592
1987,1157.6671142578125,1162.3818727589796
1988,1157.6671142578125,1167.7611146442175
1989,1180.073486328125,1173.594968029326
1990,1172.604736328125,1176.5371145241065
1991,1262.2305908203125,1181.4579237273178
1992,1243.5584716796875,1209.6022950104402
1993,1292.1058349609375,1228.968646645963
1994,1329.449951171875,1253.5751491362635
1995,1366.7940673828125,1273.1382916527941
1996,1348.1219482421875,1296.9055533651153
1997,1370.5284423828125,1328.017454710194
1998,1370.5284423828125,1351.8790996217558
1999,1321.9810791015625,1363.4556984917224
2000,1366.7940673828125,1361.4759440169612
2001,1363.0596923828125,1356.2851955886222
2002,1374.2628173828125,1363.296846490687
2003,1377.9971923828125,1369.7175788665627
2004,1363.0596923828125,1372.2323534314096
2005,1355.5908203125,1368.1849572923106
2006,1355.5908203125,1360.1651693609938
2007,1355.5908203125,1353.5972668838153
2008,1355.5908203125,1347.6855705593675
2009,1348.1219482421875,1341.4409400925438
2010,1344.3876953125,1335.45151000539
2011,1307.0435791015625,1332.9905049323029
2012,1269.6993408203125,1325.5456411504383
2013,1262.2305908203125,1321.1691866394349
2014,1195.0111083984375,1311.3798638402257
2015,1180.073486328125,1291.8244182763226
2016,1187.5423583984375,1269.4125844628716
2017,1239.8240966796875,1248.834044670993
2018,1239.8240966796875,1247.0010781793194
2019,1195.0111083984375,1242.6805221044197
2020,1195.0111083984375,1239.6231942618092
2021,1195.0111083984375,1231.5788415880643
2022,1265.965087890625,1223.134520319272
2023,1265.965087890625,1236.1165499860292
2024,1265.965087890625,1244.126948726907
2025,1262.2305908203125,1252.7233530454876
2026,1262.2305908203125,1268.5713239171814
2027,1262.2305908203125,1272.417398345002
2028,1262.2305908203125,1275.4461764980792
2029,1262.2305908203125,1272.95050784401
2030,1228.6209716796875,1268.46569552474
2031,1228.6209716796875,1272.7080811304022
2032,1191.2767333984375,1266.3945602081462
2033,1195.0111083984375,1255.6074175715046
2034,1195.0111083984375,1241.8377876741838
2035,1191.2767333984375,1220.4807093122818
2036,1191.2767333984375,1223.6473229645394
2037,1161.4014892578125,1215.5984394605243
2038,1161.4014892578125,1207.370069571834
2039,1202.4801025390625,1196.2034835471518
2040,1262.2305908203125,1191.8503928356135
2041,1262.2305908203125,1214.4729375507818
2042,1262.2305908203125,1226.520906533787
2043,1262.2305908203125,1240.1533559917257
2044,1254.7618408203125,1247.4538882647455
2045,1228.6209716796875,1249.9640774110057
2046,1209.9488525390625,1259.9405289592012
2047,1206.2144775390625,1263.553129157321
2048,1232.355224609375,1260.03665898457
2049,1232.355224609375,1257.485583189246
2050,1228.6209716796875,1249.9848209712784
2051,1228.6209716796875,1242.9816858465888
2052,1228.6209716796875,1235.6080052294496
2053,1224.886474609375,1230.3968953590536
2054,1224.886474609375,1225.800231579261
2055,1228.6209716796875,1222.786574389856
2056,1228.6209716796875,1224.535693227375
2057,1228.6209716796875,1237.3081583470616
2058,1228.6209716796875,1240.6444870753394
2059,1228.6209716796875,1244.1409233359327
2060,1217.4176025390625,1242.8463068216515
2061,1217.4176025390625,1252.3529713179873
2062,1157.6671142578125,1248.363766324285
2063,1217.4176025390625,1235.4819608066348
2064,1217.4176025390625,1228.890912883257
2065,1217.4176025390625,1222.5785383156476
2066,1217.4176025390625,1217.6591484086655
2067,1217.4176025390625,1214.3282785120382
2068,1217.4176025390625,1212.6126223125382
2069,1217.4176025390625,1212.4354832254728
2070,1097.9163818359375,1213.333461032014
2071,1105.3853759765625,1217.388226593841
2072,1146.4639892578125,1197.724259456722
2073,1146.4639892578125,1192.1975199402818
2074,1146.4639892578125,1183.0785416677793
2075,1135.2606201171875,1173.042261324692
2076,1153.9326171875,1177.1684284045105
2077,1127.7918701171875,1158.4498217326604
2078,1094.18212890625,1147.1514049236137
2079,1082.97900390625,1132.5262669299943
2080,1112.8541259765625,1119.4408469917728
2081,1090.4476318359375,1123.774449674318
2082,1075.510009765625,1116.8070153086242
2083,1068.0413818359375,1109.4982401998118
2084,1071.775634765625,1112.7175315774984
2085,1045.634765625,1101.2417027398037
2086,1071.775634765625,1092.8871792516657
2087,1071.775634765625,1086.9911497740559
2088,1075.510009765625,1081.438972102124
2089,1071.775634765625,1087.723342863365
2090,1049.3692626953125,1086.8253104685073
2091,1041.9005126953125,1084.7748641238695
2092,1060.572265625,1090.556476490081
2093,1060.572265625,1082.8935869720872
2094,1045.634765625,1080.7192797372948
2095,1053.103515625,1071.7728551332707
2096,1049.3692626953125,1063.9744774137066
2097,1038.1658935546875,1069.1352568562831
2098,1038.1658935546875,1062.9177021944467
2099,1038.1658935546875,1061.080204872503
2100,1284.636962890625,1057.5760716592822
2101,1605.79638671875,1080.5638668001993
2102,1792.516845703125,1274.7102168149313
2103,1900.814697265625,1319.41187955444
2104,1717.82861328125,1443.914400781161
2105,1546.045654296875,1534.7154328101833
2106,1512.43603515625,1560.0888738532497
2107,1587.124267578125,1561.2343277926752
2108,1590.858642578125,1538.8269702211778
2109,1598.327392578125,1535.3911269919076
2110,1594.593017578125,1538.8009861825203
2111,1590.858642578125,1544.5220873998837
2112,1590.858642578125,1550.799061444238
2113,1441.482177734375,1554.7787953650263
2114,1441.482177734375,1537.4768919773255
2115,1602.0618896484375,1521.9092048167372
2116,1594.593017578125,1524.684529416272
2117,1594.593017578125,1540.5668909273652
2118,1463.8887939453125,1553.2436354340566
2119,1602.0618896484375,1545.4160529651613
2120,1602.0618896484375,1547.9352491836453
2121,1463.8887939453125,1565.6087079476513
2122,1456.4197998046875,1559.5179346509024
2123,1568.4522705078125,1544.840364579278
2124,1549.7801513671875,1531.3339595441541
2125,1546.045654296875,1532.278337419726
2126,1463.8887939453125,1537.628538320582
2127,1493.763916015625,1532.2942226198297
2128,1460.154296875,1532.43768071561
2129,1523.6392822265625,1522.0404351296202
2130,1523.6392822265625,1524.8402425891084
2131,1523.6392822265625,1529.4010964332724
2132,1564.7178955078125,1529.8399592038309
2133,1456.4197998046875,1533.9771531235838
2134,1456.4197998046875,1517.215619480986
2135,1456.4197998046875,1502.219499288385
2136,1493.763916015625,1488.3716716276676
2137,1493.763916015625,1511.0476855988545
2138,1493.763916015625,1516.1531670768095
2139,1419.07568359375,1527.7298205350926
2140,1419.07568359375,1513.3700909363306
2141,1493.763916015625,1488.7102829549608
2142,1493.763916015625,1493.4996980803398
2143,1490.0296630859375,1497.9535042358336
2144,1531.1080322265625,1497.6265202199565
2145,1508.70166015625,1494.242863421267
2146,1508.70166015625,1496.761349991636
2147,1508.70166015625,1504.3514459895678
2148,1508.70166015625,1513.0811549770588
2149,1527.373779296875,1511.841290544234
2150,1486.2952880859375,1508.5965064227385
2151,1490.0296630859375,1505.785699417474
2152,1490.0296630859375,1509.0912949235585
2153,1490.0296630859375,1513.3627761019186
2154,1486.2952880859375,1508.4181118043934
2155,1486.2952880859375,1502.6616100637755
2156,1348.1219482421875,1502.794860144369
2157,1452.6854248046875,1486.4787671644692
2158,1452.6854248046875,1471.1688733285853
2159,1452.6854248046875,1461.33025727957
2160,1471.3575439453125,1449.50522698118
2161,1478.8262939453125,1444.5214228607192
2162,1478.8262939453125,1450.8516478078263
2163,1478.8262939453125,1459.0722661555726
2164,1486.2952880859375,1464.0808533717275
2165,1486.2952880859375,1468.9046045481894
2166,1363.0596923828125,1471.6019224434358
2167,1363.0596923828125,1461.5695724591371
2168,1363.0596923828125,1447.1898635365333
2169,1486.2952880859375,1429.5894985283303
2170,1482.5606689453125,1430.8517987592393
2171,1482.5606689453125,1444.2138722855184
2172,1482.5606689453125,1457.7227337948852
2173,1392.934814453125,1466.5344890220863
2174,1411.60693359375,1503.1943374445677
2175,1404.1380615234375,1495.8401721505797
2176,1381.7318115234375,1481.2383433681089
2177,1381.7318115234375,1456.245519361888
2178,1374.2628173828125,1425.7220254804388
2179,1374.2628173828125,1396.0046372688494
2180,1307.0435791015625,1372.2232371825528
2181,1307.0435791015625,1343.5233751906546
2182,1307.0435791015625,1321.490657235345
2183,1307.0435791015625,1306.2317488870788
2184,1269.6993408203125,1297.4281819073537
2185,1236.0897216796875,1288.4820302449125
2186,1269.6993408203125,1276.207847278302
2187,1202.4801025390625,1272.254288455279
2188,1153.9326171875,1259.2030953915073
2189,1161.4014892578125,1238.004323147476
2190,1161.4014892578125,1222.7878299211357
2191,1124.0572509765625,1209.7947188261278
2192,1124.0572509765625,1191.908911510909
2193,1195.0111083984375,1175.9859908806511
2194,1165.1358642578125,1173.6465539884252
2195,1157.6671142578125,1170.555654331163
2196,1157.6671142578125,1168.3304707853858
2197,1157.6671142578125,1167.0188227163546
2198,1157.6671142578125,1166.493191816708
2199,1060.572265625,1166.3924763727528
2200,1071.775634765625,1152.1991865510206
2201,1071.775634765625,1141.188668523232
2202,1056.838134765625,1129.662181727819
2203,1056.838134765625,1117.3518067073646
2204,1056.838134765625,1105.3207055141602
2205,1056.838134765625,1095.2895564728246
2206,1056.838134765625,1086.992132363753
2207,1056.838134765625,1080.670204840755
2208,1056.838134765625,1076.0319993521005
2209,1157.6671142578125,1072.8460614357996
2210,1157.6671142578125,1088.0162637697417
2211,1120.3231201171875,1104.9810024205367
2212,1172.604736328125,1114.5692218617341
2213,1172.604736328125,1129.3023355454043
2214,1172.604736328125,1143.920922941043
2215,1232.355224609375,1156.8106437645865
2216,1232.355224609375,1176.6912719299223
2217,1307.0435791015625,1195.1928354553404
2218,1232.355224609375,1223.5195863039128
2219,1232.355224609375,1238.3855133616448
2220,1232.355224609375,1247.2380460612767
2221,1232.355224609375,1251.5569644866814
2222,1232.355224609375,1252.483000687907
2223,1232.355224609375,1251.6813166716845
2224,1232.355224609375,1249.9035389679993
2225,1195.0111083984375,1247.837098246625
2226,1195.0111083984375,1239.3178272192686
2227,1195.0111083984375,1230.8231209343407
2228,1195.0111083984375,1223.304945043407
2229,1195.0111083984375,1217.1401226953164
2230,1232.355224609375,1212.4867962429894
2231,1232.355224609375,1211.1295123413581
2232,1232.355224609375,1215.5213607576163
2233,1232.355224609375,1220.7718833925305
2234,1269.6993408203125,1225.7600545783116
2235,1257.48095703125,1236.636394524126
2236,1257.48095703125,1244.875627487801
2237,1253.7158203125,1251.5545080124386
2238,1253.7158203125,1256.364939639673
2239,1253.7158203125,1259.5979872731195
2240,1253.7158203125,1261.5710819732667
2241,1253.7158203125,1262.6509480504092
2242,1204.77197265625,1263.1283774665799
2243,1208.5369873046875,1256.8892058314066
2244,1208.5369873046875,1251.1122334720985
2245,1208.5369873046875,1244.7983304316272
2246,1208.5369873046875,1238.2819047369144
2247,1208.5369873046875,1232.4243054341255
2248,1208.5369873046875,1227.5792648142256
2249,1208.5369873046875,1223.9294353842479
2250,1204.77197265625,1221.7118942027819
2251,1204.77197265625,1219.4047190056112
2252,1204.77197265625,1217.564383091209
2253,1204.77197265625,1216.169760781087
2254,1204.77197265625,1215.1761442440256
2255,1110.649169921875,1214.5548200255425
2256,1103.119384765625,1199.9488425310171
2257,1144.533447265625,1183.3176930823965
2258,1137.003662109375,1173.6754312078574
2259,1234.8912353515625,1165.325165608407
2260,1234.8912353515625,1167.2596117804674
2261,1204.77197265625,1180.7162868592532
2262,1234.8912353515625,1189.9100511253705
2263,1234.8912353515625,1202.8118905551787
2264,1234.8912353515625,1213.9996568466659
2265,1231.12646484375,1222.998322469587
2266,1204.77197265625,1227.086332316167
2267,1234.8912353515625,1227.9319053388613
2268,1234.8912353515625,1237.2616491013978
2269,1234.8912353515625,1241.6466739780926
2270,1234.8912353515625,1245.3112422535273
2271,1234.8912353515625,1246.2359683351567
2272,1234.8912353515625,1245.746365724405
2273,1280.0703125,1244.7026917011067
2274,1242.421142578125,1248.7649904506118
2275,1257.48095703125,1248.4592958781723
2276,1212.3018798828125,1253.0553591864834
2277,1212.3018798828125,1250.553303699383
2278,1231.12646484375,1246.095403420151
2279,1227.361572265625,1243.6472811897593
2280,1227.361572265625,1241.7383823498244
2281,1257.48095703125,1240.291409844172
2282,1280.0703125,1244.275101417907
2283,1291.3651123046875,1244.798876314792
2284,1389.252685546875,1254.5008578075901
2285,1393.017822265625,1272.0804792555205
2286,1656.5614013671875,1297.8031490534408
2287,1649.03173828125,1340.7900290065136
2288,1844.8072509765625,1412.763195848197
2289,1844.8072509765625,1496.6389629860273
2290,1844.8072509765625,1595.7971387423802
2291,1844.8072509765625,1673.3601491943855
2292,1844.8072509765625,1738.1037895157458
2293,1844.8072509765625,1783.9914107255286
2294,1844.8072509765625,1814.7228860928697
2295,1671.6212158203125,1836.8375547583353
2296,1837.27734375,1821.3464413587274
2297,1686.6807861328125,1806.5348023817614
2298,1694.210693359375,1785.8099795487235
2299,1656.5614013671875,1751.7347514420596
2300,1844.8072509765625,1726.3920163270286
2301,1731.85986328125,1724.8651538201682
2302,1731.85986328125,1721.9753302267595
2303,1844.8072509765625,1720.8046018967912
2304,1844.8072509765625,1737.779234679953
2305,1844.8072509765625,1761.6660993937412
2306,2033.0528564453125,1783.5085361247864
2307,2334.245849609375,1812.4167207795545
2308,2371.89501953125,1884.0334668556843
2309,2371.89501953125,1991.7768904434317
2310,2371.89501953125,2076.11308956038
2311,2138.47021484375,2155.542065141388
2312,2002.9334716796875,2182.545977316045
2313,2409.5439453125,2171.2211124676505
2314,2198.708984375,2169.8712798712227
2315,2002.9334716796875,2201.4482054375458
2316,2146.000244140625,2171.551112488015
2317,2334.245849609375,2141.223590662826
2318,2123.41064453125,2128.4814493529593
2319,2484.84228515625,2140.318584610535
2320,2469.782470703125,2192.758864510112
2321,2469.782470703125,2234.2903926509484
2322,2469.782470703125,2294.5413189942246
2323,2469.782470703125,2345.517280950579
2324,2469.782470703125,2386.2044643058425
2325,2469.782470703125,2416.8609626204616
2326,2469.782470703125,2438.7290422131855
2327,2469.782470703125,2453.4360626815655
2328,2469.782470703125,2462.614323865795
2329,2469.782470703125,2468.137460553345
2330,2469.782470703125,2470.5102509069575
2331,2432.133544921875,2471.185890500365
2332,2432.133544921875,2462.729177683726
2333,2371.89501953125,2453.9698272403716
2334,2371.89501953125,2433.258201132849
2335,2371.89501953125,2414.1728701507045
2336,2371.89501953125,2397.9046784185393
2337,2371.89501953125,2385.160026046113
2338,2371.89501953125,2375.7774134990395
2339,2371.89501953125,2369.4854003734877
2340,2371.89501953125,2365.45877508882
2341,2371.89501953125,2363.067615766703
2342,2371.89501953125,2362.0314203427665
2343,2371.89501953125,2361.7522011038327
2344,2371.89501953125,2361.9388385579705
2345,2484.84228515625,2362.3624711882235
2346,2484.84228515625,2380.714353549779
2347,2409.5439453125,2405.078156384889
2348,2409.5439453125,2415.5838143674623
2349,2807.62548828125,2415.0079076283128
2350,2807.62548828125,2440.2623188472357
2351,2807.62548828125,2540.056257431788
2352,2807.62548828125,2620.391535537604
2353,2807.62548828125,2684.0684792131788
2354,2807.62548828125,2731.536350303366
2355,2807.62548828125,2765.0057572734345
2356,2807.62548828125,2787.1914862799135
2357,2807.62548828125,2800.805867005088
2358,2807.62548828125,2808.254934087324
2359,2807.62548828125,2811.515057525758
2360,2807.62548828125,2812.1156381839683
2361,2807.62548828125,2811.179503144189
2362,2807.62548828125,2809.487647450686
2363,2807.62548828125,2807.5514544524976
2364,2807.62548828125,2805.6803853159017
2365,2807.62548828125,2804.039678874966
2366,2807.62548828125,2802.7551066109218
2367,2526.86279296875,2801.774099974974
2368,2526.86279296875,2757.4853432615246
2369,2526.86279296875,2703.6710890825443
2370,2526.86279296875,2653.3687196577284
2371,2526.86279296875,2610.5698418667057
2372,2526.86279296875,2576.487517278896
2373,2526.86279296875,2551.0398088312218
2374,2526.86279296875,2533.211537601602
2375,2526.86279296875,2521.598419147892
2376,2526.86279296875,2514.7393425904647
2377,2526.86279296875,2511.3030626546624
2378,2526.86279296875,2510.1749405057276
2379,2526.86279296875,2510.4815630795474
2380,2526.86279296875,2511.5777510633256
2381,2526.86279296875,2513.01500684864
2382,2526.86279296875,2514.5027568267233
2383,2526.86279296875,2515.869921213642
2384,2526.86279296875,2517.031014705747
2385,2526.86279296875,2517.957596790138
2386,2526.86279296875,2518.656982301226
2387,2526.86279296875,2519.155864925784
2388,2526.86279296875,2519.4969873156365
2389,2526.86279296875,2519.4969873156365
2390,2566.9716796875,2519.4969873156365
2391,2566.9716796875,2522.0008988054983
2392,1925.228759765625,2530.9531097710724
2393,1925.228759765625,2440.4865676514464
2394,1925.228759765625,2329.5145249074294
2395,1925.228759765625,2224.0784471053416
2396,1925.228759765625,2132.392333759553
2397,1925.228759765625,2058.3297718094036
2398,1925.228759765625,2002.0679310478877
2399,1925.228759765625,1961.7722772751158
2400,1925.228759765625,1934.7112333095795
2401,2406.535888671875,1917.9528214363322
2402,2406.535888671875,1956.4872360594354
2403,2406.535888671875,2054.1334314487153
2404,1804.90185546875,2147.65904823708
2405,1804.90185546875,2135.80994449111
2406,1804.90185546875,2089.999265513444
2407,1845.0108642578125,2033.1761306227531
2408,2005.4466552734373,1984.1764567830617
2409,2005.4466552734373,1950.7184963006107
2410,1925.228759765625,1948.1368271656543
2411,1917.2069091796875,1937.6791420779814
2412,1917.2069091796875,1934.185820763199
2413,1917.2069091796875,1929.0404386376474
2414,2085.66455078125,1923.1717135536003
2415,2125.773193359375,1928.2224054206308
2416,2085.66455078125,1961.794214954812
2417,2005.4466552734373,1998.7331171453927
2418,2005.4466552734373,2023.7852206515704
2419,2045.5555419921875,2034.165298212019
2420,2045.5555419921875,2043.453008970845
2421,2125.773193359375,2047.7856290636932
2422,2125.773193359375,2031.2201493598307
2423,2205.9912109375,2051.542233240759
2424,2205.9912109375,2070.5723344936773
2425,2205.9912109375,2105.561875960597
2426,2205.9912109375,2134.707110379797
2427,2205.9912109375,2157.8811335624778
2428,2165.882568359375,2175.2705556686183
2429,2165.882568359375,2179.425354320445
2430,2165.882568359375,2179.6132063646246
2431,2165.882568359375,2177.516278068481
2432,2165.882568359375,2174.3396338130656
2433,2165.882568359375,2170.99420248301
2434,2165.882568359375,2167.9294915705923
2435,2165.882568359375,2165.3553249173856
2436,2165.882568359375,2163.4703221130017
2437,2165.882568359375,2162.144904141131
2438,2406.535888671875,2161.19457613906
2439,2358.405029296875,2163.657778391887
2440,2350.38330078125,2190.8683346386815
2441,2350.38330078125,2220.168258699783
2442,2470.710205078125,2255.142392614369
2443,2125.773193359375,2298.0366907826456
2444,2125.773193359375,2286.367646598674
2445,2045.5555419921875,2263.529068620929
2446,2045.5555419921875,2218.189459520561
2447,2069.62109375,2176.3308927755306
2448,2069.62109375,2144.4166932956687
2449,2069.62109375,2120.918183512591
2450,2069.62109375,2102.5592046698894
2451,2069.62109375,2089.186022421201
2452,2069.62109375,2084.7120185885997
2453,2069.62109375,2081.4194287489227
2454,2069.62109375,2076.680753463737
2455,2069.62109375,2071.9585774972156
2456,2069.62109375,2067.9563395429473
2457,2069.62109375,2064.9654047402887
2458,2205.9912109375,2059.946513979393
2459,2205.9912109375,2069.1131069109692
2460,2205.9912109375,2093.872988923575
2461,2205.9912109375,2124.5440213774637
2462,2205.9912109375,2148.8842693540014
2463,2205.9912109375,2167.553651011441
2464,2205.9912109375,2180.989568882875
2465,2205.9912109375,2190.1045349141145
2466,2205.9912109375,2196.0559988271375
2467,2189.94775390625,2199.617094948633
2468,2189.94775390625,2198.3880662966353
2469,2189.94775390625,2196.0234096021827
2470,2189.94775390625,2193.343805615643
2471,2189.94775390625,2190.839675772515
2472,2189.94775390625,2188.645989685363
2473,2165.882568359375,2186.9416332673795
2474,2165.882568359375,2180.77304432545
2475,2165.882568359375,2175.0212371800517
2476,2165.882568359375,2170.144426159945
2477,2085.66455078125,2166.3005352647842
2478,2105.05810546875,2150.7188052597744
2479,2129.346923828125,2140.045574792604
2480,2266.985595703125,2132.418085797865
2481,2266.985595703125,2156.1688072502848
2482,2266.985595703125,2183.141890673194
2483,2347.948974609375,2211.9071358211886
2484,2347.948974609375,2237.0288155485246
2485,2347.948974609375,2279.7840499804997
2486,2428.9130859375,2325.55965596481
2487,2347.948974609375,2356.477605021339
2488,2347.948974609375,2372.087434362271
2489,2347.948974609375,2375.4860483596835
2490,2469.394775390625,2375.9777253264624
2491,2534.165771484375,2399.806508071487
2492,2509.876953125,2443.089393170819
2493,2509.876953125,2484.1601686261783
2494,2509.876953125,2508.869024209929
2495,2509.876953125,2519.629909866331
2496,2509.876953125,2540.8289004636285
2497,2526.069580078125,2551.2657498732447
2498,2526.069580078125,2546.8380915213575
2499,2526.069580078125,2574.8957219695503
2500,2526.069580078125,2573.905107789897
2501,2526.069580078125,2563.7844884978063
2502,2526.069580078125,2550.6864586584716
2503,2526.069580078125,2538.117880900939
2504,2631.322265625,2527.787478708512
2505,2671.804443359375,2529.0719417959226
2506,2768.960693359375,2566.922170342315
2507,2793.249755859375,2609.746813818729
2508,2833.73193359375,2665.280872909264
2509,2833.73193359375,2714.421766723759
2510,2833.73193359375,2760.539341216828
2511,2752.767822265625,2791.6748247146375
2512,2833.73193359375,2794.2670055122912
2513,2833.73193359375,2794.855249210971
2514,2833.73193359375,2824.9408902057176
2515,2768.960693359375,2832.069360105107
2516,2712.286376953125,2823.673840791272
2517,2712.286376953125,2802.768644513416
2518,2728.47900390625,2782.0257938888512
2519,2744.671630859375,2774.434960948647
2520,2744.671630859375,2760.3482275207366
2521,2744.671630859375,2746.4006942999195
2522,2744.671630859375,2718.0821316988226
2523,2712.286376953125,2740.4267672946535
2524,2752.767822265625,2834.5748000678313
2525,2752.767822265625,2846.740406872909
2526,2752.767822265625,2770.968002378968
2527,2752.767822265625,2802.9813751828437
2528,2760.864501953125,2711.2442354082004
2529,2890.406494140625,2765.0014447964304
2530,2890.406494140625,2794.354728936918
2531,2849.9248046875,2877.5042531119384
2532,2793.249755859375,2877.1090337004275
2533,2793.249755859375,2859.899411861782
2534,2833.73193359375,2834.115712326007
2535,2801.346435546875,2817.769077183021
2536,2833.73193359375,2794.668775521783
2537,2833.73193359375,2796.083377155747
2538,2760.864501953125,2798.2064805496557
2539,2874.2138671875,2784.9649926145403
2540,2809.442626953125,2788.976960936226
2541,2809.442626953125,2794.2864935412845
2542,2809.442626953125,2812.234422360688
2543,2793.249755859375,2815.7326600357255
2544,2793.249755859375,2810.7794253725087
2545,2801.346435546875,2804.250826483215
2546,2801.346435546875,2803.5305336469046
2547,2793.249755859375,2802.303224526877
2548,2793.249755859375,2797.9920576424156
2549,2793.249755859375,2793.755731339886
2550,2793.249755859375,2790.024565318313
2551,2890.406494140625,2787.3875675128065
2552,2890.406494140625,2806.329331222538
2553,2793.249755859375,2825.4937060869843
2554,2793.249755859375,2821.8354154679478
2555,2793.249755859375,2815.705693407371
2556,2793.249755859375,2808.812772093709
2557,2793.249755859375,2802.3826505273946
2558,2712.286376953125,2796.9549342170985
2559,2712.286376953125,2775.3951694360057
2560,2712.286376953125,2755.6796163397876
2561,2712.286376953125,2738.834207748877
2562,2712.286376953125,2725.523501828431
2563,2598.936767578125,2715.7272463130253
2564,2598.936767578125,2684.963673015578
2565,2598.936767578125,2659.049671168301
2566,2598.936767578125,2636.440882708892
2567,2598.936767578125,2618.5487431489587
2568,2598.936767578125,2605.3705230726755
2569,2598.936767578125,2596.3226733765814
2570,2590.840576171875,2590.607058285027
2571,2275.081787109375,2585.7085211149506
2572,2307.46728515625,2533.3771585538843
2573,2380.334716796875,2484.0211321840347
2574,2692.494873046875,2453.875553217764
2575,2768.22119140625,2480.2388714982108
2576,2776.635009765625,2555.01798698499
2577,2902.845947265625,2632.6054530027905
2578,3012.228515625,2707.077509209217
2579,2860.775634765625,2806.306731659504
2580,2877.603759765625,2861.896689186142
2581,2877.603759765625,2895.5506046660043
2582,3020.642578125,2904.821120105131
2583,2902.845947265625,2921.116933525448
2584,2986.986572265625,2926.2814249735475
2585,3197.33740234375,2921.287467426216
2586,3197.33740234375,2941.386230504314
2587,3197.33740234375,3001.8651722456398
2588,3197.33740234375,3044.6438523595552
2589,3197.33740234375,3087.761962625511
2590,3197.33740234375,3092.3029463224666
2591,3197.33740234375,3090.1517299455563
2592,3197.33740234375,3115.3386700052765
2593,3365.618408203125,3138.295786512316
2594,3449.759033203125,3167.3494353834967
2595,3449.759033203125,3211.2389877383303
2596,3449.759033203125,3289.516777606679
2597,3449.759033203125,3327.662984005173
2598,3483.4150390625,3355.3871890161404
2599,3483.4150390625,3392.2813577872284
2600,3491.8291015625,3424.938163077773
2601,3449.759033203125,3419.546365879739
2602,3449.759033203125,3410.3927786145705
2603,3449.759033203125,3418.610285428276
2604,3449.759033203125,3405.850812327918
2605,3424.5166015625,3414.4923611842496
2606,3407.688720703125,3401.893814440955
2607,3357.204345703125,3388.554395066026
2608,3365.618408203125,3372.658495652439
2609,3357.204345703125,3365.662238655629
2610,3357.204345703125,3352.746642970061
2611,3357.204345703125,3336.919852365172
2612,3357.204345703125,3335.9771121390954
2613,3357.204345703125,3336.8491059069793
2614,3407.688720703125,3338.8280415569925
2615,3365.618408203125,3343.236812351368
2616,3836.80517578125,3340.2209170409865
2617,3836.80517578125,3364.00111618432
2618,3786.32080078125,3474.978617759988
2619,3449.759033203125,3512.9383504692933
2620,3449.759033203125,3507.5356356079574
2621,3533.899169921875,3484.2804668927893
2622,3533.899169921875,3464.779882586976
2623,3491.8291015625,3487.082157649197
2624,3786.32080078125,3509.680847270052
2625,3517.0712890625,3582.9263585928816
2626,3281.47802734375,3563.425665110435
2627,3357.204345703125,3523.204338448242
2628,3357.204345703125,3479.882286231816
2629,3357.204345703125,3445.72910600918
2630,3357.204345703125,3415.988081056543
2631,3357.204345703125,3392.0277404687367
2632,3357.204345703125,3371.4553691566234
2633,3239.407470703125,3359.2661256104984
2634,3239.407470703125,3325.4381825776113
2635,3348.790283203125,3296.1576646630274
2636,3357.204345703125,3279.682255681402
2637,3357.204345703125,3287.2381520990416
2638,3281.47802734375,3299.580897991185
2639,3348.790283203125,3295.640931658972
2640,3357.204345703125,3297.412977589424
2641,3407.688720703125,3307.553521617039
2642,3407.688720703125,3321.3977737430255
2643,3407.688720703125,3343.381253036846
2644,3424.5166015625,3361.7852672406657
2645,3424.5166015625,3380.26079213911
2646,3424.5166015625,3394.527776188126
2647,3424.5166015625,3405.256018031257
2648,3424.5166015625,3412.597819071556
2649,3424.5166015625,3417.390018201077
2650,3424.5166015625,3398.171764668238
2651,3424.5166015625,3401.354591050498
2652,3424.5166015625,3404.767343421886
2653,3424.5166015625,3408.2106652505176
2654,3424.5166015625,3411.2296175066235
2655,3424.5166015625,3413.6768117356346
2656,3416.102783203125,3415.5435138069097
2657,3365.618408203125,3394.3402107326083
2658,3365.618408203125,3384.1937711668097
2659,3365.618408203125,3375.3488262431724
2660,3365.618408203125,3368.546030240064
2661,3365.618408203125,3363.700880443531
2662,3357.204345703125,3360.4549499673885
2663,3365.618408203125,3356.66400973924
2664,3416.102783203125,3355.70412878178
2665,3416.102783203125,3366.6452650592882
2666,3416.102783203125,3377.6069265438027
2667,3416.102783203125,3387.3527970430728
2668,3416.102783203125,3395.315158065424
2669,3416.102783203125,3401.3816668554855
2670,3416.102783203125,3404.724000298579
2671,3416.102783203125,3387.0338920980385
2672,3416.102783203125,3390.7336698376203
2673,3416.102783203125,3394.650490723634
2674,3416.102783203125,3398.5396899214957
2675,3416.102783203125,3401.965325135579
2676,3416.102783203125,3404.747036568145
2677,3416.102783203125,3406.718220677215
2678,3416.102783203125,3408.2495321318706
2679,3416.102783203125,3409.2707703570845
2680,3416.102783203125,3409.901156236108
2681,3416.102783203125,3410.2483379290925
2682,3407.688720703125,3410.3993292125515
2683,3407.688720703125,3408.5753152047846
2684,3407.688720703125,3406.7681143985023
2685,3407.688720703125,3405.1900753449163
2686,3407.688720703125,3403.8960047138003
2687,3407.688720703125,3402.8881952144475
2688,3407.688720703125,3402.1532181209964
2689,3407.688720703125,3401.65493596792
2690,3407.688720703125,3401.3450926834257
2691,3407.688720703125,3401.0417999969127
2692,3407.688720703125,3401.007627710779
2693,3407.688720703125,3401.0148333685584
2694,3407.688720703125,3394.570136721736
2695,3407.688720703125,3375.383981119003
2696,3407.688720703125,3380.321931053598
2697,3407.688720703125,3384.204907183377
2698,3407.688720703125,3388.1302438467665
2699,3407.688720703125,3391.6627629845707
2700,3407.688720703125,3394.6178469103634
2701,3407.688720703125,3384.009808540181
2702,3407.688720703125,3386.81226353302
2703,3407.688720703125,3389.7993362122857
2704,3407.688720703125,3392.745467654171
2705,3407.688720703125,3395.342343047045
2706,3407.688720703125,3397.45971466772
2707,3407.688720703125,3399.0802234315483
2708,3407.688720703125,3400.248631758065
2709,3407.688720703125,3401.038524697922
2710,3407.688720703125,3401.531348019348
2711,3407.688720703125,3401.803634542085
2712,3407.688720703125,3401.9214361291074
2713,3407.688720703125,3401.9382493305916
2714,3407.688720703125,3401.85669438573
2715,3407.688720703125,3401.669893166643
2716,3407.688720703125,3401.624694040575
2717,3407.688720703125,3401.5706516072332
2718,3407.688720703125,3401.516390820625
2719,3407.688720703125,3401.4673705124014
2720,3407.688720703125,3401.425337508691
2721,3390.860595703125,3401.315287462613
2722,3399.274658203125,3397.6079765353534
2723,3399.274658203125,3395.9141010741396
2724,3399.274658203125,3394.632367402554
2725,3399.274658203125,3393.7170305113636
2726,3407.688720703125,3393.108807488842
2727,3407.688720703125,3388.1002202726872
2728,3407.688720703125,3390.3227289909555
2729,3407.688720703125,3392.6540868123384
2730,3407.688720703125,3394.9085842840796
2731,3407.688720703125,3396.8679773167837
2732,3407.688720703125,3398.4472173133327
2733,3407.688720703125,3399.643574857901
2734,3432.9306640625,3400.4977728346034
2735,3432.9306640625,3406.6297876044737
2736,3432.9306640625,3412.31832689104
2737,3432.9306640625,3417.1165307353767
2738,3432.9306640625,3420.873844560557
2739,3432.9306640625,3423.629135247934
2740,3432.9306640625,3425.5175634691786
2741,3458.309814453125,3426.725275383581
2742,3458.309814453125,3432.9880837598016
2743,3458.309814453125,3438.659591491618
2744,3458.309814453125,3443.3593180129765
2745,3458.309814453125,3446.9784142207604
2746,3458.309814453125,3449.598871766365
2747,3458.309814453125,3451.3208056222634
2748,3458.309814453125,3452.4280750342923
2749,3458.309814453125,3453.02276015432
2750,3458.309814453125,3453.268080048703
2751,3458.309814453125,3453.2890419622418
2752,3458.309814453125,3453.1805203890253
2753,3458.309814453125,3453.0099864882577
2754,3458.309814453125,3452.821656796308
2755,3458.309814453125,3452.6617130289424
2756,3458.309814453125,3452.5154163407037
2757,3458.309814453125,3452.3917192154986
2758,3458.309814453125,3452.2938969523184
2759,3458.309814453125,3452.220966961465
2760,3458.309814453125,3452.1703090037463
2761,3458.309814453125,3452.1372284839426
2762,3458.309814453125,3452.1374468372087
2763,3458.309814453125,3452.137774367108
2764,3458.309814453125,3452.137992720374
2765,3458.309814453125,3452.138101897007
2766,3458.309814453125,3452.138101897007
2767,3458.309814453125,3452.138320250273
2768,3458.309814453125,3452.138320250273
2769,3458.309814453125,3452.138320250273
2770,3458.309814453125,3452.138320250273
2771,3458.309814453125,3452.138320250273
2772,3458.309814453125,3452.138320250273
2773,3458.309814453125,3452.138320250273
2774,3458.309814453125,3452.138320250273
2775,3458.309814453125,3452.138320250273
2776,3458.309814453125,3452.138320250273
2777,3458.309814453125,3452.138320250273
2778,3458.309814453125,3452.138320250273
2779,3458.309814453125,3452.138320250273
2780,3458.309814453125,3452.138320250273
2781,3424.40478515625,3452.138320250273
2782,3424.40478515625,3444.651532641331
2783,3424.40478515625,3437.5167304972265
2784,3424.40478515625,3431.3404991909856
2785,3424.40478515625,3426.4062612619136
2786,3424.40478515625,3422.717182832367
2787,3509.167236328125,3420.1313342794283
2788,2966.6875,3437.1267515641002
2789,2966.6875,3321.2834658082597
2790,2958.211181640625,3223.8462686122666
2791,3458.309814453125,3140.9997641821765
2792,3458.309814453125,3181.6580157296917
2793,3458.309814453125,3235.3057755433256
2794,2975.16357421875,3289.648444626094
2795,3297.26123046875,3231.671503783552
2796,3365.071044921875,3192.3557972922117
2797,3458.309814453125,3221.2749405515183
2798,3458.309814453125,3247.802351311386
2799,3458.309814453125,3299.8939073980364
2800,3492.21484375,3345.297958006041
2801,3492.21484375,3386.317584208833
2802,3492.21484375,3423.070696770067
2803,4238.125,3448.2399502152384
2804,4322.88720703125,3522.8495143909468
2805,4492.41259765625,3682.411272717687
2806,4492.41259765625,3904.759202571241
2807,4916.224609375,4094.843144659835
2808,4916.224609375,4272.886432599836
2809,4916.224609375,4478.459481967406
2810,4916.224609375,4640.025614099653
2811,4916.224609375,4759.837797995455
2812,4916.224609375,4843.699208406044
2813,4916.224609375,4898.299534342726
2814,4916.224609375,4930.924787586329
2815,4916.224609375,4947.561777984815
2816,4916.224609375,4953.911490960916
2817,4916.224609375,4954.242077805682
2818,4916.224609375,4950.75672297334
2819,4916.224609375,4945.693765793944
2820,4916.224609375,4940.096498172577
2821,4916.224609375,4934.738545730777
2822,4916.224609375,4930.06382065838
2823,4831.46240234375,4926.191107132104
2824,4831.46240234375,4850.127965264446
2825,4746.7001953125,4837.031136368074
2826,5085.74951171875,4809.175810220857
2827,5085.74951171875,4810.115821031108
2828,5085.74951171875,4870.588321351086
2829,5064.5595703125,4864.424427004376
2830,5064.5595703125,4898.301499522119
2831,4746.7001953125,4975.131716413334
2832,4826.25341796875,4965.505831033747
2833,5151.09716796875,4934.919997294847
2834,5429.53515625,4951.91727058228
2835,5429.53515625,5035.203101783619
2836,5522.34765625,5143.354784566983
2837,5197.50341796875,5206.4071287250845
2838,5615.16015625,5230.149334400128
2839,5568.75390625,5262.3968364935035
2840,5243.90966796875,5323.175031385921
2841,5754.37890625,5297.178109885869
2842,6450.47314453125,5416.735257166951
2843,7564.2236328125,5587.0739501151465
2844,6752.11376953125,5894.7371956011375
2845,6380.86376953125,6175.253016228375
2846,7076.9580078125,6314.320464535607
2847,7123.3642578125,6439.175735463597
2848,7146.56689453125,6642.459569190128
2849,7146.56689453125,6808.705011813358
2850,7425.0048828125,6922.4391141959995
2851,7425.0048828125,7055.989648883764
2852,6589.69189453125,7156.079729085367
2853,5754.37890625,7027.564857418745
2854,6125.62939453125,6827.9113650931995
2855,6032.816406250001,6656.859530378156
2856,6102.42578125,6517.888157507975
2857,6032.816406250001,6425.505510890635
2858,6009.61328125,6328.950133359497
2859,6009.61328125,6222.448764560774
2860,6009.61328125,6156.645387603983
2861,6496.87939453125,6106.257314522251
2862,6752.11376953125,6088.023069982769
2863,6218.44189453125,6195.121853317345
2864,6253.44189453125,6238.472400634988
2865,6253.44189453125,6261.22350083553
2866,6253.44189453125,6273.902401580724
2867,6253.44189453125,6278.181252181812
2868,6253.44189453125,6278.525813635605
2869,6486.779296875,6276.644918602038
2870,6486.779296875,6252.921709661138
2871,6486.779296875,6310.008424238083
2872,6486.779296875,6354.957317463052
2873,6486.779296875,6391.017485934545
2874,6486.779296875,6419.264101134486
2875,6580.1142578125,6440.175793422006
2876,6580.1142578125,6475.198783879866
2877,6580.1142578125,6503.296482152375
2878,6463.4453125,6524.864981064108
2879,6463.4453125,6520.666484464918
2880,6463.4453125,6510.489475441876
2881,6463.4453125,6500.090182794016
2882,6463.4453125,6490.112748656124
2883,6463.4453125,6482.034551226145
2884,6463.4453125,6475.4014157107395
2885,6556.7802734375,6470.027305127253
2886,6556.7802734375,6411.704274358057
2887,6556.7802734375,6438.86829406503
2888,6556.7802734375,6462.019854155467
2889,6556.7802734375,6482.871717648097
2890,6556.7802734375,6500.021619868484
2891,6556.7802734375,6514.152569832764
2892,6556.7802734375,6524.961493207693
2893,6556.7802734375,6532.959773342305
2894,6556.7802734375,6538.703774358443
2895,6556.7802734375,6542.707063137805
2896,6556.7802734375,6545.482333149022
2897,6556.7802734375,6547.288114659076
2898,6556.7802734375,6548.39953278316
2899,6556.7802734375,6548.966377861769
2900,6556.7802734375,6549.194775378034
2901,6556.7802734375,6549.230148607131
2902,6556.7802734375,6549.152851550957
2903,6556.7802734375,6549.015288993359
2904,6556.7802734375,6548.852834163434
2905,6556.7802734375,6548.687322387785
2906,6556.7802734375,6548.130958265945
2907,6556.7802734375,6548.130958265945
2908,6556.7802734375,6548.130958265945
2909,6556.7802734375,6548.130958265945
2910,6556.7802734375,6548.130958265945
2911,6556.7802734375,6548.130958265945
2912,6556.7802734375,6548.130958265945
2913,6556.7802734375,6548.130958265945
2914,6556.7802734375,6548.130958265945
2915,6556.7802734375,6548.130958265945
2916,6556.7802734375,6548.130958265945
2917,6556.7802734375,6548.130958265945
2918,5413.42724609375,6548.130958265945
2919,5880.10205078125,6297.726489730529
2920,5880.10205078125,6118.615672672916
2921,6533.44677734375,6043.313928643899
2922,6533.44677734375,6028.921828173448
2923,6533.44677734375,6127.572960351925
2924,6533.44677734375,6217.337988016118
2925,6533.44677734375,6296.3089403274735
2926,6533.44677734375,6361.224056198062
2927,6533.44677734375,6411.999487973727
2928,6533.44677734375,6450.200391865361
2929,6533.44677734375,6477.991958858898
2930,6533.44677734375,6351.975485262171
2931,6533.44677734375,6387.881496327848
2932,6533.44677734375,6415.8739483261315
2933,6346.77685546875,6442.10079581531
2934,6346.77685546875,6396.582873979072
2935,6346.77685546875,6384.368192277455
2936,6533.44677734375,6372.799399536749
2937,6533.44677734375,6361.498744606725
2938,6533.44677734375,6396.5575450002125
2939,5926.76953125,6425.649187339682
2940,5926.76953125,6276.480716945985
2941,6603.44775390625,6189.22980878684
2942,6603.44775390625,6157.325339674396
2943,6603.44775390625,6243.714625845792
2944,6603.44775390625,6321.78770952724
2945,6603.44775390625,6390.829265419229
2946,6603.44775390625,6447.777544025512
2947,6603.44775390625,6492.43952105892
2948,6603.44775390625,6526.11832881111
2949,6603.44775390625,6550.6682232171925
2950,6603.44775390625,6566.984889374416
2951,6603.44775390625,6578.98864182105
2952,6603.44775390625,6586.927529867304
2953,6603.44775390625,6591.940920855311
2954,6603.44775390625,6594.542818373303
2955,6603.44775390625,6596.036354712936
2956,6603.44775390625,6596.651674216603
2957,6603.44775390625,6596.574377160429
2958,6603.44775390625,6596.477865016845
2959,6603.44775390625,6596.159069248444
2960,6603.44775390625,6594.904848088378
2961,6603.44775390625,6594.1109156131
2962,6603.44775390625,6593.317419844353
2963,6603.44775390625,6593.317419844353
2964,6906.78662109375,6593.317419844353
2965,6906.78662109375,6659.971064419057
2966,8120.140625,6717.152107606927
2967,8120.140625,6834.363267397801
2968,8120.140625,7105.442296573831
2969,7606.79833984375,7324.427040247386
2970,7560.130859375,7384.0414122318725
2971,7560.130859375,7433.67048936089
2972,7560.130859375,7463.094902077787
2973,7560.130859375,7480.656618557903
2974,6533.44677734375,7490.624445152091
2975,7023.455078125,7290.203222743189
2976,7070.12255859375,7180.401225975184
2977,7210.125,7150.978996790948
2978,7210.125,7128.196017013565
2979,7210.125,7132.959175158705
2980,6766.7841796875,7138.170830912266
2981,6766.7841796875,7074.103799126931
2982,6766.7841796875,7007.6785520684925
2983,6766.7841796875,6950.04857456567
2984,6766.7841796875,6900.516446286769
2985,6766.7841796875,6860.052092439486
2986,6766.7841796875,6828.256799960056
2987,6766.7841796875,6803.834423861334
2988,6766.7841796875,6786.763565523249
2989,6766.7841796875,6774.672908476736
2990,6766.7841796875,6765.901657780382
2991,6766.7841796875,6760.07599264275
2992,6766.7841796875,6756.295424194738
2993,6766.7841796875,6753.949436704531
2994,6766.7841796875,6752.5668238240405
2995,6533.44677734375,6751.078527962792
2996,6533.44677734375,6700.946364908846
2997,6533.44677734375,6658.161789256747
2998,6533.44677734375,6622.394214161732
2999,6533.44677734375,6594.051086818207
3000,6533.44677734375,6572.397866839255
3001,6533.44677734375,6556.217889826566
3002,6533.44677734375,6544.583154399519
3003,6533.44677734375,6536.520678404693
3004,6533.44677734375,6531.138707103631
3005,6533.44677734375,6527.706193761667
3006,6533.44677734375,6525.651926234874
3007,6533.44677734375,6524.54050811079
3008,6533.44677734375,6524.051833501419
3009,6533.44677734375,6523.957504890494
3010,6533.44677734375,6524.093757328496
3011,6533.44677734375,6524.353161008538
3012,5833.4345703125,6524.663222646298
3013,6976.78759765625,6373.216454274862
3014,6160.10693359375,6328.022568685409
3015,6533.44677734375,6336.792509262166
3016,6533.44677734375,6321.266718634497
3017,6533.44677734375,6367.358472853858
3018,6533.44677734375,6407.261658807447
3019,6533.44677734375,6440.296324424854
3020,5996.7705078125,6466.377311932326
3021,6090.10546875,6385.705824385143
3022,6113.439453125,6309.69574236113
3023,5903.435546875,6262.595196052719
3024,5950.10302734375,6174.70189258492
3025,6043.43798828125,6111.743221977944
3026,6533.44677734375,6068.044182847721
3027,6160.10693359375,6114.699725199966
3028,6160.10693359375,6124.313382796656
3029,6510.11279296875,6132.583294394208
3030,6533.44677734375,6162.654906191612
3031,6533.44677734375,6244.753113979023
3032,6346.77685546875,6313.669335096311
3033,6533.44677734375,6333.601494632429
3034,6533.44677734375,6328.677628483494
3035,6533.44677734375,6322.62225571
3036,6486.779296875,6370.350786011508
3037,6533.44677734375,6399.844635067001
3038,6253.44189453125,6426.76584594215
3039,6300.109375,6414.337614746357
3040,6346.77685546875,6407.988338476789
3041,6533.44677734375,6389.78903045987
3042,6533.44677734375,6396.651436904605
3043,6533.44677734375,6429.421895070117
3044,6533.44677734375,6454.9958662938725
3045,6533.44677734375,6475.731129142442
3046,6533.44677734375,6442.616109523137
3047,6533.44677734375,6462.444769611158
3048,6533.44677734375,6477.419873301905
3049,6533.44677734375,6490.224108821798
3050,6533.44677734375,6500.50068693415
3051,6533.44677734375,6508.758807455336
3052,6533.44677734375,6514.879249502106
3053,6533.44677734375,6519.123163580631
3054,6533.44677734375,6521.796244263348
3055,6533.44677734375,6523.497216205707
3056,6533.44677734375,6524.891183456031
3057,6533.44677734375,6469.686674032249
3058,6533.44677734375,6478.818644324081
3059,6533.44677734375,6486.251826206213
3060,6533.44677734375,6494.1859104806135
3061,6533.44677734375,6501.398118857525
3062,6510.11279296875,6507.586250416764
3063,6510.11279296875,6507.802856856664
3064,6510.11279296875,6507.481440849071
3065,6440.11181640625,6506.848653084121
3066,6533.44677734375,6497.137173224251
3067,6533.44677734375,6461.459122968307
3068,6510.11279296875,6473.684722333226
3069,6510.11279296875,6478.923453891774
3070,6510.11279296875,6484.237298973837
3071,6510.11279296875,6488.958969998431
3072,6510.11279296875,6492.866620047272
3073,6300.109375,6495.950641576654
3074,6300.109375,6453.328084047949
3075,6533.44677734375,6415.561703155711
3076,6533.44677734375,6420.110438393611
3077,6533.44677734375,6440.626911269621
3078,6533.44677734375,6459.672119839132
3079,6300.109375,6476.416321691238
3080,6300.109375,6440.2587676630965
3081,6300.109375,6407.331968559109
3082,6533.44677734375,6378.784899265113
3083,6533.44677734375,6391.52406551173
3084,6533.44677734375,6419.404283931275
3085,6533.44677734375,6444.451150370838
3086,6533.44677734375,6465.904358758109
3087,6533.44677734375,6482.974780389662
3088,6533.44677734375,6496.426214990063
3089,6533.44677734375,6506.42373762843
3090,6533.44677734375,6513.649483907836
3091,6533.44677734375,6518.677286211401
3092,6533.44677734375,6522.056521356453
3093,6533.44677734375,6524.2304464730305
3094,6300.109375,6525.376364413146
3095,6300.109375,6476.073507063575
3096,6486.779296875,6432.734750822297
3097,6486.779296875,6415.320204443484
3098,6486.779296875,6424.445624137335
3099,6486.779296875,6434.1876734544485
3100,6486.779296875,6443.827533443062
3101,6533.44677734375,6452.507949180747
3102,6533.44677734375,6462.700242932411
3103,6533.44677734375,6478.604221416841
3104,6533.44677734375,6491.408020230203
3105,7000.12109375,6501.582409014053
3106,7466.7958984375,6537.169187604797
3107,7746.80078125,6670.710988161921
3108,7466.7958984375,6852.300988202017
3109,7466.7958984375,6998.807295576299
3110,7560.130859375,7113.65630973528
3111,7560.130859375,7139.924644345005
3112,7560.130859375,7232.749237972785
3113,7560.130859375,7305.280079055905
3114,7560.130859375,7360.499873208309
3115,7560.130859375,7401.228871214016
3116,7560.130859375,7430.700011529842
3117,7560.130859375,7327.238556900765
3118,7560.130859375,7365.062146348701
3119,7560.130859375,7289.720662025267
3120,7560.130859375,7331.748861963843
3121,7560.130859375,7364.3197452442055
3122,7000.12109375,7393.2035152744165
3123,7000.12109375,7265.793947840429
3124,7373.4609375,7197.825379897702
3125,7560.130859375,7174.400004811665
3126,7560.130859375,7117.6534846231925
3127,7560.130859375,7113.072869808452
3128,7560.130859375,7089.818683682981
3129,7560.130859375,7173.820931950158
3130,7560.130859375,7177.463501134041
3131,7560.130859375,7248.764139916358
3132,7560.130859375,7306.305902699705
3133,8586.8154296875,7353.588555631984
3134,9100.0,7452.171124884928
3135,9200.0,7654.86496808665
3136,9200.0,7933.399451177947
3137,9200.0,8151.385010306157
3138,9200.0,8321.92240472644
3139,9200.0,8451.337765262162
3140,9200.0,8548.800618966912
3141,9000.0,8621.324036038988
3142,8900.0,8657.046193654669
3143,9100.0,8667.878699182327
3144,9100.0,8672.325245091726
3145,9100.0,8695.92399267099
3146,9100.0,8711.146708965412
3147,9000.0,8722.387535100544
3148,9100.0,8719.186912927102
3149,9100.0,8728.134156355874
3150,9100.0,8734.283857740293
3151,9100.0,8738.593714505158
3152,9100.0,8741.470737138345
