,y_actual,y_predict
0,454.3923034667969,452.7326421841013
1,449.558349609375,460.4928940164264
2,449.558349609375,452.8508154412396
3,483.3960571289063,451.7463499995236
4,512.3998413085938,476.001633827425
5,512.3998413085938,495.3396862422847
6,522.0677490234375,500.11792000068823
7,512.3998413085938,510.23813158504544
8,502.73187255859375,514.3909501643305
9,502.73187255859375,511.6853826512258
10,493.0639953613281,505.2729238496613
11,493.0639953613281,497.7751307219156
12,493.0639953613281,501.30440564425413
13,512.3998413085938,498.2436351056081
14,512.3998413085938,501.6723528445848
15,522.0677490234375,501.1177584409861
16,541.403564453125,515.0747093044897
17,551.0714721679688,535.8610525200696
18,580.0753173828125,546.0646805212303
19,560.7394409179688,573.6756927234053
20,551.0714721679688,566.3323150281898
21,560.7394409179688,564.5348219555588
22,541.403564453125,560.1671348069219
23,551.0714721679688,552.3535891527499
24,551.0714721679688,546.0667302836091
25,541.403564453125,559.6047869543254
26,551.0714721679688,563.3952134863932
27,551.0714721679688,549.2587450278954
28,560.7394409179688,544.1310119305697
29,580.0753173828125,555.2630040490833
30,599.4110717773438,581.9864394345717
31,609.0790405273438,585.9050800887635
32,647.750732421875,602.4639517850912
33,638.0828247070312,632.7089977640238
34,638.0828247070312,642.118268576678
35,657.4186401367188,640.4020530383684
36,667.0865478515625,647.5361767307477
37,686.4224243164062,660.1164299432805
38,667.0865478515625,668.8809168076723
39,657.4186401367188,670.8923872486209
40,667.0865478515625,672.785625019029
41,657.4186401367188,669.7641267392912
42,667.0865478515625,659.6974169236887
43,657.4186401367188,656.5942549225147
44,657.4186401367188,646.8854811489583
45,657.4186401367188,639.4386647203703
46,676.7544555664062,638.3274855641966
47,705.75830078125,651.4767112236802
48,696.09033203125,672.4137862408488
49,686.4224243164062,669.3706020692782
50,676.7544555664062,666.8278272784254
51,667.0865478515625,664.3044212567163
52,676.7544555664062,655.0428224554333
53,667.0865478515625,668.1649853101776
54,657.4186401367188,655.1911480142296
55,647.750732421875,651.421842946673
56,638.0828247070312,650.087477344828
57,638.0828247070312,635.9071915021475
58,638.0828247070312,630.7806466728673
59,628.4149169921875,630.2972592319034
60,628.4149169921875,623.294320331762
61,647.750732421875,614.1378238391153
62,667.0865478515625,622.1511173517583
63,657.4186401367188,643.8333552603443
64,647.750732421875,634.2655397837013
65,628.4149169921875,639.8427946826905
66,638.0828247070312,641.3695111744228
67,628.4149169921875,640.9814525374197
68,628.4149169921875,637.1306619886336
69,628.4149169921875,631.256577731845
70,628.4149169921875,623.9920713281585
71,638.0828247070312,615.3493225250418
72,628.4149169921875,617.1852263622479
73,618.7469482421875,611.826078063035
74,618.7469482421875,606.9677847450567
75,599.4110717773438,601.9051390299306
76,599.4110717773438,599.5676969573633
77,618.7469482421875,599.2340907035516
78,628.4149169921875,615.749026188892
79,599.4110717773438,614.122970488545
80,580.0753173828125,612.5692506054759
81,589.7432250976562,601.3518220144811
82,580.0753173828125,589.9839586889088
83,580.0753173828125,580.1953630093872
84,580.0753173828125,581.6036091769695
85,599.4110717773438,577.926691949961
86,599.4110717773438,593.2585283556657
87,580.0753173828125,596.6096224845612
88,580.0753173828125,595.3093007622236
89,580.0753173828125,583.3346483591483
90,580.0753173828125,579.4995132418637
91,580.0753173828125,572.1711671374254
92,580.0753173828125,569.485948714602
93,580.0753173828125,575.3165423609206
94,580.0753173828125,574.3726119321698
95,580.0753173828125,568.9447223265169
96,570.4073486328125,569.2087554862568
97,570.4073486328125,561.1419602048591
98,560.7394409179688,559.0176934196786
99,551.0714721679688,554.6784652907347
100,551.0714721679688,545.6393696809967
101,570.4073486328125,539.721824520439
102,580.0753173828125,542.3241612470792
103,570.4073486328125,563.6882997998489
104,570.4073486328125,554.1813830605447
105,570.4073486328125,551.88306471338
106,580.0753173828125,549.602629800302
107,580.0753173828125,549.6241671586291
108,580.0753173828125,549.7661354833813
109,570.4073486328125,549.3362201044708
110,531.7357177734375,548.1705588584047
111,502.73187255859375,540.3598650475424
112,473.7281188964844,525.7334439671283
113,473.7281188964844,508.04432141249424
114,454.3923034667969,492.6309401121578
115,444.724365234375,476.98433150116455
116,449.558349609375,462.536417987906
117,449.558349609375,452.59085209955595
118,439.8904418945313,446.39248949311366
119,439.8904418945313,441.57282973996917
120,439.8904418945313,435.98921760693577
121,444.724365234375,433.4523247429088
122,444.724365234375,432.4693300021578
123,444.724365234375,432.24951526706604
124,444.724365234375,434.81079733272963
125,439.8904418945313,434.97645675164165
126,439.8904418945313,433.299662005746
127,435.0564575195313,431.4255553508726
128,420.5545654296875,429.284385452743
129,425.3885498046875,425.4299112730156
130,415.7206115722656,423.3007131754457
131,415.7206115722656,418.4474848500121
132,410.88665771484375,413.58491376706957
133,406.0527038574219,410.1979933565981
134,425.3885498046875,406.69398398357987
135,415.7206115722656,407.0933757270682
136,410.88665771484375,406.8527663011778
137,410.88665771484375,405.83797053685555
138,406.0527038574219,405.0362312331155
139,410.88665771484375,403.19774291291003
140,410.88665771484375,402.53081261894727
141,410.88665771484375,403.718545943961
142,415.7206115722656,404.2181978037996
143,410.88665771484375,404.50097589195946
144,406.0527038574219,404.1234631338615
145,401.21875,402.8345190780608
146,401.21875,399.97251607674826
147,396.384765625,397.2168927722212
148,396.384765625,394.17737737824143
149,386.7168273925781,391.9490480189645
150,396.384765625,388.92738635237043
151,396.384765625,388.66571487537124
152,391.5508117675781,388.04710253081396
153,406.0527038574219,387.40098178100027
154,406.0527038574219,390.96231023386974
155,401.21875,393.336648029254
156,396.384765625,393.7622856432002
157,386.7168273925781,392.580790725426
158,391.5508117675781,389.536789619574
159,396.384765625,387.0769410849558
160,401.21875,387.77299879938727
161,401.21875,388.42393203478576
162,401.21875,391.2754931306473
163,391.5508117675781,392.124198728891
164,406.0527038574219,391.50454664979384
165,406.0527038574219,399.5616278399185
166,401.21875,405.2118721036108
167,391.5508117675781,401.7356087894582
168,391.5508117675781,397.90042911212174
169,391.5508117675781,393.8707448090655
170,396.384765625,390.64489413217973
171,396.384765625,391.71169147684907
172,391.5508117675781,390.75243239030965
173,386.7168273925781,389.07187974671956
174,381.8829040527344,386.2635270476674
175,381.8829040527344,383.37414932125364
176,381.8829040527344,380.0311205617177
177,386.7168273925781,377.4781860790747
178,381.8829040527344,376.9827228640969
179,377.0489501953125,375.92005475088615
180,377.0489501953125,374.3348457646076
181,377.0489501953125,373.1297043127253
182,372.2149658203125,372.24197896253304
183,362.5470275878906,370.81270045054293
184,352.879150390625,366.732559315599
185,348.045166015625,361.0402206563901
186,348.045166015625,354.9859949638833
187,352.879150390625,349.8172963256842
188,362.5470275878906,346.4874721948055
189,348.045166015625,347.4285507802467
190,348.045166015625,346.7789543463996
191,348.045166015625,345.74462642607716
192,338.3772277832031,344.7235031344119
193,328.7093200683594,342.0367696698304
194,328.7093200683594,337.7356849451513
195,328.7093200683594,333.48972100443905
196,323.8753662109375,329.7188563350726
197,319.0414123535156,326.4194370128115
198,309.3734741210937,322.75254579743796
199,304.5395202636719,317.79808446119154
200,294.8716125488281,312.346511188054
201,294.8716125488281,306.21587986021285
202,314.2074584960937,300.8707531239383
203,314.2074584960937,300.65996179931807
204,304.5395202636719,302.8541061722571
205,299.7055358886719,303.56666595917227
206,299.7055358886719,302.6295235116322
207,294.8716125488281,300.8059999421265
208,290.03765869140625,298.73934930380875
209,290.03765869140625,295.9308480712509
210,299.7055358886719,293.07956176237496
211,290.03765869140625,292.2347031819289
212,290.03765869140625,291.5285897491613
213,294.8716125488281,291.64474295062206
214,367.3810119628906,292.3775255743389
215,328.7093200683594,307.3949462551688
216,328.7093200683594,319.6264502229832
217,319.0414123535156,323.301941528337
218,319.0414123535156,322.732523480869
219,304.5395202636719,319.34453362915644
220,314.2074584960937,317.87408162938516
221,309.3734741210937,314.02856402005165
222,309.3734741210937,311.30090957464864
223,319.0414123535156,309.83179437642866
224,319.0414123535156,309.6685263469585
225,314.2074584960937,312.00807759530676
226,304.5395202636719,311.9839260472793
227,309.3734741210937,310.74802330636555
228,314.2074584960937,308.580347604143
229,328.7093200683594,308.9511466477832
230,328.7093200683594,311.9564696287498
231,319.0414123535156,315.6845417951229
232,319.0414123535156,316.5942426774841
233,338.3772277832031,316.62214469653065
234,348.045166015625,320.5755941777842
235,386.7168273925781,326.38925500445237
236,343.2112121582031,336.2912560155794
237,323.8753662109375,341.7185217805084
238,338.3772277832031,339.15331843029423
239,348.045166015625,336.1843118914723
240,348.045166015625,339.77552528568947
241,348.045166015625,340.63278641386177
242,333.54327392578125,340.02466053480725
243,338.3772277832031,338.10115163593673
244,338.3772277832031,335.96161560636983
245,333.54327392578125,333.95770552086157
246,333.54327392578125,332.2861540077172
247,328.7093200683594,330.0683853806959
248,338.3772277832031,327.72941341301987
249,338.3772277832031,328.9184686862344
250,338.3772277832031,330.19833734483655
251,348.045166015625,331.6528219927447
252,343.2112121582031,334.87983123097496
253,338.3772277832031,337.4010686635007
254,338.3772277832031,338.6947509381333
255,343.2112121582031,338.48349173297015
256,352.879150390625,339.41990636633227
257,348.045166015625,341.84776078382174
258,348.045166015625,342.0201933305938
259,362.5470275878906,342.55062133281444
260,352.879150390625,348.00111773803565
261,338.3772277832031,349.5597837868447
262,304.5395202636719,345.86208672238814
263,309.3734741210937,335.97536980899804
264,323.8753662109375,327.27669814098374
265,333.54327392578125,322.1516386467607
266,319.0414123535156,321.26983978344606
267,328.7093200683594,321.0633336504653
268,323.8753662109375,320.7804218821504
269,328.7093200683594,318.49737277937203
270,338.3772277832031,319.8740630036675
271,328.7093200683594,323.58535831057134
272,333.54327392578125,324.57797802249195
273,333.54327392578125,327.00501550570004
274,343.2112121582031,327.9277353498362
275,343.2112121582031,331.84979227465914
276,343.2112121582031,333.95115519326
277,338.3772277832031,336.16816629940223
278,343.2112121582031,336.16736421847145
279,372.2149658203125,336.18477234534
280,352.879150390625,346.4445608650075
281,357.71307373046875,349.4115473481518
282,352.879150390625,351.5475334269324
283,352.879150390625,352.15732288125076
284,357.71307373046875,352.29381031964243
285,357.71307373046875,351.4335488146549
286,357.71307373046875,350.87969707858474
287,352.879150390625,350.64810363649065
288,338.3772277832031,348.6357717012089
289,348.045166015625,344.91659669182746
290,367.3810119628906,341.8822057037945
291,348.045166015625,347.4173067938649
292,333.54327392578125,347.7447192004889
293,348.045166015625,344.0199296245918
294,333.54327392578125,341.8739918009291
295,338.3772277832031,338.0982552325755
296,338.3772277832031,335.2999731052101
297,338.3772277832031,333.9436542512219
298,352.879150390625,334.0095288610018
299,352.879150390625,336.97148005830275
300,338.3772277832031,340.4467630513177
301,348.045166015625,340.3381404985962
302,338.3772277832031,340.41937347286586
303,348.045166015625,338.8491812240141
304,343.2112121582031,339.59661667806864
305,343.2112121582031,339.1055946149114
306,348.1142272949219,338.36678895753823
307,348.1142272949219,338.83859078505736
308,343.2112121582031,338.8929689014957
309,348.1142272949219,338.7304286862035
310,348.1142272949219,339.7290194450535
311,343.2112121582031,340.77469532521167
312,343.2112121582031,341.0096604778853
313,343.2112121582031,339.85426289706334
314,333.4051818847656,337.9840329666889
315,323.5991516113281,334.3334507302417
316,323.5991516113281,329.99181635850533
317,323.5991516113281,326.3784120585359
318,323.5991516113281,323.757805710694
319,313.7930908203125,321.7534054646169
320,313.7930908203125,317.950190197708
321,313.7930908203125,314.89962391090387
322,313.7930908203125,312.7485988146708
323,313.7930908203125,311.41327517171396
324,308.8900756835937,310.6558285593749
325,303.987060546875,308.22898416972424
326,299.08404541015625,305.1582544595208
327,299.08404541015625,301.5891279976018
328,299.08404541015625,299.03031901480813
329,294.1810302734375,297.09326386021735
330,294.1810302734375,294.8282021649798
331,284.375,293.1156034175341
332,284.375,289.8569491159135
333,294.1810302734375,286.54792710250865
334,299.08404541015625,285.625430058631
335,294.1810302734375,286.6480683920545
336,303.987060546875,287.020568144335
337,299.08404541015625,290.3542764263879
338,284.375,292.5577487034852
339,284.375,291.08930933271614
340,279.47198486328125,288.4032442689104
341,299.08404541015625,285.99930374583926
342,294.1810302734375,285.7137332277722
343,279.47198486328125,286.7138613084062
344,289.27801513671875,284.3656579833507
345,294.1810302734375,284.1207559391454
346,294.1810302734375,284.6381946862922
347,294.1810302734375,286.3098278928647
348,284.375,287.9161583436543
349,274.5689697265625,287.34050188894673
350,303.987060546875,283.0377907223802
351,279.47198486328125,282.6360298694759
352,279.47198486328125,279.6905287579317
353,279.47198486328125,277.7745356544498
354,279.47198486328125,276.572661939693
355,292.2198181152344,276.02819009450803
356,279.47198486328125,276.9840329104163
357,269.6659545898437,277.2739406068499
358,269.6659545898437,274.8154288737831
359,263.7823181152344,272.19301784384686
360,254.95689392089844,268.7483995930845
361,284.375,263.7511903138964
362,264.762939453125,262.6571742043068
363,259.85992431640625,261.77262747113656
364,260.84051513671875,259.76251611176514
365,262.8017272949219,258.67978112193373
366,275.549560546875,258.68229876485543
367,291.2392272949219,261.03916901996877
368,274.5689697265625,268.17661243620057
369,259.85992431640625,270.8385333786542
370,264.762939453125,269.370220261365
371,273.58837890625,266.33287345656856
372,266.7241516113281,265.4288019940735
373,271.6271667480469,264.3693199245601
374,270.64654541015625,265.0124031641821
375,269.6659545898437,265.95313269588496
376,254.95689392089844,265.6327384974055
377,258.8793029785156,262.488239621594
378,256.9180908203125,259.73141319567065
379,254.95689392089844,257.67876555360317
380,259.85992431640625,255.83796011070876
381,267.7047424316406,255.70005417733762
382,263.7823181152344,257.64350741268663
383,269.6659545898437,259.2062581329026
384,259.85992431640625,262.7027071504804
385,259.85992431640625,263.1376058285073
386,264.762939453125,262.048676991488
387,257.8987121582031,261.8128503444813
388,256.9180908203125,260.2577416731338
389,253.97628784179688,259.52348114103523
390,250.0538787841797,257.4184791515446
391,256.9180908203125,254.5703454663272
392,251.03448486328125,252.51231348467792
393,252.9956970214844,251.19201771916073
394,256.9180908203125,250.59054242782412
395,259.85992431640625,250.67191650892423
396,261.8211364746094,251.4104473793118
397,261.8211364746094,253.58254938000434
398,252.9956970214844,255.67525279522263
399,255.9375,255.5182528796932
400,254.95689392089844,255.12672598533197
401,254.95689392089844,254.43295197355076
402,254.95689392089844,253.8349857862864
403,254.95689392089844,253.25576081410432
404,253.97628784179688,253.13046166202983
405,249.07327270507807,252.7834094126141
406,253.97628784179688,251.35929243994724
407,250.0538787841797,250.54503547501398
408,252.0150909423828,249.628349804547
409,252.0150909423828,249.23429784058882
410,258.8793029785156,249.15323939318836
411,249.07327270507807,249.84552064323725
412,250.0538787841797,249.32667082778633
413,248.0926818847656,249.51201464954178
414,246.1314697265625,248.8380215873827
415,239.26724243164065,247.5969573071458
416,240.2478485107422,245.23515573964303
417,240.2478485107422,242.95930308521605
418,240.2478485107422,241.06570140771908
419,234.36422729492188,239.7430031127471
420,236.325439453125,237.63265020371347
421,236.325439453125,236.19678051740775
422,233.3836212158203,235.24950065810336
423,233.3836212158203,234.21764210731328
424,231.4224090576172,233.24593591299583
425,240.2478485107422,232.24429279060368
426,240.2478485107422,232.78154590741138
427,240.2478485107422,234.09860735584186
428,243.1896514892578,235.3120369773425
429,247.1120758056641,236.72356202206328
430,230.4418182373047,238.63212473692235
431,230.4418182373047,237.13683422165963
432,235.34483337402344,234.79021649177747
433,235.34483337402344,234.0233008684498
434,231.4224090576172,233.50597352143234
435,231.4224090576172,232.49508418831007
436,229.46121215820312,231.45919666617777
437,227.5,230.48431928151354
438,227.5,229.15744348169363
439,227.5,227.92514267829327
440,235.34483337402344,227.01355170707197
441,225.53878784179688,227.37774472304596
442,226.51939392089844,226.75898755832068
443,231.4224090576172,226.00432223587597
444,221.6163787841797,225.8528013500382
445,218.6745758056641,224.4212744121055
446,209.84913635253903,222.25414642718525
447,209.84913635253903,218.6139466827868
448,223.5775909423828,214.90960274394996
449,225.53878784179688,214.40528321869454
450,220.63577270507807,216.25741805473655
451,221.6163787841797,217.56463173173884
452,221.6163787841797,217.4037940817558
453,221.6163787841797,217.836351500399
454,211.8103485107422,217.97024702911614
455,215.73275756835935,216.2741317874659
456,205.92672729492188,215.21231774191295
457,221.6163787841797,212.43956852417813
458,221.6163787841797,211.87062021392194
459,210.82974243164065,212.7057591330884
460,210.82974243164065,212.24005089264082
461,220.63577270507807,211.39216037200964
462,215.73275756835935,211.2838850163577
463,202.9849090576172,210.88722257603672
464,201.02371215820312,209.3454512851671
465,202.9849090576172,206.7089156471728
466,198.08189392089844,204.17836330717057
467,196.1206970214844,201.99309195452852
468,181.41163635253903,200.07444427879935
469,184.35345458984372,194.014021605976
470,214.7521514892578,189.39129534949495
471,209.84913635253903,190.97357868987822
472,214.7521514892578,194.3971097084608
473,214.7521514892578,199.49538826347998
474,206.90733337402344,204.12166713970882
475,205.92672729492188,206.09049453950416
476,214.7521514892578,206.55562164261067
477,209.84913635253903,206.88202216472703
478,209.84913635253903,207.1705104378468
479,216.7133636474609,207.30889632010823
480,206.90733337402344,208.91177893689667
481,207.887939453125,208.07986783647604
482,203.96551513671875,207.2338989680749
483,203.96551513671875,205.8722951062869
484,209.84913635253903,204.5605251639971
485,204.9461212158203,204.67068968017477
486,213.7715606689453,204.6534124484581
487,210.82974243164065,206.13364909291772
488,202.0043182373047,206.44027423541837
489,199.0625,205.31299590389506
490,191.21766662597656,203.3259517979595
491,204.9461212158203,200.08958309220105
492,203.96551513671875,199.5934333739266
493,203.96551513671875,199.2651752546545
494,203.96551513671875,199.72491291234
495,193.1788787841797,199.47099024266646
496,192.19827270507807,197.74219995059732
497,198.08189392089844,195.6822996959466
498,203.96551513671875,194.88806191445363
499,203.96551513671875,196.18334556594465
500,203.96551513671875,197.45846776674694
501,207.887939453125,199.20096561264015
502,201.02371215820312,200.55617046533553
503,201.02371215820312,200.94298281339226
504,201.02371215820312,201.00667955064472
505,201.02371215820312,200.5782518276273
506,204.9461212158203,200.31848297200267
507,201.02371215820312,200.85093010156643
508,205.92672729492188,201.0677555998559
509,212.79095458984372,201.43659121621758
510,212.79095458984372,203.5618759200793
511,212.79095458984372,205.85439589051515
512,203.96551513671875,207.7209431182825
513,210.82974243164065,207.33207404533897
514,208.8685302734375,207.58688977271555
515,201.02371215820312,207.59308547657224
516,203.96551513671875,205.8922942144956
517,196.1206970214844,204.30086631600017
518,192.19827270507807,202.02386391940558
519,200.0431060791016,199.06683428698273
520,201.02371215820312,197.5922871720424
521,200.0431060791016,197.3889079014404
522,199.0625,196.8701043866682
523,200.0431060791016,196.61443563601003
524,196.1206970214844,196.94079995308437
525,196.1206970214844,196.54295493076606
526,197.10128784179688,195.99992235204303
527,191.21766662597656,195.4547614506418
528,197.10128784179688,194.027948246721
529,199.0625,193.80825605177142
530,195.1400909423828,194.46590323371134
531,197.10128784179688,194.53436139815602
532,191.21766662597656,194.18782646309066
533,191.21766662597656,192.9617753229846
534,191.21766662597656,191.62712379414108
535,181.41163635253903,190.7243719590108
536,195.1400909423828,188.76038814400303
537,181.41163635253903,187.80184480329422
538,191.21766662597656,185.7833677583812
539,191.21766662597656,185.19250240102394
540,186.3146514892578,185.90709338362961
541,186.3146514892578,185.9361214723163
542,186.3146514892578,185.74184150352391
543,186.3146514892578,185.5192529052131
544,186.3146514892578,185.33492189629968
545,186.3146514892578,185.20533569591677
546,185.3340606689453,185.1234389625435
547,185.3340606689453,184.84761131411622
548,185.3340606689453,184.56492327439423
549,186.3146514892578,184.2751483297813
550,191.21766662597656,184.25751090431334
551,186.3146514892578,185.45367443411024
552,194.15948486328125,185.75183223845136
553,191.21766662597656,187.44485334151085
554,191.21766662597656,188.47496058943523
555,191.21766662597656,189.08812639600515
556,186.3146514892578,189.44355639930978
557,191.21766662597656,188.8231778985363
558,191.21766662597656,187.9304033374845
559,190.2370758056641,187.95575893524264
560,196.1206970214844,188.09813201379785
561,196.1206970214844,189.15034893821348
562,205.92672729492188,190.5951844782573
563,196.1206970214844,193.98130802967904
564,205.92672729492188,195.187132503604
565,205.92672729492188,197.56297756594572
566,191.21766662597656,199.82631163084505
567,195.1400909423828,198.53761683283363
568,196.1206970214844,197.15507404028799
569,186.3146514892578,194.92479401833072
570,188.2758636474609,192.882219848995
571,195.1400909423828,190.96185243377008
572,195.1400909423828,190.68640586661837
573,194.15948486328125,191.12634772133111
574,196.1206970214844,191.53443702991277
575,191.21766662597656,192.43637100242728
576,178.46983337402344,192.05344466221354
577,176.5086212158203,189.8196214198944
578,185.3340606689453,186.40298641743956
579,171.60560607910156,184.18462272806102
580,185.3340606689453,181.88742952220198
581,183.3728485107422,180.30344222400794
582,181.41163635253903,179.71533123484707
583,182.39224243164065,184.0315988688124
584,182.39224243164065,182.5162470469355
585,182.39224243164065,180.3271463148495
586,180.4310302734375,178.81218810676273
587,176.5086212158203,178.1742812598145
588,164.7413787841797,176.57707447961278
589,167.68319702148438,174.00607460933844
590,171.60560607910156,170.9494760055339
591,172.58621215820312,169.92946114515496
592,173.5668182373047,170.1218306017302
593,183.3728485107422,170.63263361450961
594,174.5474090576172,173.1731247027123
595,168.66378784179688,174.68118538612794
596,185.3340606689453,174.4054125094309
597,176.5086212158203,176.25394355129075
598,176.5086212158203,177.16818398892005
599,167.68319702148438,175.8331908330134
600,168.66378784179688,173.35057025530193
601,177.48922729492188,171.09482161087203
602,177.48922729492188,170.35912216043693
603,171.60560607910156,171.0032581312806
604,179.450439453125,171.12623459065966
605,169.64439392089844,172.4897331829798
606,167.68319702148438,172.16864087702353
607,170.625,171.407802130748
608,168.66378784179688,170.41352441356995
609,165.72198486328125,169.42262397697783
610,166.7025909423828,168.11880429058087
611,167.68319702148438,166.99620290781843
612,159.83836364746094,166.54684449301124
613,160.8189697265625,164.83096315508942
614,166.7025909423828,163.4684226038811
615,166.7025909423828,163.39721935458408
616,166.7025909423828,163.81481016585877
617,166.7025909423828,163.18261071886724
618,161.79957580566406,163.33571905654725
619,157.8771514892578,162.25914820720254
620,153.95474243164062,160.87037106888036
621,154.9353485107422,159.24857456680928
622,151.012939453125,158.0804588045614
623,151.012939453125,156.3920301718314
624,152.97413635253906,154.96825482622765
625,153.95474243164062,153.77516686833323
626,150.03233337402344,153.58123409661042
627,153.95474243164062,152.63501996520947
628,151.9935302734375,152.44235715496043
629,151.012939453125,151.8924935435184
630,151.012939453125,151.38485800774816
631,150.03233337402344,150.79319335446334
632,150.03233337402344,150.1225497228579
633,146.1099090576172,149.72115277704262
634,151.012939453125,148.60665761035398
635,147.09051513671875,148.67934248137038
636,151.012939453125,148.19518637951433
637,148.0711212158203,148.21665318442624
638,151.012939453125,147.93296532854396
639,151.9935302734375,147.59430522220055
640,152.97413635253906,148.1030733259518
641,147.09051513671875,149.07002644808674
642,147.09051513671875,149.20606085928603
643,147.09051513671875,148.79615665693152
644,152.97413635253906,148.0349967069499
645,152.97413635253906,148.4807309042179
646,145.1293182373047,149.34335409194614
647,151.9935302734375,148.74183795389547
648,153.95474243164062,149.22361751966025
649,166.7025909423828,150.20686848070858
650,173.5668182373047,152.68490865643787
651,190.2370758056641,156.22927458295592
652,181.41163635253903,162.39656398000488
653,179.450439453125,167.64250189783894
654,179.450439453125,171.6081422665731
655,179.450439453125,174.29951740320786
656,179.450439453125,176.04812438577395
657,161.79957580566406,177.10369445408088
658,181.41163635253903,174.15038790681191
659,184.35345458984372,172.81627481192658
660,181.41163635253903,174.26207767642626
661,180.4310302734375,176.00909163714368
662,180.4310302734375,175.41710392348395
663,178.46983337402344,175.80953130222352
664,176.5086212158203,175.2122650791048
665,159.83836364746094,173.70583269424543
666,157.8771514892578,169.61543346406376
667,157.8771514892578,165.91530973345775
668,150.03233337402344,162.73854381020078
669,164.7413787841797,158.71448150033547
670,164.7413787841797,158.1901136651476
671,164.7413787841797,159.09371724709965
672,174.5474090576172,160.50678332694213
673,166.7025909423828,163.56376997453032
674,166.7025909423828,164.01764752124856
675,151.9935302734375,164.45409651774122
676,171.60560607910156,162.90215346673406
677,175.52801513671875,163.88809288423565
678,175.52801513671875,166.05708682132132
679,156.89654541015625,168.45950116262128
680,138.2650909423828,166.78875358707654
681,151.9935302734375,161.49077695551898
682,160.8189697265625,155.99918504260705
683,166.7025909423828,154.7247267169502
684,169.64439392089844,156.10546447927612
685,169.64439392089844,158.94549566175735
686,166.7025909423828,161.78247819403398
687,169.64439392089844,163.66987859766783
688,156.89654541015625,163.88584631496187
689,163.76077270507812,162.1937340512904
690,163.76077270507812,161.69204728242357
691,166.7025909423828,161.64288640537308
692,166.7025909423828,162.3826463905204
693,152.97413635253906,163.2469777135642
694,161.79957580566406,161.35987437694178
695,155.91595458984375,159.98164683086225
696,155.91595458984375,158.49073062734251
697,156.89654541015625,157.31895351417901
698,162.78016662597656,156.86789067739386
699,165.72198486328125,156.95709618758224
700,165.72198486328125,158.47074915748766
701,165.72198486328125,160.23846868890024
702,165.72198486328125,161.77239276899667
703,165.72198486328125,162.94297418743923
704,165.72198486328125,163.74369232332756
705,161.79957580566406,164.2629691726074
706,161.79957580566406,162.3609196519735
707,154.9353485107422,161.28198340655047
708,153.95474243164062,159.43805504669862
709,160.8189697265625,157.482399783856
710,160.8189697265625,157.24236592530025
711,160.8189697265625,157.67553418798565
712,161.79957580566406,158.27064853194048
713,160.8189697265625,159.01000004994705
714,153.95474243164062,158.78374638738302
715,153.95474243164062,157.91793715595742
716,159.83836364746094,156.70286623921876
717,159.83836364746094,155.78881332514044
718,159.83836364746094,155.08372106022452
719,159.83836364746094,155.43894636579162
720,157.8771514892578,156.17847612400504
721,157.8771514892578,156.57479322392524
722,156.89654541015625,156.79921992436914
723,156.89654541015625,156.75332678444414
724,156.89654541015625,156.63811677074463
725,156.89654541015625,156.4892936247042
726,156.89654541015625,156.36973157928753
727,156.89654541015625,156.2981755629145
728,156.89654541015625,156.24386799989136
729,156.89654541015625,156.19057417804467
730,174.5474090576172,156.16723585096088
731,174.5474090576172,159.513420947493
732,174.5474090576172,163.49767256449192
733,174.5474090576172,166.91434052281832
734,118.65301513671876,169.45559284523773
735,125.51724243164062,162.25769257884664
736,125.51724243164062,152.78853677003013
737,125.51724243164062,143.99328118993162
738,125.51724243164062,137.3225151952721
739,146.1099090576172,132.65551817929048
740,145.1293182373047,133.31062520619926
741,144.14871215820312,135.69361136495309
742,122.57543182373048,138.12093106182203
743,121.5948257446289,136.1468242242333
744,149.05172729492188,132.8660718503016
745,149.05172729492188,134.65650215473642
746,136.3038787841797,138.05874750965893
747,122.57543182373048,138.97724157555783
748,122.57543182373048,136.47542489890293
749,122.57543182373048,132.99384779858372
750,122.57543182373048,129.8278041377698
751,142.1875,127.3744465173509
752,142.1875,126.85947342639885
753,142.1875,129.23655166496332
754,142.1875,132.34069398727496
755,142.1875,135.18638429632352
756,128.45904541015625,137.49290169300315
757,129.4396514892578,136.66121803451313
758,117.67241668701172,134.0180308804665
759,117.67241668701172,130.05661257663195
760,127.47844696044922,126.31803909140557
761,132.3814697265625,125.04523320099966
762,132.3814697265625,125.94394260393875
763,120.61422729492188,127.40150189541494
764,121.5948257446289,126.82686289522147
765,121.5948257446289,124.80597543001119
766,110.80818939208984,123.45273864626641
767,112.76939392089844,121.71507486973306
768,114.73060607910156,119.46664150045909
769,112.76939392089844,117.39480704279224
770,116.69181060791016,115.72246087539236
771,118.65301513671876,115.25867985718129
772,123.55603790283205,115.87721050831037
773,132.3814697265625,117.4717771054482
774,132.3814697265625,120.19750804195233
775,137.28448486328125,123.43818978938266
776,137.28448486328125,127.09776572960024
777,137.28448486328125,130.32799814490426
778,137.28448486328125,132.83222849102688
779,142.1875,134.59844040735658
780,142.1875,136.64431120822633
781,145.1293182373047,138.40377227672178
782,145.1293182373047,140.05478903270253
783,133.36207580566406,141.52529301920086
784,141.20689392089844,140.4823575822229
785,145.1293182373047,140.1584617063465
786,145.1293182373047,140.7020089304584
787,145.1293182373047,141.6490622761666
788,144.14871215820312,142.5682024628153
789,144.14871215820312,142.1599432690365
790,144.14871215820312,141.25406712444718
791,147.09051513671875,141.25071769389353
792,147.09051513671875,141.9864152876598
793,147.09051513671875,143.0782219613521
794,137.28448486328125,144.11871402216124
795,137.28448486328125,143.51577196245583
796,137.28448486328125,142.06669393415535
797,142.1875,140.59718512214525
798,142.1875,140.3173591374113
799,142.1875,140.5436350800012
800,142.1875,140.87678087994536
801,142.1875,141.16318318564436
802,142.1875,141.40857910375607
803,142.1875,141.59166892956245
804,142.1875,141.72772562078757
805,142.1875,141.8111680309546
806,142.1875,141.85984617411154
807,147.09051513671875,141.87472551804547
808,147.09051513671875,142.79214271602802
809,147.09051513671875,143.8722412361332
810,147.09051513671875,144.79976985251653
811,147.09051513671875,145.49506633273126
812,147.09051513671875,145.97370070151277
813,147.09051513671875,146.28120961837234
814,147.09051513671875,146.46528719199168
815,137.28448486328125,146.56580724197704
816,137.28448486328125,144.77433720300235
817,132.3814697265625,142.32081990906482
818,137.28448486328125,139.18260028720692
819,137.28448486328125,137.23016820143812
820,137.28448486328125,136.42883736483876
821,137.28448486328125,136.22512737510297
822,136.3038787841797,136.2947376025513
823,136.3038787841797,135.36089259883784
824,123.55603790283205,134.20289568166606
825,122.57543182373048,131.69451382405902
826,119.63362121582033,128.36318950477266
827,119.63362121582033,125.4400129791358
828,132.3814697265625,123.31062178800855
829,132.3814697265625,124.14053789778069
830,132.3814697265625,125.96545025556473
831,131.40086364746094,127.8307265935239
832,129.4396514892578,128.34675427236647
833,116.69181060791016,127.93435099377851
834,116.69181060791016,126.00715103729121
835,112.76939392089844,123.56742879269598
836,112.76939392089844,121.25026897033263
837,120.61422729492188,119.21979366732914
838,135.32327270507812,118.79054668919431
839,144.14871215820312,121.6679897484248
840,144.14871215820312,126.27396177358783
841,140.22628784179688,131.25470611366862
842,140.22628784179688,134.77702966794016
843,127.47844696044922,137.0906172594913
844,134.34266662597656,136.6273561085502
845,126.4978485107422,135.34913617186135
846,114.73060607910156,133.29361069312083
847,103.9439697265625,130.48828065090976
848,114.73060607910156,125.63292829634453
849,104.92456817626952,121.91906335979205
850,116.69181060791016,117.67121304355736
851,114.73060607910156,115.99666858027305
852,123.55603790283205,114.77680745797544
853,124.53663635253906,115.32912929893683
854,124.53663635253906,117.17062542263275
855,118.65301513671876,119.25591701591642
856,118.65301513671876,119.8912765132418
857,118.65301513671876,119.99049689505227
858,117.67241668701172,119.93519044420327
859,126.4978485107422,119.42699790778661
860,126.4978485107422,120.58473489132342
861,130.42025756835938,122.15277340434247
862,125.51724243164062,123.96237938436367
863,129.4396514892578,124.91063213813044
864,116.69181060791016,125.77407968681533
865,117.67241668701172,125.10766183344717
866,117.67241668701172,123.73375661238363
867,126.4978485107422,122.25470452263203
868,126.4978485107422,122.5634834009654
869,126.4978485107422,123.48811932732517
870,126.4978485107422,124.43328258417327
871,120.61422729492188,125.22723130553912
872,114.73060607910156,124.5574863016432
873,124.53663635253906,122.66958831076525
874,115.7112045288086,122.36083171245775
875,109.8275909423828,121.37854993253414
876,119.63362121582033,119.70333706847417
877,112.76939392089844,119.28474736937362
878,111.7887954711914,118.33963609925252
879,111.7887954711914,116.77672941885555
880,115.7112045288086,115.39755125833952
881,116.69181060791016,115.17238931704237
882,116.69181060791016,115.52071524126951
883,108.84698486328124,115.97676509050868
884,111.7887954711914,115.42270540753053
885,116.69181060791016,114.79252972955423
886,116.69181060791016,114.64242176868947
887,117.67241668701172,114.76962586297464
888,117.67241668701172,115.37388244420553
889,117.67241668701172,116.09340102586297
890,117.67241668701172,116.74126704436866
891,117.67241668701172,116.77550401743349
892,121.5948257446289,116.58972573517386
893,121.5948257446289,117.20103765792571
894,117.67241668701172,118.27720004012971
895,117.67241668701172,118.60181259017115
896,122.57543182373048,118.6341854677394
897,131.40086364746094,118.95940700515423
898,131.40086364746094,121.33714621781907
899,127.47844696044922,124.10047098461696
900,122.57543182373048,125.78671988815076
901,122.57543182373048,125.88277650628972
902,119.63362121582033,125.38170615147159
903,122.57543182373048,124.31306699133151
904,122.57543182373048,123.6647553723087
905,112.76939392089844,123.30552708876289
906,125.51724243164062,122.02097219805576
907,125.51724243164062,122.22034129608734
908,125.51724243164062,122.94775443357297
909,125.51724243164062,123.75865825461496
910,125.51724243164062,124.45767178580992
911,125.51724243164062,124.98573810528981
912,125.51724243164062,125.34655569734666
913,125.51724243164062,125.57741389858755
914,125.51724243164062,125.71076728000887
915,113.75,125.78490777938117
916,125.51724243164062,123.4745879249555
917,116.69181060791016,123.01541887209655
918,116.69181060791016,121.80900745874045
919,116.69181060791016,120.51929102871011
920,116.69181060791016,119.44730986469168
921,116.69181060791016,118.65601989307794
922,106.88578033447266,118.11603375976527
923,117.67241668701172,116.50287076771326
924,117.67241668701172,115.45613287298929
925,113.75,115.50792650642838
926,115.7112045288086,114.97279741875224
927,112.76939392089844,114.55027900842582
928,110.80818939208984,113.738885026815
929,110.80818939208984,112.98807786218096
930,108.84698486328124,112.44122948090475
931,110.80818939208984,111.38013582285446
932,107.86637878417967,110.63528485179916
933,111.7887954711914,109.7453983390989
934,110.80818939208984,109.61165134388747
935,110.80818939208984,109.91739271202918
936,112.76939392089844,110.3417158044499
937,110.80818939208984,110.94791074793025
938,112.76939392089844,111.3047179353331
939,114.73060607910156,111.50299531209775
940,114.73060607910156,112.13652042062769
941,114.73060607910156,112.8257604471473
942,107.86637878417967,113.55203730331428
943,115.7112045288086,113.22574632465839
944,115.7112045288086,114.16161881072469
945,117.67241668701172,115.16609149640051
946,112.76939392089844,116.13602271532481
947,117.67241668701172,116.10194170244097
948,117.67241668701172,116.15439630998043
949,117.67241668701172,116.5581029518094
950,117.67241668701172,117.01813349900145
951,114.73060607910156,117.4250113311772
952,114.73060607910156,117.1504619992334
953,117.67241668701172,116.74584930301963
954,117.67241668701172,116.83630620799354
955,119.63362121582033,117.14989757191172
956,119.63362121582033,117.83110936244802
957,119.63362121582033,118.53194985576314
958,114.73060607910156,119.09972660799308
959,106.88578033447266,118.8240484214059
960,113.75,116.93827445965954
961,113.75,115.33106766118627
962,113.75,114.55852261799241
963,113.75,114.24637202907955
964,113.75,113.76074173217938
965,117.67241668701172,113.25537133237111
966,117.67241668701172,114.3032083750373
967,115.7112045288086,115.3770090745006
968,107.86637878417967,115.28052913587038
969,117.67241668701172,114.5511924894859
970,112.76939392089844,114.14966186351549
971,118.65301513671876,113.70327411882239
972,114.73060607910156,114.08611180309991
973,115.7112045288086,114.31385080072101
974,115.7112045288086,114.72462763742152
975,115.7112045288086,115.31495920249264
976,116.69181060791016,115.66610726332816
977,117.67241668701172,116.12654627766088
978,122.57543182373048,116.8838963432212
979,122.57543182373048,117.98383151301317
980,122.57543182373048,119.50818632200459
981,126.4978485107422,120.18678392284049
982,126.4978485107422,121.48824192649676
983,124.53663635253906,122.91015317660391
984,123.55603790283205,123.89158831554501
985,122.57543182373048,123.9386585835027
986,118.65301513671876,123.37727619869334
987,117.67241668701172,122.39142218795755
988,122.57543182373048,121.4169978304857
989,122.57543182373048,120.89805146825604
990,122.57543182373048,121.02131199796474
991,121.5948257446289,121.3797753339562
992,121.5948257446289,121.36381540876828
993,109.8275909423828,121.46093404147302
994,110.80818939208984,120.07900801110145
995,115.7112045288086,118.0221457308096
996,115.7112045288086,116.50881953461672
997,117.67241668701172,115.43945998697397
998,116.69181060791016,115.29372633785222
999,116.69181060791016,115.3580264924716
1000,114.73060607910156,115.65921530866348
1001,110.80818939208984,115.2249701780617
1002,113.75,114.05224616379934
1003,113.75,113.12784789104869
1004,111.7887954711914,112.97889849152843
1005,116.69181060791016,112.4121689005137
1006,108.84698486328124,113.02247079542678
1007,108.84698486328124,112.62879759190814
1008,115.7112045288086,111.46958269998957
1009,107.86637878417967,111.7833523041146
1010,105.9051742553711,111.7963638392143
1011,98.0603485107422,111.14984204893524
1012,98.0603485107422,109.24778138828839
1013,97.07974243164062,107.4992375324622
1014,101.00215911865234,105.41093070901275
1015,101.98275756835938,104.08111765911752
1016,114.73060607910156,103.07240434185384
1017,103.9439697265625,103.63587362241834
1018,104.92456817626952,104.49955139803708
1019,108.84698486328124,105.0405624125391
1020,102.96336364746094,105.35165841356145
1021,102.96336364746094,105.46051861989213
1022,109.8275909423828,105.70638613188443
1023,109.8275909423828,106.44734552509028
1024,113.75,107.53047412871182
1025,102.96336364746094,109.22092653045705
1026,107.86637878417967,109.50161029618644
1027,107.86637878417967,109.21314337475815
1028,107.86637878417967,108.95906938657568
1029,105.9051742553711,108.85707142820854
1030,109.8275909423828,108.60564133642761
1031,106.88578033447266,108.76809243161638
1032,102.96336364746094,108.34056101547245
1033,106.88578033447266,107.45592516219884
1034,105.9051742553711,106.90173922574084
1035,97.07974243164062,106.13737095203601
1036,98.0603485107422,104.79740563702589
1037,98.0603485107422,103.56370119199664
1038,103.9439697265625,102.53602014605451
1039,102.96336364746094,102.16998160127214
1040,101.98275756835938,102.21761629655151
1041,101.98275756835938,102.35597525711506
1042,102.96336364746094,102.34755340734162
1043,102.96336364746094,102.29385854502952
1044,105.9051742553711,102.60672209476975
1045,101.00215911865234,103.39046656429372
1046,106.88578033447266,103.70237949959744
1047,100.02155303955078,104.53188714222891
1048,101.00215911865234,104.09586703623397
1049,101.00215911865234,103.33481848638161
1050,100.02155303955078,102.61678523978122
1051,101.98275756835938,102.00616399783088
1052,105.9051742553711,101.79570687359848
1053,101.98275756835938,102.33881221053093
1054,101.00215911865234,102.41159362832603
1055,98.0603485107422,102.2491128264361
1056,99.04094696044922,101.73795704658065
1057,98.0603485107422,101.13849067090871
1058,99.04094696044922,100.6205766165437
1059,101.98275756835938,100.2612443595439
1060,101.00215911865234,101.18424641734092
1061,101.00215911865234,101.71721434250905
1062,102.96336364746094,101.88654996568722
1063,102.96336364746094,102.25544035377911
1064,103.9439697265625,102.5731015357536
1065,101.98275756835938,102.93066624403552
1066,102.96336364746094,103.35664548504485
1067,100.02155303955078,103.19844244811922
1068,98.0603485107422,102.50300857441174
1069,101.00215911865234,101.52392769153606
1070,100.02155303955078,100.91898785617892
1071,100.02155303955078,100.50382928106013
1072,102.96336364746094,100.38424495561762
1073,105.9051742553711,112.78605001439726
1074,105.9051742553711,107.62823145549109
1075,106.88578033447266,102.49480209822157
1076,108.84698486328124,101.2483460517276
1077,101.00215911865234,101.8840546027914
1078,97.07974243164062,106.64517730133782
1079,95.11853790283205,104.30908688367248
1080,93.1573257446289,101.09792617050087
1081,89.23491668701172,98.27648766959618
1082,86.29310607910156,95.66320402358548
1083,87.2737045288086,92.74145341960339
1084,88.25431060791016,91.3851568456411
1085,90.21551513671876,90.36858610592566
1086,96.09913635253906,90.25106639621242
1087,96.09913635253906,90.76499975262455
1088,91.19612121582033,92.58146055393402
1089,88.25431060791016,93.31895911645695
1090,91.19612121582033,93.15221540295332
1091,90.21551513671876,93.12712066716458
1092,92.17672729492188,92.8542126304588
1093,92.17672729492188,92.78683783227135
1094,92.17672729492188,92.86601361748701
1095,92.17672729492188,93.11525284005882
1096,103.9439697265625,93.28817554739975
1097,98.0603485107422,95.29467011590728
1098,98.0603485107422,99.52292886273958
1099,97.07974243164062,98.8348696775903
1100,96.09913635253906,97.09070756018241
1101,93.1573257446289,96.10509862973102
1102,92.17672729492188,95.13750681352157
1103,95.11853790283205,94.37769109176656
1104,99.04094696044922,94.16995213068854
1105,105.9051742553711,95.18843895262756
1106,100.02155303955078,97.14654130497665
1107,97.07974243164062,101.08045120355476
1108,95.11853790283205,100.50076206416735
1109,94.13793182373048,98.28852631023351
1110,94.13793182373048,96.50152712978048
1111,95.11853790283205,95.43885158989443
1112,95.11853790283205,95.04490359939022
1113,93.1573257446289,95.06147993862683
1114,93.1573257446289,95.04419806523813
1115,94.13793182373048,94.96783698995556
1116,94.13793182373048,94.825311664557
1117,94.13793182373048,95.34203745087638
1118,93.1573257446289,95.49962407375334
1119,93.1573257446289,95.48285464095933
1120,93.1573257446289,95.29418738201375
1121,90.21551513671876,95.17775939356743
1122,90.21551513671876,94.77778836940692
1123,93.1573257446289,94.18452326759814
1124,90.21551513671876,93.86251005390652
1125,89.23491668701172,93.54747048830772
1126,89.23491668701172,93.11334418451051
1127,93.1573257446289,92.75391538073198
1128,97.07974243164062,92.80039151466686
1129,94.13793182373048,104.38712638756951
1130,95.11853790283205,99.82665760187899
1131,93.1573257446289,93.5217667651456
1132,90.21551513671876,90.21721561026241
1133,95.11853790283205,89.06541996695378
1134,95.11853790283205,89.66985478839153
1135,94.13793182373048,97.02183257358733
1136,96.09913635253906,94.39889424970585
1137,93.1573257446289,91.838882145516
1138,94.13793182373048,92.23452341798523
1139,103.9439697265625,92.04787621471722
1140,100.02155303955078,103.73975052963264
1141,96.09913635253906,101.37049258014352
1142,98.0603485107422,97.36101626053836
1143,101.00215911865234,94.99983110708426
1144,107.86637878417967,100.67363278478128
1145,101.98275756835938,103.73467811041284
1146,99.04094696044922,106.48277076620076
1147,97.07974243164062,100.8530389796462
1148,96.09913635253906,96.49280078632036
1149,97.07974243164062,94.36469441001744
1150,97.07974243164062,90.41250003688712
1151,94.13793182373048,92.07406267177288
1152,95.11853790283205,93.0240384142058
1153,92.17672729492188,93.66689885356925
1154,93.1573257446289,94.54554880656298
1155,92.17672729492188,94.85057721387732
1156,94.13793182373048,95.05465482403972
1157,93.1573257446289,94.7796598915788
1158,93.1573257446289,94.79510737617204
1159,94.13793182373048,94.84430909993658
1160,94.13793182373048,95.05524895806253
1161,94.13793182373048,95.3184651835211
1162,98.0603485107422,95.35505641265135
1163,96.09913635253906,96.30063556331544
1164,97.07974243164062,96.81391537230246
1165,104.92456817626952,96.97175450213912
1166,102.96336364746094,99.25316973635474
1167,101.98275756835938,107.77959452447905
1168,101.98275756835938,104.25022305536186
1169,112.76939392089844,100.09570376743646
1170,114.73060607910156,102.30502826465849
1171,115.7112045288086,115.50262386027472
1172,115.7112045288086,113.65975380165104
1173,114.73060607910156,109.88330427247004
1174,115.7112045288086,107.9897768617259
1175,115.7112045288086,109.03976764022481
1176,118.65301513671876,111.07419393448004
1177,109.8275909423828,113.60072658648416
1178,115.7112045288086,127.13013860716849
1179,114.73060607910156,120.46662847426265
1180,126.4978485107422,115.05982319974439
1181,118.65301513671876,110.98941843609931
1182,115.7112045288086,125.06496587723247
1183,111.7887954711914,114.78299387848801
1184,107.86637878417967,110.40780578781303
1185,103.9439697265625,110.03798706531049
1186,106.88578033447266,110.05272158907636
1187,103.9439697265625,110.16934267108009
1188,103.9439697265625,109.95572920985146
1189,101.00215911865234,108.99098181027624
1190,104.92456817626952,107.93310390262444
1191,105.9051742553711,108.29565933669804
1192,101.98275756835938,105.09768097215769
1193,101.98275756835938,104.9128755843604
1194,103.9439697265625,104.83658877583069
1195,103.9439697265625,104.47384767487496
1196,104.92456817626952,104.01770127885707
1197,105.9051742553711,104.37430794602723
1198,105.9051742553711,104.42850039558344
1199,104.92456817626952,104.62519589051234
1200,102.96336364746094,104.83533366770749
1201,103.9439697265625,104.87107082917994
1202,101.00215911865234,104.52726032352622
1203,99.04094696044922,104.04881904830214
1204,99.04094696044922,103.58139153252601
1205,99.04094696044922,102.71711962288447
1206,99.04094696044922,101.90667625571015
1207,99.04094696044922,101.44741808274777
1208,99.04094696044922,101.04454322855075
1209,99.04094696044922,100.82829329759586
1210,99.04094696044922,100.70787718452141
1211,98.0603485107422,100.84733529302716
1212,99.04094696044922,100.74421590669196
1213,99.04094696044922,100.74157201029043
1214,98.0603485107422,100.54304955324135
1215,98.0603485107422,100.34295264103181
1216,103.9439697265625,100.07993693580595
1217,103.9439697265625,101.2839643863955
1218,102.96336364746094,103.80693223426269
1219,102.96336364746094,103.30993169750086
1220,103.9439697265625,102.56603134088206
1221,105.9051742553711,102.42573401806908
1222,105.9051742553711,103.15823442812507
1223,104.92456817626952,105.13673043080735
1224,106.88578033447266,104.88995686443023
1225,106.88578033447266,105.20387500206097
1226,109.8275909423828,105.0751187326412
1227,113.75,106.32609762438388
1228,112.76939392089844,109.52544992385198
1229,111.7887954711914,111.05815231586398
1230,109.8275909423828,110.55797316208007
1231,107.86637878417967,109.78297731604208
1232,108.84698486328124,109.13595051184363
1233,107.86637878417967,108.85540785294465
1234,109.8275909423828,108.59674417943592
1235,109.8275909423828,108.73392972530439
1236,107.86637878417967,108.87348438058886
1237,107.86637878417967,109.17905493519902
1238,107.86637878417967,109.43787456888873
1239,107.86637878417967,109.493448380048
1240,107.86637878417967,109.25827528046639
1241,107.86637878417967,109.03243008504302
1242,114.73060607910156,108.80428262028123
1243,114.73060607910156,112.30058310435336
1244,119.63362121582033,112.08169670367224
1245,116.69181060791016,113.62585102897403
1246,113.75,113.60671991343932
1247,114.73060607910156,112.97092966894739
1248,127.47844696044922,112.76059137151955
1249,128.45904541015625,116.35264398004395
1250,125.51724243164062,120.42374685116583
1251,125.51724243164062,121.99036686920539
1252,124.53663635253906,122.19160748940885
1253,127.47844696044922,122.67165292649454
1254,127.47844696044922,123.71015463832723
1255,119.63362121582033,124.26295178650687
1256,114.73060607910156,124.01317784331454
1257,114.73060607910156,122.52637973124047
1258,113.75,120.23009629310386
1259,113.75,118.19344942293836
1260,116.69181060791016,116.39337186730806
1261,113.75,115.90973191938433
1262,115.7112045288086,115.23235229329521
1263,116.69181060791016,114.86838579091742
1264,123.55603790283205,115.38809710070143
1265,123.55603790283205,116.64582684027836
1266,120.61422729492188,118.29001105499671
1267,119.63362121582033,119.27624382617205
1268,119.63362121582033,119.56580989554256
1269,116.69181060791016,119.47243430718156
1270,114.73060607910156,119.1069007763186
1271,114.73060607910156,118.42298567597848
1272,114.73060607910156,117.57069299357198
1273,116.69181060791016,116.89252613990261
1274,114.73060607910156,116.78974095395525
1275,114.73060607910156,116.53988531733478
1276,114.73060607910156,116.14047129382065
1277,112.76939392089844,115.7558957675264
1278,111.7887954711914,115.10669294746937
1279,112.76939392089844,114.38207966656628
1280,112.76939392089844,113.93991770011047
1281,111.7887954711914,113.55278739751809
1282,112.76939392089844,113.38608081739088
1283,112.76939392089844,113.36142425544396
1284,112.76939392089844,113.34961584174047
1285,113.75,113.43491863406645
1286,114.73060607910156,113.77312199987983
1287,118.65301513671876,114.7212707801926
1288,115.7112045288086,115.44189593646753
1289,115.7112045288086,115.57272424829186
1290,114.73060607910156,115.68300294960201
1291,114.73060607910156,115.68794168866668
1292,117.67241668701172,115.68768918170699
1293,117.67241668701172,115.9969953539856
1294,115.7112045288086,116.28804675841316
1295,118.65301513671876,116.54013782429448
1296,117.67241668701172,117.40247137168659
1297,121.5948257446289,117.99410260493262
1298,122.57543182373048,118.65824046898821
1299,121.5948257446289,121.05150143299915
1300,121.5948257446289,121.18937765966915
1301,124.53663635253906,120.87400389368253
1302,123.55603790283205,121.61290609783437
1303,119.63362121582033,122.06501980917237
1304,121.5948257446289,121.75308459384279
1305,120.61422729492188,121.39828260876695
1306,120.61422729492188,121.81136914148115
1307,119.63362121582033,121.3865113284399
1308,117.67241668701172,120.82268556746169
1309,117.67241668701172,120.40575944362503
1310,119.63362121582033,119.78687231208225
1311,119.63362121582033,119.74247564722724
1312,120.61422729492188,119.80125035543443
1313,121.5948257446289,120.12884100226525
1314,118.65301513671876,120.24138483953739
1315,122.57543182373048,120.07448516585276
1316,118.65301513671876,120.47139639979576
1317,118.65301513671876,120.48536597600724
1318,118.65301513671876,120.30762335640621
1319,118.65301513671876,120.17715895167085
1320,114.73060607910156,119.94387965428697
1321,111.7887954711914,119.26125679544649
1322,115.7112045288086,117.9854728082512
1323,114.73060607910156,117.09035048947487
1324,114.73060607910156,116.37381000460681
1325,104.92456817626952,115.9850458334517
1326,99.04094696044922,114.51822547789483
1327,101.00215911865234,111.91704731259904
1328,106.88578033447266,109.03646276972289
1329,105.9051742553711,107.38025476771779
1330,107.86637878417967,106.5561834513951
1331,107.86637878417967,106.4370447264697
1332,104.92456817626952,106.6831127586947
1333,104.92456817626952,106.83890955282793
1334,106.88578033447266,106.8477695764432
1335,106.88578033447266,106.82973018217541
1336,106.88578033447266,106.98123435799378
1337,106.88578033447266,107.22690877642867
1338,107.86637878417967,107.2788880767499
1339,110.80818939208984,107.36197771984087
1340,110.80818939208984,107.99004422203618
1341,109.8275909423828,108.8690952154953
1342,107.86637878417967,109.62426183852176
1343,107.86637878417967,109.90532436469071
1344,110.80818939208984,109.73440685967678
1345,109.8275909423828,109.79438468928018
1346,110.80818939208984,109.98955028910032
1347,111.7887954711914,110.63343560965313
1348,111.7887954711914,110.96237048471056
1349,110.80818939208984,111.39821977717395
1350,111.7887954711914,111.67950510360144
1351,110.80818939208984,112.02939805631375
1352,111.7887954711914,112.29305245561416
1353,110.80818939208984,112.42645782376246
1354,111.7887954711914,112.37683277950666
1355,111.7887954711914,112.13540641933491
1356,112.76939392089844,112.15207930535021
1357,116.69181060791016,112.41487221031753
1358,117.67241668701172,113.4929135413687
1359,115.7112045288086,114.35335328656308
1360,115.7112045288086,114.98795526300937
1361,117.67241668701172,115.59670498278783
1362,119.63362121582033,116.2064498770545
1363,122.57543182373048,116.89895021402432
1364,121.5948257446289,119.33593201543933
1365,120.61422729492188,120.00461500476946
1366,120.61422729492188,119.89034075215586
1367,117.67241668701172,119.55389750838508
1368,119.63362121582033,119.35381544952611
1369,116.69181060791016,119.45958615893814
1370,118.65301513671876,118.92558592590537
1371,119.63362121582033,118.74794727975832
1372,125.51724243164062,118.9731389277566
1373,128.45904541015625,120.5499854776639
1374,128.45904541015625,122.29668751801935
1375,127.47844696044922,123.68456974196965
1376,128.45904541015625,125.13214015518724
1377,127.47844696044922,126.4107462789909
1378,124.53663635253906,127.03075483850175
1379,121.5948257446289,126.92089945768285
1380,121.5948257446289,126.02079383979014
1381,121.5948257446289,124.67373604988266
1382,126.4978485107422,123.55363003001604
1383,123.55603790283205,123.35453571897001
1384,121.5948257446289,123.24984930414963
1385,118.65301513671876,122.90084755247155
1386,123.55603790283205,122.43708881428633
1387,118.65301513671876,122.33489776236178
1388,120.61422729492188,121.83474831527901
1389,121.5948257446289,121.64256823892352
1390,123.55603790283205,121.26671905608939
1391,120.61422729492188,121.29718327810933
1392,118.65301513671876,121.3820850299699
1393,121.5948257446289,120.96691160150056
1394,118.65301513671876,120.75406308782631
1395,117.67241668701172,120.43861505508683
1396,158.85775756835938,120.06832102536603
1397,213.7715606689453,126.61002625691907
1398,266.7241516113281,148.85816568222543
1399,219.6551818847656,181.11223686926894
1400,213.7715606689453,208.06257760807765
1401,188.2758636474609,208.42770174346552
1402,183.3728485107422,202.8687498857167
1403,179.450439453125,200.53271795311923
1404,179.450439453125,191.2822540589248
1405,170.625,182.18738829529974
1406,213.7715606689453,176.5668108143686
1407,192.19827270507807,187.82383147547608
1408,195.1400909423828,193.73344738370707
1409,196.1206970214844,198.82000269970496
1410,200.0431060791016,194.78735898258935
1411,195.1400909423828,193.08607744390207
1412,194.15948486328125,191.59260042991056
1413,203.96551513671875,191.35089742608443
1414,196.1206970214844,196.1833413884398
1415,196.1206970214844,196.6100135150449
1416,196.1206970214844,194.23500905951204
1417,191.21766662597656,193.25712259489745
1418,191.21766662597656,193.526751638423
1419,191.21766662597656,191.97440255715298
1420,184.35345458984372,190.44544877949122
1421,185.3340606689453,188.6654408854848
1422,185.3340606689453,186.91328348796517
1423,185.3340606689453,185.36508533797058
1424,185.3340606689453,184.63687290455738
1425,229.46121215820312,184.1110995710718
1426,229.46121215820312,194.5690539513329
1427,221.6163787841797,204.42049148815676
1428,203.96551513671875,212.66588902681974
1429,254.95689392089844,214.95689395549738
1430,241.22845458984372,228.64905413838193
1431,231.4224090576172,242.92702675442652
1432,219.6551818847656,236.31624972938334
1433,219.6551818847656,229.2998239869241
1434,227.5,223.19407944796373
1435,229.46121215820312,225.5598468600688
1436,233.3836212158203,225.7306808149858
1437,229.46121215820312,225.77374810496474
1438,231.4224090576172,226.08253069663573
1439,225.53878784179688,229.609553479694
1440,221.6163787841797,229.16150215973698
1441,223.5775909423828,227.2720297136986
1442,223.5775909423828,226.38108118643254
1443,223.5775909423828,225.10543273606123
1444,225.53878784179688,224.07345721513542
1445,280.4525756835937,223.1354736966193
1446,280.4525756835937,238.8256156214657
1447,251.03448486328125,247.2198901495649
1448,245.1508636474609,263.1009848926759
1449,245.1508636474609,258.7918125186112
1450,233.3836212158203,251.64191085458845
1451,231.4224090576172,246.30831031835652
1452,252.9956970214844,242.3205384572724
1453,247.1120758056641,246.50508379337595
1454,237.3060302734375,246.0375745841717
1455,237.3060302734375,242.97165364621537
1456,237.3060302734375,239.70497482194915
1457,237.3060302734375,237.16539721480655
1458,237.3060302734375,236.01568475391542
1459,237.3060302734375,235.33902551532896
1460,237.3060302734375,234.9407069264194
1461,237.3060302734375,234.81162759662476
1462,239.26724243164065,234.79472819701323
1463,247.1120758056641,236.22647607853565
1464,247.1120758056641,240.20541762270568
1465,239.26724243164065,242.3607761839677
1466,227.5,242.63544062937842
1467,227.5,240.6778655709746
1468,219.6551818847656,236.3546085072315
1469,209.84913635253903,231.4482683134956
1470,215.73275756835935,224.7212526802259
1471,195.1400909423828,219.86965079667968
1472,183.3728485107422,214.0993301903072
1473,217.6939697265625,205.31241662322282
1474,209.84913635253903,209.1869725329215
1475,211.8103485107422,207.9061866799216
1476,209.84913635253903,206.81593775137037
1477,211.8103485107422,205.53241145519024
1478,221.6163787841797,205.36513673440373
1479,219.6551818847656,208.10000805151515
1480,231.4224090576172,210.84264488597165
1481,221.6163787841797,218.58657381435432
1482,225.53878784179688,220.9148662229702
1483,223.5775909423828,221.13012283610567
1484,239.26724243164065,221.45269490711252
1485,252.9956970214844,230.10164869742994
1486,249.07327270507807,238.7633206691733
1487,247.1120758056641,241.65398692374913
1488,245.1508636474609,243.2054602375445
1489,249.07327270507807,243.41015054841793
1490,251.03448486328125,245.5198461966888
1491,252.9956970214844,247.02452402951204
1492,251.03448486328125,251.57132401934012
1493,245.1508636474609,251.0453037489013
1494,231.4224090576172,249.07835622628753
1495,241.22845458984372,246.02493438283625
1496,237.3060302734375,244.25148888477872
1497,239.26724243164065,241.18326939082166
1498,239.26724243164065,238.95887616944594
1499,239.26724243164065,242.52054996271616
1500,223.5775909423828,240.62486510280166
1501,215.73275756835935,236.303234480946
1502,221.6163787841797,230.24466789673497
1503,215.73275756835935,226.40954577613195
1504,215.73275756835935,222.62939776265893
1505,221.6163787841797,218.95517270544127
1506,223.5775909423828,218.03894934551082
1507,223.5775909423828,219.25547217726773
1508,221.6163787841797,219.59497892459368
1509,221.6163787841797,220.19577467514168
1510,223.5775909423828,220.0718995880531
1511,219.6551818847656,220.44322778230736
1512,219.6551818847656,219.914231271748
1513,219.6551818847656,219.10780944924065
1514,217.6939697265625,218.5363713460951
1515,211.8103485107422,217.3249766336226
1516,205.92672729492188,215.71502939196913
1517,191.21766662597656,212.86335503930948
1518,209.84913635253903,206.91618672770784
1519,205.92672729492188,202.99576877728694
1520,207.887939453125,201.3911357859672
1521,207.887939453125,202.24383972051763
1522,205.92672729492188,202.83589798759257
1523,211.8103485107422,202.76642979530908
1524,209.84913635253903,203.71395937656993
1525,207.887939453125,204.89352985711085
1526,207.887939453125,205.54084073163898
1527,203.96551513671875,205.52207259485883
1528,209.84913635253903,205.00952338505297
1529,209.84913635253903,206.03189064482854
1530,203.96551513671875,206.65662349815517
1531,203.96551513671875,206.15130879841155
1532,203.96551513671875,205.26479213962196
1533,203.96551513671875,204.43020836443304
1534,202.0043182373047,203.9689561291566
1535,203.96551513671875,203.19936643855905
1536,202.0043182373047,202.68964307869922
1537,203.96551513671875,202.16692118042144
1538,202.0043182373047,202.22446677386893
1539,198.08189392089844,201.799654913381
1540,227.5,200.63027058216096
1541,211.8103485107422,217.03144657631861
1542,207.887939453125,213.4233820558793
1543,202.0043182373047,209.4869470877042
1544,202.0043182373047,204.77842567353414
1545,203.96551513671875,201.66706508701245
1546,202.0043182373047,201.9780659337577
1547,205.92672729492188,202.86601454837572
1548,203.96551513671875,202.84287906236068
1549,200.0431060791016,203.29206852030512
1550,203.96551513671875,201.82952685804696
1551,200.0431060791016,200.97325765519244
1552,195.1400909423828,200.23015705866842
1553,194.15948486328125,199.1146896937682
1554,202.0043182373047,197.03283270572035
1555,200.0431060791016,196.96340443181654
1556,211.8103485107422,197.14789105278555
1557,200.0431060791016,199.8839663035858
1558,198.08189392089844,201.6677130644311
1559,198.08189392089844,201.04745942463583
1560,196.1206970214844,199.7054777672858
1561,196.1206970214844,198.0535405677369
1562,198.08189392089844,196.61568076453833
1563,196.1206970214844,196.06895770840757
1564,196.1206970214844,195.92608681052465
1565,194.15948486328125,195.33930740103406
1566,193.1788787841797,194.71080063624453
1567,191.21766662597656,194.04165464012706
1568,190.2370758056641,193.17817239494357
1569,191.21766662597656,192.41420469753692
1570,191.21766662597656,190.97422759563128
1571,191.21766662597656,189.95867570293152
1572,187.29525756835935,189.39435606804685
1573,186.3146514892578,188.685974714314
1574,182.39224243164065,187.84887608120664
1575,175.52801513671875,186.31098569234072
1576,158.85775756835938,183.767004066754
1577,162.78016662597656,178.82183164462057
1578,166.7025909423828,173.54502846430117
1579,168.66378784179688,169.4927002283003
1580,169.64439392089844,167.1097159262153
1581,167.68319702148438,166.54374199941083
1582,167.68319702148438,166.19043091939852
1583,164.7413787841797,165.74712895828642
1584,161.79957580566406,165.32354110671892
1585,160.8189697265625,164.14705733809342
1586,160.8189697265625,162.77204182907474
1587,159.83836364746094,161.6545462855709
1588,164.7413787841797,160.60646787595792
1589,166.7025909423828,160.34675704123396
1590,162.78016662597656,161.45280807812333
1591,158.85775756835938,161.79372589375345
1592,160.8189697265625,161.3598595235912
1593,160.8189697265625,160.873876459615
1594,158.85775756835938,160.5799212251509
1595,158.85775756835938,159.97632190468275
1596,158.85775756835938,159.01408472135392
1597,157.8771514892578,158.30995049754983
1598,157.8771514892578,158.05830874552328
1599,157.8771514892578,157.46098125233345
1600,157.8771514892578,156.59385378604475
1601,157.8771514892578,156.14454735796454
1602,157.8771514892578,156.0663407538736
1603,157.8771514892578,156.39166255140478
1604,161.79957580566406,156.7315703391961
1605,163.76077270507812,157.58715303875397
1606,171.60560607910156,158.82533948231784
1607,176.5086212158203,161.9182898049747
1608,174.5474090576172,165.63837272540974
1609,176.5086212158203,168.68083279614007
1610,174.5474090576172,170.47593262266042
1611,175.52801513671875,171.62683892160365
1612,173.5668182373047,172.23873569503422
1613,173.5668182373047,172.49763330881444
1614,174.5474090576172,172.59619642986215
1615,173.5668182373047,172.59961084382454
1616,180.4310302734375,172.74758920555126
1617,177.48922729492188,174.57016216062044
1618,178.46983337402344,175.25102675408718
1619,181.41163635253903,175.21840693956568
1620,176.5086212158203,175.31226154848258
1621,177.48922729492188,174.9918636366655
1622,171.60560607910156,174.67172937182104
1623,172.58621215820312,174.02522800489902
1624,171.60560607910156,172.92711237055192
1625,170.625,171.91107078145055
1626,170.625,170.9131335700257
1627,171.60560607910156,170.2353361934518
1628,177.48922729492188,170.12397505421882
1629,217.6939697265625,171.27484793312325
1630,200.0431060791016,190.4695882591714
1631,185.3340606689453,192.62114900435944
1632,188.2758636474609,189.526840992627
1633,185.3340606689453,191.1850435211134
1634,182.39224243164065,188.3308691638859
1635,183.3728485107422,184.7092709202409
1636,183.3728485107422,182.02850293258226
1637,179.450439453125,180.25625312924566
1638,192.19827270507807,179.00292183810643
1639,194.15948486328125,180.12324694489394
1640,191.21766662597656,182.71703463994655
1641,191.21766662597656,184.68540808421508
1642,187.29525756835935,187.1716148177549
1643,186.3146514892578,187.99039694877288
1644,185.3340606689453,187.38128564274146
1645,186.3146514892578,185.86071193980464
1646,183.3728485107422,184.51283535894697
1647,184.35345458984372,183.3565317237402
1648,184.35345458984372,182.76932586062975
1649,180.4310302734375,182.50119224779795
1650,181.41163635253903,181.9032678355821
1651,178.46983337402344,181.34046417079003
1652,179.450439453125,180.6458268080069
1653,181.41163635253903,180.12852916769054
1654,180.4310302734375,180.0023870879712
1655,184.35345458984372,179.83765414680101
1656,190.2370758056641,180.25042690248443
1657,188.2758636474609,182.0912035670121
1658,188.2758636474609,182.72136903330988
1659,188.2758636474609,182.8591496415356
1660,187.29525756835935,182.7044807737113
1661,186.3146514892578,182.63604581762687
1662,184.35345458984372,182.71191580400622
1663,181.41163635253903,182.53008944133273
1664,180.4310302734375,181.6799309997363
1665,184.35345458984372,180.27147595691156
1666,181.41163635253903,179.27958777250652
1667,181.41163635253903,178.2925547770692
1668,179.450439453125,177.95475430839002
1669,177.48922729492188,177.29176572233482
1670,176.5086212158203,176.507022364985
1671,173.5668182373047,175.83215109847345
1672,173.5668182373047,174.86054702094117
1673,174.5474090576172,173.86539109941063
1674,170.625,173.12239122717017
1675,169.64439392089844,171.97954844091788
1676,172.58621215820312,170.97539695894812
1677,172.58621215820312,170.32960669618467
1678,172.58621215820312,170.2352674967054
1679,172.58621215820312,170.41590280633002
1680,169.64439392089844,170.63486718710166
1681,170.625,170.33081538758734
1682,172.58621215820312,170.23549772363924
1683,170.625,170.2565931947869
1684,170.625,170.44471459309904
1685,173.5668182373047,170.37907578025948
1686,173.5668182373047,170.55651576284265
1687,173.5668182373047,170.78852695542156
1688,170.625,171.1334978790886
1689,171.60560607910156,171.0790454958974
1690,169.64439392089844,171.10193636579527
1691,172.58621215820312,170.5620207858978
1692,170.625,170.12689188093708
1693,169.64439392089844,169.77561756662172
1694,170.625,169.3018346734703
1695,169.64439392089844,168.96830825641777
1696,163.76077270507812,168.4852494458351
1697,161.79957580566406,167.4256021327966
1698,156.89654541015625,165.8114105462176
1699,145.1293182373047,163.07427780648183
1700,147.09051513671875,159.1026292574419
1701,158.85775756835938,154.9066951147885
1702,155.91595458984375,153.4555747507846
1703,157.8771514892578,153.1711256606856
1704,176.5086212158203,153.68561973108174
1705,168.66378784179688,159.92154646111663
1706,164.7413787841797,162.52110561120028
1707,161.79957580566406,162.6032854865688
1708,161.79957580566406,161.80637352176416
1709,161.79957580566406,161.00056439996783
1710,161.79957580566406,160.05585045697447
1711,161.79957580566406,159.5871455530493
1712,161.79957580566406,159.53182796218738
1713,161.79957580566406,159.62906913503434
1714,161.79957580566406,159.8426343228736
1715,162.78016662597656,160.42038881334923
1716,162.78016662597656,160.16989076931657
1717,161.79957580566406,159.75628808267007
1718,163.76077270507812,159.71860141893524
1719,167.68319702148438,159.50780638097734
1720,165.72198486328125,160.84887827060496
1721,165.72198486328125,162.17275369360965
1722,170.625,162.8488002314851
1723,166.7025909423828,164.44791752390393
1724,167.68319702148438,165.32425035420866
1725,176.5086212158203,166.0551503157407
1726,168.66378784179688,167.77600566943477
1727,183.3728485107422,168.64822040829387
1728,180.4310302734375,171.50261292410786
1729,179.450439453125,183.00612911543647
1730,179.450439453125,181.2388672528883
1731,176.5086212158203,179.0329887329986
1732,174.5474090576172,176.7450435945385
1733,172.58621215820312,177.15583342792073
1734,175.52801513671875,174.67301604331422
1735,173.5668182373047,172.3266025470024
1736,171.60560607910156,170.5536100761373
1737,171.60560607910156,169.4341074736376
1738,173.5668182373047,168.30477009639148
1739,172.58621215820312,168.92060857772967
1740,174.5474090576172,169.11984585227492
1741,173.5668182373047,169.4961517756391
1742,175.52801513671875,170.0675768821029
1743,180.4310302734375,171.31110310519685
1744,176.5086212158203,179.8571398860806
1745,175.52801513671875,177.80857505875116
1746,178.46983337402344,174.40887519678262
1747,181.41163635253903,172.97267873676435
1748,180.4310302734375,175.08862393228773
1749,174.5474090576172,175.61840024375203
1750,178.46983337402344,175.09790727639427
1751,175.52801513671875,175.11994964864078
1752,175.52801513671875,174.65075829748443
1753,169.64439392089844,175.04170219783575
1754,162.78016662597656,173.43173824616287
1755,157.8771514892578,170.0702783352379
1756,159.83836364746094,165.64968355186912
1757,163.76077270507812,162.2443357033462
1758,164.7413787841797,161.0204938830957
1759,161.79957580566406,161.38781352936476
1760,157.8771514892578,161.26353925847963
1761,156.89654541015625,160.43942338210522
1762,153.95474243164062,159.46606846587446
1763,151.012939453125,157.8975843523383
1764,153.95474243164062,155.83557538607377
1765,154.9353485107422,154.66344921917187
1766,150.03233337402344,154.19722482479196
1767,150.03233337402344,153.04986290662862
1768,151.012939453125,151.8366078119972
1769,149.05172729492188,151.11923925283483
1770,155.91595458984375,150.39991747807244
1771,152.97413635253906,155.41708966042722
1772,151.9935302734375,155.3765697200711
1773,151.9935302734375,153.28541476664975
1774,152.97413635253906,152.84913101368218
1775,155.91595458984375,151.47237394930914
1776,154.9353485107422,151.1714153600511
1777,155.91595458984375,152.09549057242685
1778,154.9353485107422,152.18963482167987
1779,154.9353485107422,152.19432476712248
1780,156.89654541015625,152.41574366407585
1781,156.89654541015625,154.8407202448923
1782,155.91595458984375,155.12726737075937
1783,154.9353485107422,154.7878868769133
1784,148.0711212158203,153.67724986803532
1785,151.012939453125,152.31730308317034
1786,148.0711212158203,150.99781311192157
1787,150.03233337402344,150.16712462791975
1788,153.95474243164062,148.49848065814956
1789,150.03233337402344,147.92823824972493
1790,148.0711212158203,153.61206222571934
1791,149.05172729492188,150.80202367137747
1792,149.05172729492188,147.62201786102733
1793,146.1099090576172,145.7942053865444
1794,146.1099090576172,144.80330494995232
1795,146.1099090576172,144.3666684299087
1796,145.1293182373047,144.16380508115543
1797,145.1293182373047,144.26888139642827
1798,144.14871215820312,143.92432079657075
1799,145.1293182373047,143.5180779451319
1800,147.09051513671875,143.52322463110454
1801,146.1099090576172,143.85852788021904
1802,146.1099090576172,144.03255344883982
1803,148.0711212158203,144.10454021237942
1804,149.05172729492188,145.33249641073792
1805,154.9353485107422,145.84628866031963
1806,145.1293182373047,149.36909123514704
1807,147.09051513671875,149.7631320590923
1808,145.1293182373047,147.99672333586756
1809,145.1293182373047,146.50246141513182
1810,145.1293182373047,145.3973906993801
1811,144.14871215820312,143.8895602428983
1812,143.16810607910156,142.8101635436076
1813,140.22628784179688,142.27788258590334
1814,139.24569702148438,141.39587206234307
1815,141.20689392089844,140.44150715481658
1816,140.22628784179688,140.04715441050934
1817,137.28448486328125,139.63198469537764
1818,141.20689392089844,138.99735672556784
1819,138.2650909423828,138.92525113522368
1820,138.2650909423828,138.55792777561697
1821,135.32327270507812,138.15318139924807
1822,125.51724243164062,137.5264331319159
1823,124.53663635253906,135.52574251014374
1824,122.57543182373048,132.39666141222435
1825,126.4978485107422,128.9987643756813
1826,130.42025756835938,127.19485465560385
1827,127.47844696044922,126.78830359714064
1828,123.55603790283205,126.4997549822842
1829,119.63362121582033,125.09731647477487
1830,121.5948257446289,123.71831655446567
1831,122.57543182373048,123.06701198530294
1832,112.76939392089844,122.55385842979575
1833,120.61422729492188,121.34935567198796
1834,122.57543182373048,119.66271315466405
1835,115.7112045288086,118.99882779756815
1836,113.75,118.44740458431626
1837,116.69181060791016,117.63419106726056
1838,109.8275909423828,117.21318769869232
1839,121.5948257446289,116.00260992050121
1840,121.5948257446289,116.33836248347048
1841,123.55603790283205,117.54289494797942
1842,121.5948257446289,119.71524202895637
1843,116.69181060791016,120.3164685266709
1844,117.67241668701172,119.93667577926031
1845,118.65301513671876,119.05501802277608
1846,117.67241668701172,117.78862135314131
1847,117.67241668701172,117.23398238949092
1848,116.69181060791016,117.99945723781326
1849,117.67241668701172,118.2859932236674
1850,114.73060607910156,117.76117236128715
1851,117.67241668701172,117.08876118096384
1852,117.67241668701172,116.46760891345907
1853,118.65301513671876,116.46001885131759
1854,115.7112045288086,116.89768025255056
1855,116.69181060791016,116.68109612120784
1856,116.69181060791016,116.40212049079405
1857,116.69181060791016,116.20874471971763
1858,116.69181060791016,116.25829549722059
1859,117.67241668701172,116.40166746360165
1860,116.69181060791016,116.77672199218027
1861,117.67241668701172,117.07499212498504
1862,117.67241668701172,117.36879882594341
1863,112.76939392089844,117.61549069889239
1864,113.75,117.26817480250405
1865,114.73060607910156,116.56977025868248
1866,113.75,116.04477115609538
1867,111.7887954711914,115.45216702838698
1868,120.61422729492188,114.66447156761127
1869,117.67241668701172,116.29386184516147
1870,115.7112045288086,116.99854935627434
1871,116.69181060791016,116.35744903895349
1872,113.75,116.70330188031063
1873,114.73060607910156,116.25859999090729
1874,113.75,115.0769936730038
1875,112.76939392089844,114.129520720142
1876,110.80818939208984,113.19154648496998
1877,110.80818939208984,112.43061676192218
1878,110.80818939208984,112.01488633280646
1879,107.86637878417967,112.14819515417605
1880,101.98275756835938,111.90275838935028
1881,101.98275756835938,110.33598241112972
1882,101.98275756835938,108.25591177057157
1883,102.96336364746094,106.67114838481022
1884,102.96336364746094,105.4543024926784
1885,100.02155303955078,104.63638046349188
1886,99.04094696044922,103.79764889015618
1887,100.02155303955078,103.10605460757115
1888,101.98275756835938,102.50438993601479
1889,103.9439697265625,102.35814384629835
1890,102.96336364746094,102.56133768210181
1891,104.92456817626952,102.84604670583579
1892,105.9051742553711,103.42264634830455
1893,114.73060607910156,104.33103270914027
1894,107.86637878417967,106.39985193664134
1895,108.84698486328124,107.7030700623402
1896,115.7112045288086,108.46505437327849
1897,108.84698486328124,109.64468519555611
1898,100.02155303955078,112.64209134066867
1899,95.11853790283205,111.39972739225685
1900,97.07974243164062,107.02186569847919
1901,107.86637878417967,103.62390924853386
1902,104.92456817626952,102.75680777560865
1903,102.96336364746094,102.55509927486223
1904,104.92456817626952,102.62190964572802
1905,94.13793182373048,102.80943319667968
1906,98.0603485107422,101.8589375869768
1907,97.07974243164062,102.43601253666381
1908,88.25431060791016,101.37102730076406
1909,82.37068939208984,98.64275644131239
1910,78.44827270507812,95.1015245717647
1911,73.54525756835938,91.20068565823166
1912,69.62284851074219,87.46126553202275
1913,66.68103790283203,83.8601449529751
1914,67.66163635253908,79.9059379508425
1915,63.73922348022461,76.64475857962498
1916,63.73922348022461,73.83418530466255
1917,69.62284851074219,72.07932134816865
1918,66.68103790283203,71.203953985651
1919,62.75862121582031,70.94333709654225
1920,62.75862121582031,70.32353648393939
1921,63.73922348022461,69.57170443811599
1922,65.70043182373047,69.15925659947632
1923,88.25431060791016,68.89268351678882
1924,85.3125,71.51905296465208
1925,85.3125,75.89300080055442
1926,79.42887878417969,78.88164346883043
1927,82.37068939208984,80.3939150771328
1928,77.4676742553711,80.98268704039404
1929,80.40948486328125,81.09974629623959
1930,79.42887878417969,81.48219779340228
1931,80.40948486328125,81.69256579753126
1932,84.33189392089844,82.60664841831074
1933,85.3125,83.21029601216826
1934,84.33189392089844,84.77034342258041
1935,80.40948486328125,86.08253297202381
1936,81.39008331298828,85.45910814188177
1937,78.44827270507812,84.45203611985612
1938,79.42887878417969,83.39440329248873
1939,106.88578033447266,82.65146840365702
1940,100.02155303955078,85.61859599363176
1941,93.1573257446289,90.5324185627175
1942,87.2737045288086,92.36669595803619
1943,87.2737045288086,92.12706685328345
1944,88.25431060791016,91.38206734872244
1945,87.2737045288086,90.55751329850622
1946,88.25431060791016,89.48973563269924
1947,88.25431060791016,88.97310639315857
1948,85.3125,89.4172661352661
1949,85.3125,89.24429886787347
1950,83.3512954711914,89.00172879970779
1951,82.37068939208984,88.35801429268653
1952,83.3512954711914,87.49036324579022
1953,83.3512954711914,86.72979742983141
1954,93.1573257446289,86.35766901131517
1955,88.25431060791016,87.18202996797396
1956,88.25431060791016,88.25063199473762
1957,89.23491668701172,88.7362103049108
1958,89.23491668701172,89.13946391954738
1959,90.21551513671876,89.40611126898771
1960,89.23491668701172,89.83939093180241
1961,89.23491668701172,90.31860458125617
1962,92.17672729492188,90.32620207007294
1963,90.21551513671876,90.91210733667408
1964,89.23491668701172,91.3668278110372
1965,88.25431060791016,91.53144749540925
1966,93.1573257446289,91.52970222671723
1967,87.2737045288086,91.62644209898244
1968,90.21551513671876,91.86399916133058
1969,89.23491668701172,92.41753155036348
1970,90.21551513671876,92.25727132438384
1971,89.23491668701172,92.03966231185177
1972,89.23491668701172,91.77163360080837
1973,88.25431060791016,91.57677992135021
1974,91.19612121582033,91.32129486486355
1975,89.23491668701172,91.35528675764397
1976,90.21551513671876,91.43069721849004
1977,88.25431060791016,91.42246103559873
1978,91.19612121582033,91.27273183517352
1979,91.19612121582033,93.09161373262597
1980,88.25431060791016,93.83210524528884
1981,89.23491668701172,92.55315006774678
1982,88.25431060791016,90.72523733314752
1983,88.25431060791016,89.40706188342422
1984,89.23491668701172,88.73092251210772
1985,88.25431060791016,88.77265300053534
1986,89.23491668701172,88.98626646176398
1987,90.21551513671876,89.84340133645642
1988,90.21551513671876,90.36937333350589
1989,88.25431060791016,91.12647831878179
1990,89.23491668701172,91.40996936776901
1991,90.21551513671876,91.54657563296524
1992,89.23491668701172,91.14445087297202
1993,88.25431060791016,90.95527860010704
1994,89.23491668701172,90.72881699063498
1995,89.23491668701172,90.79460990698671
1996,90.21551513671876,90.9471612440203
1997,89.23491668701172,91.29365277945197
1998,90.21551513671876,91.66290707463284
1999,93.1573257446289,91.85396572302027
2000,89.23491668701172,92.25309010619826
2001,83.3512954711914,92.42691886792399
2002,84.33189392089844,91.6171661815512
2003,84.33189392089844,90.25763157716456
2004,89.23491668701172,89.1651156559825
2005,88.25431060791016,88.86025063552445
2006,87.2737045288086,88.99481456501725
2007,89.23491668701172,89.23353761538519
2008,88.25431060791016,89.64780498946973
2009,87.2737045288086,89.91954703815574
2010,88.25431060791016,90.02300805155406
2011,88.25431060791016,90.12924664150906
2012,88.25431060791016,90.28657333075104
2013,88.25431060791016,90.36465739469978
2014,88.25431060791016,90.37046505477282
2015,88.25431060791016,90.39451262934634
2016,88.25431060791016,90.54646983235712
2017,96.09913635253906,90.51700821150067
2018,99.04094696044922,92.06247705832794
2019,99.04094696044922,93.97805426799388
2020,98.0603485107422,96.76210688551281
2021,100.02155303955078,97.0048180605089
2022,101.00215911865234,97.10207037336879
2023,101.00215911865234,97.6107307903284
2024,101.98275756835938,98.05530642625192
2025,115.7112045288086,98.76544511702413
2026,107.86637878417967,101.65299588131779
2027,119.63362121582033,104.01551040964794
2028,111.7887954711914,106.87348815295589
2029,104.92456817626952,117.40810821822807
2030,102.96336364746094,112.64754252032802
2031,99.04094696044922,106.16098777944298
2032,100.02155303955078,102.71948130562517
2033,100.02155303955078,100.00106564427696
2034,101.00215911865234,98.53809973319314
2035,100.02155303955078,98.40123353436192
2036,101.98275756835938,98.69481743506174
2037,97.07974243164062,98.90614348030252
2038,98.0603485107422,102.51275237238593
2039,97.07974243164062,101.46696509209846
2040,95.11853790283205,98.74636598821641
2041,100.02155303955078,96.8108333020591
2042,98.0603485107422,97.01558673967246
2043,98.0603485107422,96.97620308063497
2044,100.02155303955078,96.48576029814997
2045,99.04094696044922,98.1994730468885
2046,101.00215911865234,98.66197667695052
2047,99.04094696044922,100.19869690029181
2048,101.00215911865234,100.08746758454515
2049,101.00215911865234,101.34354117553347
2050,101.00215911865234,100.14161547404966
2051,99.04094696044922,98.9327235511483
2052,100.02155303955078,98.40338727019464
2053,101.98275756835938,100.19427060182183
2054,101.98275756835938,99.985833533267
2055,100.02155303955078,99.81473036137093
2056,101.00215911865234,99.56041129290405
2057,101.00215911865234,99.84897476111107
2058,99.04094696044922,100.04928704690387
2059,100.02155303955078,100.55291217802012
2060,101.00215911865234,100.8866446853118
2061,98.0603485107422,100.90875389763589
2062,101.00215911865234,101.92291096788364
2063,100.02155303955078,101.88017787829251
2064,101.00215911865234,101.10662280725985
2065,100.02155303955078,100.6907512713137
2066,101.00215911865234,100.46283403348575
2067,101.00215911865234,100.5937514654135
2068,100.02155303955078,101.01642583592093
2069,101.00215911865234,101.27412404164258
2070,101.00215911865234,101.46321462107943
2071,101.00215911865234,101.83672440119872
2072,101.00215911865234,102.3746459187821
2073,106.88578033447266,103.29369698532737
2074,105.9051742553711,111.87463357004518
2075,104.92456817626952,107.28958991583589
2076,105.9051742553711,102.74681147067476
2077,106.88578033447266,100.7216908005519
2078,106.88578033447266,101.08659306401563
2079,105.9051742553711,102.82020187584324
2080,101.00215911865234,103.61364558328971
2081,101.98275756835938,103.46311430193369
2082,101.98275756835938,103.08470291612616
2083,102.96336364746094,103.18136109496322
2084,104.92456817626952,103.8235085734993
2085,107.86637878417967,103.73117271967823
2086,109.8275909423828,104.64831513067521
2087,108.84698486328124,106.0759894808037
2088,107.86637878417967,107.2154419897883
2089,108.84698486328124,107.87265819247807
2090,110.80818939208984,108.3860419749191
2091,111.7887954711914,110.34971433373208
2092,112.76939392089844,110.73071762921415
2093,111.7887954711914,110.83215858693491
2094,117.67241668701172,110.98548972487345
2095,113.75,112.21852576912703
2096,113.75,113.16126792983215
2097,117.67241668701172,113.40533818640544
2098,118.65301513671876,113.89688011683265
2099,115.7112045288086,114.63550010732365
2100,115.7112045288086,115.07766207377946
2101,116.69181060791016,115.47794501830195
2102,118.65301513671876,115.96664995877022
2103,119.63362121582033,116.53568924579864
2104,120.61422729492188,117.05409346073246
2105,125.51724243164062,118.51128141844438
2106,124.53663635253906,120.74988929631601
2107,124.53663635253906,121.73572102702596
2108,125.51724243164062,122.71292296105447
2109,122.57543182373048,123.17121566622978
2110,120.61422729492188,123.23899150488265
2111,114.73060607910156,122.85633948748726
2112,115.7112045288086,121.58106051421137
2113,116.69181060791016,119.91805710432028
2114,117.67241668701172,118.90329104669915
2115,114.73060607910156,118.56340925227131
2116,114.73060607910156,118.05076071068352
2117,113.75,117.3828723756089
2118,108.84698486328124,116.25866683098485
