,y_actual,y_predict
0,58.9320182800293,47.42387166367283
1,59.392433166503906,57.502429349322284
2,60.31324005126953,60.17037980112056
3,60.31324005126953,51.34633811572783
4,60.31324005126953,57.9540775515614
5,59.852840423583984,59.93929582186931
6,58.47161865234375,58.91086107232968
7,57.55080413818362,58.906957073894176
8,57.090396881103544,61.04817164096926
9,57.090396881103544,60.36730963837016
10,57.090396881103544,58.904362200682556
11,56.6299934387207,59.05276089570398
12,57.090396881103544,59.75854303202911
13,57.090396881103544,60.93860253517761
14,57.090396881103544,61.53820526495147
15,57.090396881103544,61.69272879584179
16,57.090396881103544,61.841454772169186
17,57.55080413818362,61.9757336165616
18,57.55080413818362,62.095308179421494
19,57.55080413818362,61.96752820667621
20,57.090396881103544,61.9687438229555
21,57.090396881103544,61.93232208904823
22,57.090396881103544,61.885216958224646
23,56.6299934387207,61.95474085850719
24,56.6299934387207,61.84923939180405
25,56.6299934387207,62.036631316708224
26,58.47161865234375,61.87666088979714
27,58.47161865234375,63.24514091623999
28,58.9320182800293,61.57995700869884
29,58.47161865234375,60.37051231972143
30,58.47161865234375,60.05241826755437
31,58.9320182800293,60.47725277994007
32,58.9320182800293,62.75517742396619
33,58.9320182800293,63.060086714949875
34,58.9320182800293,63.40174502114684
35,58.9320182800293,63.54062918105896
36,58.9320182800293,63.728021105963165
37,58.9320182800293,64.20271926303704
38,58.9320182800293,64.20271926303704
39,58.9320182800293,64.20271926303704
40,58.9320182800293,64.20264913132863
41,58.9320182800293,64.20227509555039
42,58.9320182800293,64.20213483213354
43,58.9320182800293,64.2021815866058
44,58.9320182800293,64.20227509555039
45,58.9320182800293,64.20271926303704
46,58.9320182800293,64.2191067055717
47,58.9320182800293,64.22200548285318
48,58.9320182800293,64.21908332833556
49,58.9320182800293,64.21447801281585
50,58.9320182800293,64.20059193454824
51,59.392433166503906,64.12613543743998
52,59.392433166503906,64.18490580909781
53,58.9320182800293,64.2942645197642
54,58.9320182800293,64.32809138045985
55,58.9320182800293,64.36664044285592
56,58.9320182800293,64.3095298549641
57,58.9320182800293,64.22911216263995
58,58.9320182800293,64.17450293901518
59,58.9320182800293,64.17945891307701
60,58.9320182800293,64.1943735897348
61,58.9320182800293,64.20271926303704
62,58.9320182800293,64.20271926303704
63,58.9320182800293,64.20271926303704
64,58.9320182800293,64.20271926303704
65,58.9320182800293,64.20271926303704
66,58.9320182800293,64.20271926303704
67,58.9320182800293,64.20271926303704
68,58.9320182800293,64.20271926303704
69,58.9320182800293,64.20264913132863
70,58.9320182800293,64.20220496384195
71,58.9320182800293,64.20166728741071
72,58.9320182800293,64.2015971557023
73,58.9320182800293,64.20176079635527
74,58.9320182800293,64.20227509555039
75,58.9320182800293,64.20271926303704
76,58.9320182800293,64.20271926303704
77,58.9320182800293,64.20271926303704
78,59.392433166503906,64.20271926303704
79,59.392433166503906,64.2865266546016
80,58.9320182800293,64.39256579773601
81,58.9320182800293,64.40628823535062
82,58.9320182800293,64.37334970962831
83,58.9320182800293,64.28414217651525
84,58.9320182800293,63.26374919620804
85,58.9320182800293,62.81067498256431
86,58.47161865234375,62.877931290941234
87,58.47161865234375,63.13984984466211
88,58.47161865234375,63.98629281084607
89,58.47161865234375,63.87931857826604
90,58.47161865234375,63.80416076407354
91,58.47161865234375,63.7569621243054
92,58.47161865234375,63.77779124170678
93,58.47161865234375,63.792168241933354
94,58.47161865234375,63.78197576697599
95,58.9320182800293,63.76862736513962
96,58.47161865234375,63.80813489421749
97,58.47161865234375,63.797264479412036
98,58.47161865234375,63.77241447739442
99,58.47161865234375,63.75721927390293
100,58.47161865234375,63.78337840114443
101,58.47161865234375,63.7569621243054
102,58.47161865234375,63.77643536201063
103,58.47161865234375,63.7675753895133
104,58.47161865234375,63.764372708162
105,58.47161865234375,63.76537792931606
106,58.47161865234375,63.76820657488909
107,58.47161865234375,63.77779124170678
108,58.47161865234375,63.77779124170678
109,58.47161865234375,63.77779124170678
110,58.47161865234375,63.77779124170678
111,58.47161865234375,63.77779124170678
112,58.47161865234375,63.77779124170678
113,58.47161865234375,63.7775107148731
114,58.47161865234375,63.77554702703728
115,58.47161865234375,63.77484570995307
116,58.47161865234375,63.77507948231445
117,58.47161865234375,63.77571066769028
118,58.47161865234375,63.77779124170678
119,58.47161865234375,63.77779124170678
120,58.9320182800293,63.77779124170678
121,58.9320182800293,64.24858540034518
122,58.9320182800293,62.770045346151704
123,58.9320182800293,62.038127459821226
124,58.9320182800293,62.0732166912685
125,58.9320182800293,62.50663064931783
126,58.9320182800293,64.20271926303704
127,58.9320182800293,64.20271926303704
128,58.9320182800293,64.20271926303704
129,59.852840423583984,64.20271926303704
130,59.852840423583984,64.33706823913789
131,59.852840423583984,64.41002859313315
132,59.852840423583984,64.55919873694722
133,61.6944580078125,64.73319550554277
134,63.536087036132784,65.12981369390658
135,64.456901550293,65.51450949183862
136,64.456901550293,65.6074573827342
137,64.456901550293,65.6239149569773
138,64.456901550293,66.22206829811046
139,64.456901550293,67.32935446515282
140,63.99650573730469,68.38212491751497
141,63.99650573730469,69.11507140223563
142,63.99650573730469,68.98289650909587
143,63.99650573730469,68.89761635165445
144,63.99650573730469,68.83300167096144
145,63.99650573730469,68.80368661684096
146,63.99650573730469,68.88506277584688
147,63.99650573730469,68.88506277584688
148,63.99650573730469,68.88506277584688
149,63.99650573730469,68.88506277584688
150,63.99650573730469,68.88506277584688
151,63.99650573730469,68.88506277584688
152,63.99650573730469,68.88506277584688
153,63.99650573730469,68.88506277584688
154,63.99650573730469,68.88506277584688
155,63.99650573730469,68.88506277584688
156,63.99650573730469,68.88499264413846
157,63.99650573730469,68.87292999028983
158,63.99650573730469,68.79735138584681
159,63.99650573730469,68.7703740553404
160,63.99650573730469,68.77928078231002
161,63.99650573730469,68.79176422640919
162,63.99650573730469,68.79793581675034
163,63.99650573730469,68.77091173177163
164,63.99650573730469,68.77645213673699
165,63.99650573730469,68.78147824250723
166,63.99650573730469,68.85574772172637
167,63.99650573730469,68.85743088272852
168,63.99650573730469,68.86297128769388
169,63.99650573730469,68.88305233353876
170,63.99650573730469,68.88305233353876
171,63.99650573730469,68.88305233353876
172,63.99650573730469,68.88305233353876
173,63.99650573730469,68.88305233353876
174,63.99650573730469,68.87695087490604
175,63.99650573730469,68.83947716537241
176,63.99650573730469,68.8261521407722
177,63.99650573730469,68.83059381563893
178,63.99650573730469,68.84253958330686
179,63.99650573730469,68.88305233353876
180,63.99650573730469,68.88305233353876
181,63.99650573730469,68.86937665039645
182,63.99650573730469,68.76551159022313
183,63.99650573730469,68.6293391897033
184,63.99650573730469,68.50352290479384
185,63.99650573730469,68.40627360244835
186,63.99650573730469,68.40627360244835
187,63.99650573730469,68.40627360244835
188,63.99650573730469,68.40627360244835
189,64.456901550293,68.40627360244835
190,64.456901550293,69.98599033465896
191,64.456901550293,68.01643481256534
192,64.456901550293,66.67988809069072
193,64.456901550293,66.46472400925134
194,64.456901550293,66.95139131122929
195,64.456901550293,69.30942974350975
196,64.456901550293,69.30942974350975
197,64.456901550293,69.30942974350975
198,64.456901550293,69.30942974350975
199,64.456901550293,69.30942974350975
200,64.456901550293,69.30942974350975
201,64.456901550293,69.30942974350975
202,64.456901550293,69.30942974350975
203,64.456901550293,69.30942974350975
204,65.37772369384766,69.30942974350975
205,67.2193374633789,69.42755491772891
206,68.14015960693357,69.54135530326204
207,69.52137756347656,69.36317400939731
208,69.98177337646484,69.76444426775313
209,69.52137756347656,70.47943703511771
210,69.52137756347656,71.65271713978541
211,69.52137756347656,72.89958878382413
212,69.52137756347656,73.38702753459472
213,69.52137756347656,73.773920792724
214,69.52137756347656,73.72057393985082
215,69.98177337646484,73.74715385734285
216,69.52137756347656,73.89922277843837
217,69.52137756347656,73.99876304992566
218,69.52137756347656,74.1150414224897
219,75.50666046142578,73.26693867253974
220,74.12544250488281,78.05438623903834
221,73.20462036132812,76.66355757484493
222,73.20462036132812,73.57030506593816
223,71.82341003417969,72.11815791134757
224,70.90259552001953,70.48958275560281
225,70.44217681884763,71.5035937504436
226,70.90259552001953,71.82863084174448
227,70.90259552001953,71.71375510334889
228,70.90259552001953,73.1222102035924
229,69.98177337646484,73.06802177021817
230,69.52137756347656,73.10615004236374
231,71.3630065917969,74.47070269313494
232,71.3630065917969,73.31056059517837
233,71.3630065917969,70.63197350093606
234,71.3630065917969,68.52790536208863
235,71.3630065917969,68.26731931082779
236,70.44217681884763,71.1119782906139
237,70.44217681884763,73.44292250620725
238,70.44217681884763,75.12729912461995
239,74.12544250488281,74.78089523948645
240,74.12544250488281,78.842643264468
241,74.12544250488281,76.88209966690664
242,75.04625701904294,74.46623764103205
243,75.04625701904294,73.13130394845115
244,75.04625701904294,73.26782700751309
245,76.4274673461914,76.43968547294313
246,76.88787841796875,77.725620478573
247,76.4274673461914,78.89357057340061
248,76.4274673461914,79.47648195656998
249,76.4274673461914,79.78489783297479
250,76.4274673461914,79.97040789036964
251,76.4274673461914,80.26305582099752
252,76.88787841796875,80.26033237298714
253,76.4274673461914,80.51638324043668
254,77.8086929321289,80.543348882325
255,77.8086929321289,80.72102756561273
256,77.8086929321289,80.27555095371474
257,77.8086929321289,79.53780044696717
258,77.8086929321289,78.76057747699593
259,77.8086929321289,78.17085162949152
260,77.8086929321289,78.19490680548034
261,77.8086929321289,78.19490680548034
262,76.4274673461914,78.19490680548034
263,78.26908111572266,77.99191057545221
264,78.26908111572266,77.9708827515436
265,78.26908111572266,78.70809558185996
266,78.26908111572266,79.85120736328801
267,77.8086929321289,80.99116321783706
268,77.8086929321289,82.01735375270718
269,77.3482894897461,81.12195885404452
270,77.3482894897461,79.87823144826672
271,78.72949981689453,78.97687535438814
272,78.26908111572266,78.42429593511136
273,78.26908111572266,78.99440828149369
274,78.26908111572266,79.92415602866521
275,78.26908111572266,80.70565703285018
276,78.26908111572266,81.67748380507501
277,79.18991088867188,82.08106840980878
278,79.18991088867188,82.23251783414656
279,79.18991088867188,82.39411297896945
280,78.72949981689453,82.55877054172677
281,78.72949981689453,82.64125711944936
282,78.72949981689453,82.54285064391493
283,78.72949981689453,82.3941714220598
284,79.65030670166016,82.14634934173179
285,79.65030670166016,82.08470357002867
286,79.65030670166016,82.04171283276585
287,79.65030670166016,81.91136136404506
288,79.65030670166016,81.75994700556149
289,79.65030670166016,81.68613338244708
290,79.65030670166016,82.07728129755398
291,79.18991088867188,82.58663620720654
292,79.18991088867188,82.97579705724146
293,79.18991088867188,83.2330752295884
294,79.18991088867188,83.14465083388603
295,79.18991088867188,83.06789167901789
296,79.18991088867188,83.01533965217351
297,80.5711441040039,83.01533965217351
298,80.5711441040039,83.2077459942299
299,76.88787841796875,82.74641961622851
300,76.88787841796875,81.64724535012698
301,75.9670639038086,80.29558524508738
302,75.9670639038086,78.99388229368054
303,75.50666046142578,78.63200267822185
304,75.50666046142578,78.54067950523805
305,74.12544250488281,78.98195990324876
306,74.12544250488281,79.12550782177098
307,74.12544250488281,78.44181717359885
308,74.12544250488281,77.8821661403895
309,74.12544250488281,77.63553629910467
310,74.58871459960938,77.62825429004684
311,74.58871459960938,78.20515772352806
312,74.12544250488281,78.37922462383202
313,74.58871459960938,78.38464814261667
314,74.58871459960938,78.43848591744879
315,74.58871459960938,78.4886184003526
316,74.58871459960938,78.47235953261674
317,78.7582778930664,78.47060623990618
318,80.14813232421875,78.95587090771568
319,79.6848373413086,79.88342119468996
320,78.7582778930664,80.81959768180016
321,79.22157287597656,81.56125218698327
322,78.7582778930664,82.34096483260348
323,79.22157287597656,82.62093061262499
324,79.22157287597656,82.66828120442807
325,79.6848373413086,82.707800422124
326,78.7582778930664,83.00680696098215
327,82.46454620361328,83.01844882458025
328,82.46454620361328,83.70112256298023
329,79.22157287597656,84.43066765984244
330,79.22157287597656,84.49791227960128
331,79.22157287597656,84.19556279597501
332,79.22157287597656,83.93786383337752
333,79.22157287597656,83.40533039409144
334,81.07469940185547,83.03807401432039
335,81.07469940185547,83.30783563076648
336,81.07469940185547,83.65779285579339
337,81.07469940185547,83.9881716455524
338,79.22157287597656,84.29195882920135
339,79.22157287597656,84.21731531420394
340,79.22157287597656,83.87649858850807
341,79.22157287597656,83.52974404483246
342,79.22157287597656,83.21226948942314
343,79.22157287597656,82.98946105176572
344,79.22157287597656,82.99437027135528
345,79.22157287597656,83.00113798121802
346,79.22157287597656,83.01736178309969
347,79.22157287597656,83.0252866661514
348,79.22157287597656,83.01507081395789
349,79.22157287597656,83.00722775123268
350,82.46454620361328,83.00722775123268
351,82.46454620361328,83.61828532671552
352,79.22157287597656,84.41257367906951
353,82.00126647949219,84.52368568244646
354,83.39112091064453,84.70549044791298
355,83.39112091064453,85.19705528086243
356,83.39112091064453,85.49008893588663
357,83.39112091064453,85.81427275806837
358,83.39112091064453,86.38478251746508
359,79.6848373413086,86.66678211703086
360,79.6848373413086,86.05102571708372
361,79.6848373413086,85.22528329350237
362,79.6848373413086,84.4398315364096
363,79.6848373413086,83.84781471976339
364,78.7582778930664,83.4485432150976
365,78.7582778930664,83.3030549859757
366,78.7582778930664,83.07940496781723
367,78.7582778930664,82.87695810283839
368,78.7582778930664,82.72096180607122
369,78.7582778930664,82.61398757349119
370,91.26693725585938,82.61398757349119
371,91.26693725585938,84.58931727291159
372,83.39112091064453,87.08032542436055
373,91.26693725585938,88.16187325441197
374,91.26693725585938,89.59122760376533
375,91.26693725585938,91.32752506364662
376,81.07469940185547,92.42721362894324
377,81.07469940185547,91.37367172778846
378,83.39112091064453,89.73714831175585
379,84.31769561767578,87.98781804272608
380,84.31769561767578,87.14067375945788
381,84.31769561767578,86.73275267742002
382,88.0239486694336,87.33360608932742
383,88.0239486694336,88.37621913258644
384,87.56068420410156,89.33827422010444
385,87.56068420410156,89.99990844597778
386,87.56068420410156,90.57715084938303
387,87.56068420410156,90.9477501739222
388,87.56068420410156,90.92432618330918
389,87.56068420410156,90.89144610067723
390,87.56068420410156,90.88142895499092
391,83.39112091064453,90.86989228895547
392,84.31769561767578,90.22154802182814
393,84.31769561767578,89.28622480383709
394,84.31769561767578,88.5135603949133
395,84.31769561767578,87.98034901577913
396,84.31769561767578,87.64821693330953
397,84.31769561767578,87.81057183830697
398,84.31769561767578,87.81031468870944
399,84.31769561767578,87.80925102446503
400,84.78096771240234,87.80890036592291
401,83.39112091064453,87.8388466054192
402,83.39112091064453,87.68121390212218
403,83.39112091064453,87.38310738685544
404,83.39112091064453,87.1364892341887
405,83.39112091064453,86.96869912178852
406,83.39112091064453,86.88055525291986
407,83.8543930053711,86.93462680011339
408,83.8543930053711,87.02924616339305
409,83.8543930053711,87.14754666688327
410,83.8543930053711,87.25025455386762
411,83.8543930053711,87.32860336079332
412,83.8543930053711,87.38228918359053
413,83.8543930053711,87.38228918359053
414,83.8543930053711,87.38228918359053
415,83.8543930053711,87.38228918359053
416,87.56068420410156,87.38228918359053
417,87.56068420410156,88.080158125482
418,87.56068420410156,88.96765151832912
419,87.56068420410156,89.7648152707284
420,87.56068420410156,90.37717028281705
421,87.56068420410156,90.80719454162599
422,87.09739685058594,90.82487942076648
423,87.09739685058594,90.77023513128748
424,86.63410186767578,90.67222606876743
425,86.63410186767578,90.49544740907115
426,86.63410186767578,90.30209428895108
427,86.63410186767578,90.13802115709728
428,86.63410186767578,90.04628888248101
429,86.63410186767578,89.98802112140021
430,86.63410186767578,89.97927803508358
431,86.63410186767578,89.97927803508358
432,86.63410186767578,89.97927803508358
433,86.63410186767578,89.97927803508358
434,88.95052337646484,89.97927803508358
435,88.95052337646484,90.34659285794498
436,88.95052337646484,90.87475475407274
437,88.95052337646484,91.37610296034708
438,88.95052337646484,91.77141202348702
439,88.95052337646484,92.04780108637902
440,88.95052337646484,92.09427503182681
441,88.95052337646484,92.09427503182681
442,88.95052337646484,92.09427503182681
443,88.95052337646484,92.09427503182681
444,88.95052337646484,92.09427503182681
445,88.95052337646484,92.09427503182681
446,88.95052337646484,92.09427503182681
447,88.95052337646484,92.09427503182681
448,92.65679931640625,92.09427503182681
449,92.65679931640625,92.8023598259118
450,87.56068420410156,93.72435801930263
451,87.56068420410156,93.59311821560851
452,87.56068420410156,92.99380770128639
453,87.56068420410156,92.31260672876326
454,87.56068420410156,91.55435438592025
455,87.56068420410156,90.98662651762427
456,87.56068420410156,90.9684624051429
457,87.56068420410156,90.93668105260957
458,87.56068420410156,90.9057412805773
459,92.65679931640625,90.85308405617027
460,87.56068420410156,91.67821867161197
461,88.95052337646484,92.05857799223989
462,92.65679931640625,92.30857415552899
463,92.65679931640625,93.35952118347217
464,92.65679931640625,94.09823015690151
465,94.97322082519531,94.42445948724557
466,92.65679931640625,95.17284663643719
467,92.65679931640625,95.62031031340712
468,92.65679931640625,95.76510891406289
469,92.19351196289062,95.66376859539278
470,92.65679931640625,95.65788922050336
471,92.65679931640625,95.50870738807123
472,92.65679931640625,95.56568940116429
473,94.97322082519531,95.56267373770214
474,92.65679931640625,95.89937606983725
475,97.5334701538086,95.85186183738116
476,97.04580688476562,96.32746001804648
477,96.55813598632812,96.96197664999656
478,95.58280181884766,97.72388753029563
479,95.58280181884766,98.30144552638876
480,97.04580688476562,98.65365865470326
481,95.58280181884766,98.96044981319628
482,95.58280181884766,98.82672033385316
483,94.60746002197266,98.68352307387306
484,92.65679931640625,98.48451266260693
485,93.14447021484375,97.89974278916435
486,92.65679931640625,97.15536483597086
487,92.65679931640625,96.55520105252958
488,95.09513092041016,96.07537159212279
489,95.09513092041016,96.24623581107548
490,96.55813598632812,96.84964903034032
491,94.60746002197266,97.52386020925735
492,94.60746002197266,97.86637178457343
493,97.04580688476562,97.9847774856263
494,97.04580688476562,98.20206889555448
495,97.04580688476562,98.62723068924615
496,97.04580688476562,99.00181583254732
497,97.04580688476562,99.43425963529683
498,95.09513092041016,99.73697146608328
499,94.11978912353516,99.41251880568595
500,94.11978912353516,98.78506209905035
501,94.11978912353516,98.12239927478683
502,97.5334701538086,97.56891983191863
503,97.5334701538086,97.81885755211738
504,97.5334701538086,98.53309055930737
505,97.5334701538086,99.27237227502218
506,97.5334701538086,99.85324983864734
507,97.5334701538086,100.25018361969904
508,97.5334701538086,100.25018361969904
509,97.5334701538086,100.25027712864363
510,97.5334701538086,100.25062778718572
511,97.5334701538086,100.25072129613028
512,97.5334701538086,100.25067454165801
513,97.5334701538086,100.25055765547731
514,97.5334701538086,100.25018361969904
515,97.5334701538086,100.25018361969904
516,97.5334701538086,100.2474484830706
517,94.60746002197266,100.23480139831844
518,94.60746002197266,99.58600127508637
519,94.60746002197266,98.83493743235664
520,94.60746002197266,98.19179460027061
521,97.5334701538086,97.72139785464663
522,97.5334701538086,98.86149397261252
523,97.5334701538086,99.6383779726597
524,97.5334701538086,99.87583224875928
525,97.5334701538086,99.86497352257192
526,97.5334701538086,99.80870451518115
527,97.5334701538086,99.55285235423881
528,97.5334701538086,99.81366048924298
529,97.5334701538086,100.04970044255606
530,97.5334701538086,100.22895708928326
531,97.5334701538086,100.22895708928326
532,97.04580688476562,100.22895708928326
533,88.26778411865234,100.13630141383945
534,85.34178924560547,98.64152586914622
535,85.34178924560547,95.83680689730653
536,85.34178924560547,92.8370399557266
537,85.34178924560547,90.31227507529036
538,85.34178924560547,88.49490536047298
539,87.7801284790039,87.94959626163597
540,99.97181701660156,88.39291047919093
541,99.97181701660156,91.49792173787648
542,99.97181701660156,95.27017775910917
543,99.97181701660156,98.60548985963527
544,99.97181701660156,101.12345196435453
545,99.97181701660156,102.53955142081608
546,99.97181701660156,102.54260215013244
547,99.97181701660156,102.54636588515112
548,99.97181701660156,102.34266833803875
549,97.5334701538086,102.26565203357308
550,97.5334701538086,101.8052724336354
551,97.5334701538086,101.24940851268084
552,97.5334701538086,100.75973723585881
553,97.5334701538086,100.48400273557874
554,97.5334701538086,100.20388500352232
555,97.5334701538086,100.20388500352232
556,97.5334701538086,100.20388500352232
557,97.5334701538086,100.20388500352232
558,97.5334701538086,100.20388500352232
559,97.5334701538086,100.20615259542797
560,97.5334701538086,100.21661390860095
561,96.0704574584961,100.2296467177494
562,96.55813598632812,100.01604891113146
563,96.55813598632812,99.7864376977571
564,96.55813598632812,99.56984760491312
565,96.55813598632812,99.40224451040208
566,96.55813598632812,99.28872465170264
567,96.55813598632812,99.31622797002223
568,96.55813598632812,99.31557340741028
569,96.55813598632812,99.32298399126691
570,96.55813598632812,99.32837244419733
571,96.55813598632812,99.32785814500224
572,96.55813598632812,99.32749579784206
573,96.55813598632812,99.32749579784206
574,96.55813598632812,99.32749579784206
575,96.55813598632812,99.32749579784206
576,96.55813598632812,99.32601134334712
577,96.55813598632812,99.31900986112296
578,96.55813598632812,99.31171616344707
579,96.55813598632812,99.3104421040774
580,96.55813598632812,99.31267463012884
581,96.55813598632812,99.31999170504088
582,96.55813598632812,99.32555548724238
583,96.55813598632812,99.32555548724238
584,96.55813598632812,99.32555548724238
585,96.55813598632812,99.32555548724238
586,96.55813598632812,99.32555548724238
587,96.55813598632812,99.32555548724238
588,96.55813598632812,99.32555548724238
589,96.55813598632812,99.32555548724238
590,96.55813598632812,99.32555548724238
591,96.55813598632812,99.32555548724238
592,96.55813598632812,99.32555548724238
593,96.55813598632812,99.32555548724238
594,96.55813598632812,99.32555548724238
595,96.55813598632812,99.32555548724238
596,96.55813598632812,99.32555548724238
597,96.55813598632812,99.32555548724238
598,96.55813598632812,99.32555548724238
599,96.55813598632812,99.32555548724238
600,96.55813598632812,99.32555548724238
601,96.55813598632812,99.32555548724238
602,96.55813598632812,99.32555548724238
603,96.55813598632812,99.32555548724238
604,97.5334701538086,99.32555548724238
605,97.5334701538086,99.51105385601917
606,97.5334701538086,99.74399632554358
607,97.5334701538086,99.95178488898057
608,97.5334701538086,100.10988513700039
609,102.41014862060547,100.21737366877554
610,102.41014862060547,101.15564241852033
611,96.55813598632812,102.36229352777892
612,96.55813598632812,102.32764846381832
613,96.55813598632812,101.72390796324754
614,97.04580688476562,100.99799802660525
615,97.04580688476562,100.098523800236
616,97.04580688476562,99.53763377351117
617,97.04580688476562,99.64451449714664
618,97.04580688476562,99.72624131469468
619,99.97181701660156,99.78203108874456
620,99.97181701660156,100.34316657644885
621,99.97181701660156,101.06110487556717
622,99.97181701660156,101.70783611340079
623,99.97181701660156,102.20367898056398
624,99.97181701660156,102.54426193389844
625,99.97181701660156,102.54511520301759
626,102.41014862060547,102.54467103553091
627,102.41014862060547,103.01337293153469
628,102.41014862060547,103.70428714567433
629,102.41014862060547,104.26006924630238
630,104.84848022460938,104.65500427366408
631,104.84848022460938,105.38327531115658
632,104.84848022460938,105.96239958207119
633,104.84848022460938,106.46825959492068
634,104.84848022460938,106.88710953485435
635,102.41014862060547,107.16961174499713
636,102.41014862060547,106.69739157495417
637,102.41014862060547,106.09141854833192
638,104.84848022460938,105.54754714951758
639,104.84848022460938,105.60347718698429
640,104.84848022460938,105.92369856764017
641,109.72515869140625,106.47062069577089
642,109.72515869140625,107.8310823302175
643,109.72515869140625,109.31965121871534
644,114.60182189941406,110.40173672519799
645,114.60182189941406,112.07772091583618
646,114.60182189941406,113.81039490411564
647,114.60182189941406,114.8933103024813
648,114.60182189941406,115.72890623109595
649,117.04016876220703,116.32370493884292
650,117.04016876220703,116.875173939403
651,117.04016876220703,117.48830040028429
652,117.04016876220703,118.04394223749551
653,117.04016876220703,118.44801776418822
654,117.04016876220703,118.72215092379264
655,117.04016876220703,118.72215092379264
656,117.04016876220703,118.72215092379264
657,117.04016876220703,118.72215092379264
658,117.04016876220703,118.72215092379264
659,117.04016876220703,118.72215092379264
660,114.60182189941406,118.72215092379264
661,114.60182189941406,118.24772160493436
662,114.60182189941406,117.65173065814423
663,114.60182189941406,117.12017906277603
664,114.60182189941406,116.71622042226403
665,114.60182189941406,116.44199375371505
666,114.60182189941406,116.44199375371505
667,114.60182189941406,116.44199375371505
668,114.60182189941406,116.44199375371505
669,117.04016876220703,116.44199375371505
670,117.04016876220703,116.91634125224684
671,117.04016876220703,117.51329066571876
672,126.79352569580078,118.04604618874819
673,134.1085205078125,120.15244036259162
674,141.4235382080078,124.0807628122999
675,143.86184692382812,129.22169756648265
676,143.86184692382812,134.62367422803098
677,136.54685974121094,139.24038615037568
678,136.54685974121094,140.90567525547948
679,136.54685974121094,140.5357421821703
680,143.86184692382812,139.61840774738954
681,138.98519897460938,139.99432539315072
682,143.86184692382812,140.02298588465928
683,143.86184692382812,141.23579689564096
684,143.86184692382812,142.63961161451056
685,143.86184692382812,143.68623385376767
686,141.4235382080078,143.95899944505786
687,141.4235382080078,144.0264077054697
688,141.4235382080078,143.44480544752417
689,141.4235382080078,142.85443672602588
690,141.4235382080078,142.44359348947043
691,141.4235382080078,142.166304402987
692,141.4235382080078,142.16850186318425
693,141.4235382080078,142.16850186318425
694,146.30020141601562,142.16850186318425
695,146.30020141601562,143.1493171827052
696,151.17689514160156,144.3838924005339
697,156.0535430908203,146.4707432049637
698,156.0535430908203,149.5328455467129
699,156.0535430908203,152.44017889659239
700,156.0535430908203,154.37895828730672
701,156.0535430908203,155.77708064917604
702,156.0535430908203,156.3413720637593
703,156.0535430908203,156.34298509305304
704,156.0535430908203,156.34402538006128
705,156.0535430908203,156.3435929011927
706,156.0535430908203,156.34326561988672
707,158.49188232421875,156.3432773085048
708,158.49188232421875,156.83910848704994
709,158.49188232421875,157.4577636642785
710,160.93023681640625,158.00785340790628
711,160.93023681640625,158.90508341960603
712,160.93023681640625,159.7634020217495
713,160.93023681640625,160.27164651268535
714,163.36856079101562,160.653455221954
715,163.36856079101562,161.42295201538073
716,163.36856079101562,162.09399557880073
717,163.36856079101562,162.6934814223939
718,163.36856079101562,163.15017910763942
719,163.36856079101562,163.46062880358846
720,163.36856079101562,163.4622301442641
721,163.36856079101562,163.46304834752902
722,163.36856079101562,163.4644860475517
723,163.36856079101562,163.4644860475517
724,163.36856079101562,163.4644860475517
725,163.36856079101562,163.4644860475517
726,163.36856079101562,163.4644860475517
727,165.8438262939453,163.43403719747837
728,165.8438262939453,163.89138944533585
729,165.8438262939453,164.51526943484188
730,165.8438262939453,165.09168194636413
731,165.8438262939453,165.53745077371389
732,165.8438262939453,165.8788753075494
733,165.8438262939453,165.8788753075494
734,165.8438262939453,165.8788753075494
735,165.8438262939453,165.8788753075494
736,165.8438262939453,165.8788753075494
737,165.8438262939453,165.8788753075494
738,165.8438262939453,165.8788753075494
739,165.8438262939453,165.8788753075494
740,165.8438262939453,165.8788753075494
741,165.8438262939453,165.8788753075494
742,165.8438262939453,165.8788753075494
743,165.8438262939453,165.8788753075494
744,165.8438262939453,165.8788753075494
745,165.8438262939453,165.8788753075494
746,165.8438262939453,165.8788753075494
747,165.8438262939453,165.8788753075494
748,165.8438262939453,165.8788753075494
749,165.8438262939453,165.8788753075494
750,165.8438262939453,165.8788753075494
751,165.8438262939453,165.8788753075494
752,165.8438262939453,165.8788753075494
753,165.8438262939453,165.8788753075494
754,165.8438262939453,165.8782441221736
755,165.8438262939453,165.87660771564373
756,165.8438262939453,165.8747375367525
757,165.8438262939453,165.8731946391672
758,165.8438262939453,165.87206084321437
759,165.8438262939453,165.87206084321437
760,165.8438262939453,165.87206084321437
761,165.8438262939453,165.87206084321437
762,165.8438262939453,165.87206084321437
763,165.8438262939453,165.87206084321437
764,165.8438262939453,165.87206084321437
765,165.8438262939453,165.87206084321437
766,165.8438262939453,165.87206084321437
767,158.41799926757812,165.87206084321437
768,153.4674530029297,164.41866300649025
769,153.4674530029297,161.5483708872758
770,148.51686096191406,158.51789794602502
771,143.56631469726562,155.19703297743388
772,143.56631469726562,151.22352233026555
773,136.1404571533203,148.1114043917932
774,136.1404571533203,144.6535721966535
775,136.1404571533203,141.287460587512
776,136.1404571533203,138.89900837101243
777,136.1404571533203,137.61693060934573
778,131.1898956298828,136.8503209045824
779,131.1898956298828,135.96012744096103
780,131.1898956298828,134.73261214844683
781,131.1898956298828,133.5493032094748
782,126.23931884765625,132.58979624069613
783,126.23931884765625,131.07213438182112
784,126.23931884765625,129.74865553494917
785,123.76406860351562,128.56825706187664
786,123.76406860351562,127.2735322154578
787,123.76406860351562,126.09438442451881
788,116.33821868896484,125.65544175012218
789,111.38764953613281,124.02782506105919
790,106.43709564208984,120.87971786754815
791,101.48653411865234,117.00277858287723
792,101.48653411865234,112.4498046948703
793,101.48653411865234,108.43806057799378
794,101.48653411865234,106.0169503626056
795,89.60517883300781,104.55534711599608
796,89.11012268066406,101.70383860602072
797,89.11012268066406,98.6972338228696
798,91.58540344238281,95.95198653977198
799,91.58540344238281,93.65976671584576
800,91.58540344238281,92.53695806400594
801,91.58540344238281,93.07905279287363
802,84.15956115722656,93.67649312830449
803,86.63484954833984,92.74993637386618
804,86.63484954833984,91.8777316934551
805,86.63484954833984,90.82077671582377
806,86.63484954833984,90.08308465216652
807,86.63484954833984,89.6184620838693
808,86.63484954833984,89.89382254837108
809,86.63484954833984,89.89382254837108
810,86.63484954833984,89.89382254837108
811,86.63484954833984,89.89382254837108
812,86.63484954833984,89.89382254837108
813,86.63484954833984,89.89382254837108
814,86.63484954833984,89.89382254837108
815,86.63484954833984,89.89382254837108
816,86.63484954833984,89.89382254837108
817,86.63484954833984,89.89382254837108
818,86.63484954833984,89.89382254837108
819,86.63484954833984,89.89382254837108
820,86.63484954833984,89.89382254837108
821,86.63484954833984,89.89382254837108
822,86.63484954833984,89.89382254837108
823,86.63484954833984,89.89382254837108
824,86.63484954833984,89.89382254837108
825,86.63484954833984,89.89382254837108
826,86.63484954833984,89.89382254837108
827,86.63484954833984,89.89382254837108
828,86.63484954833984,89.89382254837108
829,86.63484954833984,89.89382254837108
830,86.63484954833984,89.89382254837108
831,86.63484954833984,89.89382254837108
832,91.58540344238281,89.89382254837108
833,91.58540344238281,90.83669661363561
834,91.58540344238281,92.06293784678013
835,91.58540344238281,93.17806707654773
836,91.58540344238281,94.04037149745318
837,91.58540344238281,94.63227142791868
838,91.58540344238281,94.62889341729635
839,91.58540344238281,94.62223090499623
840,91.58540344238281,94.61373327965907
841,87.12989044189453,94.61092801132219
842,86.63484954833984,93.7699786956313
843,86.63484954833984,92.59519075923254
844,91.58540344238281,91.49233457843886
845,91.58540344238281,91.5643481543704
846,91.58540344238281,92.17482129894972
847,91.58540344238281,93.21314461937692
848,91.58540344238281,94.0605577408607
849,91.58540344238281,94.64072229878357
850,89.11012268066406,94.64072229878357
851,89.11012268066406,94.16874758972006
852,89.11012268066406,93.55909264840568
853,89.11012268066406,93.00686388767102
854,89.11012268066406,92.58225145902864
855,89.11012268066406,92.291134737368
856,89.11012268066406,92.29139188696553
857,89.11012268066406,92.29270101218941
858,89.11012268066406,92.29436079595541
859,89.11012268066406,92.29583356183227
860,89.11012268066406,92.29700242363933
861,89.11012268066406,92.29700242363933
862,89.11012268066406,92.29700242363933
863,89.11012268066406,92.29700242363933
864,89.11012268066406,92.29700242363933
865,89.11012268066406,92.29784400414039
866,89.11012268066406,92.30223892453483
867,89.11012268066406,92.30775595226405
868,89.11012268066406,92.3118820344429
869,89.11012268066406,92.31216256127658
870,89.11012268066406,92.31016380758655
871,89.11012268066406,92.3071832099786
872,89.11012268066406,92.30638838394984
873,89.11012268066406,92.30630656362334
874,89.11012268066406,92.3019817749373
875,89.11012268066406,92.30166618224939
876,89.11012268066406,92.30137396679763
877,89.11012268066406,92.3032792115431
878,89.11012268066406,92.30592083922701
879,89.11012268066406,92.3057338213379
880,89.11012268066406,92.30235581071554
881,89.11012268066406,92.3047753546561
882,89.11012268066406,92.30249607413239
883,89.11012268066406,92.3019817749373
884,89.11012268066406,92.30078953589413
885,89.11012268066406,92.29700242363933
886,89.11012268066406,92.29700242363933
887,89.11012268066406,92.29700242363933
888,89.11012268066406,92.29700242363933
889,89.11012268066406,92.29700242363933
890,89.11012268066406,92.29776218381389
891,89.11012268066406,92.3017363139578
892,89.11012268066406,92.30677410834613
893,89.11012268066406,92.31161319622728
894,89.11012268066406,92.31514315888452
895,91.58540344238281,92.31508471579417
896,91.58540344238281,92.68581261513214
897,91.58540344238281,93.22393321385587
898,91.58540344238281,93.73630378697055
899,91.58540344238281,94.140496199844
900,91.58540344238281,94.4233023140566
901,91.58540344238281,94.4928495915753
902,91.58540344238281,94.525355638429
903,91.58540344238281,94.55489277629283
904,91.58540344238281,94.57621281565318
905,91.58540344238281,94.58968979228834
906,91.58540344238281,94.57650503110494
907,91.58540344238281,94.57650503110494
908,91.58540344238281,94.57650503110494
909,91.58540344238281,94.57650503110494
910,91.58540344238281,94.57650503110494
911,91.58540344238281,94.57650503110494
912,91.58540344238281,94.57650503110494
913,94.06067657470703,94.57650503110494
914,94.06067657470703,95.05107461338008
915,91.58540344238281,95.66719336048737
916,96.53596496582031,95.7389497868214
917,95.05079650878906,96.26692466506003
918,95.05079650878906,96.74220725303746
919,95.05079650878906,96.96304031424097
920,96.53596496582031,97.19751399273261
921,96.53596496582031,97.81211321949078
922,98.0211410522461,98.18818281728687
923,101.48653411865234,98.78247891445682
924,98.0211410522461,99.99306908800511
925,98.0211410522461,100.55261492365182
926,98.0211410522461,100.7226492507215
927,98.0211410522461,100.79593688602273
928,98.0211410522461,100.70013697231798
929,101.48653411865234,100.5579916879642
930,101.48653411865234,101.19375900204781
931,101.48653411865234,101.71523500863933
932,101.48653411865234,102.19462030155944
933,106.43709564208984,102.77304325538981
934,106.43709564208984,104.14040117449792
935,118.81350708007812,105.70535518208564
936,118.81350708007812,108.98022543856985
937,118.81350708007812,112.40006962498086
938,121.28878021240234,115.3265021767873
939,121.28878021240234,117.77712615280316
940,121.28878021240234,119.93053194852564
941,121.28878021240234,121.2294646974498
942,121.28878021240234,122.10669548363111
943,121.28878021240234,122.74363165952175
944,121.28878021240234,122.81042042317586
945,121.28878021240234,122.8145114395005
946,121.28878021240234,122.81756216881686
947,118.81350708007812,122.81756216881686
948,118.81350708007812,122.32474665373388
949,118.81350708007812,121.6840818086788
950,118.81350708007812,121.10244448487907
951,118.81350708007812,120.65565874775723
952,118.81350708007812,120.3500130738351
953,118.81350708007812,120.3500130738351
954,118.81350708007812,120.35690935849661
955,128.71461486816406,120.37575141082607
956,128.71461486816406,121.81774115631347
957,123.76406860351562,123.92849518469717
958,123.76406860351562,125.62729555780874
959,126.23931884765625,126.34844822689638
960,131.1898956298828,126.56537728966441
961,131.1898956298828,127.09673017852538
962,136.1404571533203,127.99711611710413
963,138.61575317382812,130.127997945805
964,146.0415802001953,132.8481614545236
965,143.56631469726562,136.26279251727522
966,150.9921417236328,139.67264293523604
967,158.41799926757812,142.84552999905625
968,158.41799926757812,146.78687356929493
969,165.8438262939453,150.96101934564118
970,165.8438262939453,154.96302684366506
971,175.8949737548828,159.07830873940893
972,175.8949737548828,163.66908361825546
973,175.8949737548828,168.0018088759624
974,175.8949737548828,171.54049124229488
975,175.8949737548828,173.90331031936614
976,175.8949737548828,175.29007134447104
977,175.8949737548828,175.70473091482648
978,175.8949737548828,175.70219448470522
979,183.43333435058597,175.6989567374997
980,183.43333435058597,176.75417595534762
981,183.43333435058597,178.56757154002108
982,188.4589080810547,180.36862978832124
983,190.9716796875,182.60724560977673
984,190.9716796875,185.38672885520248
985,190.9716796875,187.5042973479212
986,190.9716796875,189.0171551847693
987,190.9716796875,190.09989525386388
988,190.9716796875,190.52546030487895
989,208.56118774414065,190.52546030487895
990,211.073974609375,192.7261465606961
991,211.073974609375,197.5129278759647
992,211.073974609375,202.46228617997406
993,213.58676147460935,206.49512825246757
994,216.09954833984372,209.8915718255017
995,216.09954833984372,210.85966408425304
996,211.073974609375,211.82257828519923
997,211.073974609375,211.96922953181914
998,211.073974609375,211.7310856272534
999,211.073974609375,211.2087797287789
1000,211.073974609375,210.97738015683976
1001,211.073974609375,210.400885824991
1002,211.073974609375,210.400885824991
1003,211.073974609375,210.400885824991
1004,211.073974609375,210.400885824991
1005,211.073974609375,210.400885824991
1006,211.073974609375,210.400885824991
1007,211.073974609375,210.400885824991
1008,211.073974609375,210.400885824991
1009,211.073974609375,210.40188520183602
1010,211.073974609375,210.40404175187
1011,211.073974609375,210.406034661251
1012,211.073974609375,210.40726781045743
1013,211.073974609375,210.40789899583322
1014,211.073974609375,210.4074782055827
1015,211.073974609375,210.40702819378697
1016,211.073974609375,210.40702819378697
1017,211.073974609375,210.4046261827735
1018,211.073974609375,210.39994489123634
1019,211.073974609375,210.39512333628232
1020,211.073974609375,210.391254403701
1021,211.073974609375,210.38858355447195
1022,211.073974609375,210.38858355447195
1023,211.073974609375,210.38858355447195
1024,211.073974609375,210.38858355447195
1025,211.073974609375,210.38858355447195
1026,211.073974609375,210.38858355447195
1027,211.073974609375,210.38858355447195
1028,211.073974609375,210.38858355447195
1029,211.073974609375,210.38858355447195
1030,211.073974609375,210.38858355447195
1031,211.073974609375,210.38355160439264
1032,211.073974609375,210.37721052908947
1033,211.073974609375,210.37763131934
1034,211.073974609375,210.38123141370568
1035,211.073974609375,210.3836801791914
1036,211.073974609375,210.38834978211054
1037,211.073974609375,210.38840238089185
1038,211.073974609375,210.38550944791942
1039,211.073974609375,210.38550944791942
1040,211.073974609375,210.38550944791942
1041,211.073974609375,210.38550944791942
1042,211.073974609375,210.38550944791942
1043,211.073974609375,210.38550944791942
1044,211.073974609375,210.38892252439598
1045,211.073974609375,210.3921485829834
1046,211.073974609375,210.39234144518156
1047,211.073974609375,210.39097387686732
1048,211.073974609375,210.3892907158652
1049,211.073974609375,210.38550944791942
1050,211.073974609375,210.38550944791942
1051,211.073974609375,210.38550944791942
1052,211.073974609375,210.38550944791942
1053,211.073974609375,210.38550944791942
1054,211.073974609375,210.38550944791942
1055,211.073974609375,210.38550944791942
1056,211.073974609375,210.38550944791942
1057,211.073974609375,210.38550944791942
1058,211.073974609375,210.38550944791942
1059,211.073974609375,210.38550944791942
1060,211.073974609375,210.38550944791942
1061,211.073974609375,210.38550944791942
1062,211.073974609375,210.38550944791942
1063,211.073974609375,210.38550944791942
1064,211.073974609375,210.38550944791942
1065,211.073974609375,210.38550944791942
1066,211.073974609375,210.38550944791942
1067,211.073974609375,210.38550944791942
1068,211.073974609375,210.38550944791942
1069,211.073974609375,210.38550944791942
1070,211.073974609375,210.38550944791942
1071,211.073974609375,210.38550944791942
1072,211.073974609375,210.38872381788877
1073,211.073974609375,210.39497722855643
1074,211.073974609375,210.40140596849514
1075,211.073974609375,210.40655480475513
1076,211.073974609375,210.41010814464852
1077,211.073974609375,210.41010814464852
1078,211.073974609375,210.41010814464852
1079,211.073974609375,210.41010814464852
1080,211.073974609375,210.41010814464852
1081,211.073974609375,210.41010814464852
1082,211.073974609375,210.41010814464852
1083,211.073974609375,210.41010814464852
1084,211.073974609375,210.41010814464852
1085,211.073974609375,210.41010814464852
1086,211.073974609375,210.41010814464852
1087,211.073974609375,210.41010814464852
1088,211.073974609375,210.41010814464852
1089,211.073974609375,210.41010814464852
1090,211.073974609375,210.41010814464852
1091,211.073974609375,210.41010814464852
1092,211.073974609375,210.41010814464852
1093,211.073974609375,210.41010814464852
1094,211.073974609375,210.41010814464852
1095,211.073974609375,210.41010814464852
1096,211.073974609375,210.41010814464852
1097,211.073974609375,210.41010814464852
1098,211.073974609375,210.41010814464852
1099,211.073974609375,210.41010814464852
1100,211.073974609375,210.41010814464852
1101,211.073974609375,210.41010814464852
1102,211.073974609375,210.41010814464852
1103,211.073974609375,210.41010814464852
1104,211.073974609375,210.41010814464852
1105,211.073974609375,210.41010814464852
1106,211.073974609375,210.41010814464852
1107,211.073974609375,210.41010814464852
1108,211.073974609375,210.41010814464852
1109,211.073974609375,210.41010814464852
1110,211.073974609375,210.41010814464852
1111,211.073974609375,210.41010814464852
1112,211.073974609375,210.41010814464852
1113,211.073974609375,210.41010814464852
1114,211.073974609375,210.41010814464852
1115,211.073974609375,210.41010814464852
1116,211.073974609375,210.41010814464852
1117,211.073974609375,210.41010814464852
1118,211.073974609375,210.41010814464852
1119,211.073974609375,210.41010814464852
1120,211.073974609375,210.41010814464852
1121,211.073974609375,210.41010814464852
1122,211.073974609375,210.41010814464852
1123,211.073974609375,210.41010814464852
1124,211.073974609375,210.41010814464852
1125,211.073974609375,210.41010814464852
1126,211.073974609375,210.41010814464852
1127,211.073974609375,210.41010814464852
1128,211.073974609375,210.41010814464852
1129,211.073974609375,210.41010814464852
1130,211.073974609375,210.41010814464852
1131,211.073974609375,210.41010814464852
1132,211.073974609375,210.41010814464852
1133,211.073974609375,210.41026594099247
1134,211.073974609375,210.4106165995346
1135,211.073974609375,210.41100816823993
1136,211.073974609375,210.41135882678205
1137,211.073974609375,210.4115984434525
1138,211.073974609375,210.41163935361573
1139,211.073974609375,210.41163935361573
1140,211.073974609375,210.41163935361573
1141,211.073974609375,210.41163935361573
1142,211.073974609375,210.41160428776152
1143,211.073974609375,210.4115692219073
1144,211.073974609375,210.41155753328925
1145,211.073974609375,210.41157506621636
1146,211.073974609375,210.4114348027995
1147,211.073974609375,210.4113296052369
1148,211.073974609375,210.41132376092784
1149,211.073974609375,210.4113822040182
1150,211.073974609375,210.41145818003565
1151,211.073974609375,210.41163935361573
1152,211.073974609375,210.41163935361573
1153,211.073974609375,210.41163935361573
1154,211.073974609375,210.41163935361573
1155,211.073974609375,210.41163935361573
1156,211.073974609375,210.41163935361573
1157,211.073974609375,210.41163935361573
1158,211.073974609375,210.41163935361573
1159,211.073974609375,210.41163935361573
1160,211.073974609375,210.41163935361573
1161,211.073974609375,210.41163935361573
1162,211.073974609375,210.41163935361573
1163,211.073974609375,210.41163935361573
1164,211.073974609375,210.41163935361573
1165,211.073974609375,210.41163935361573
1166,211.073974609375,210.41163935361573
1167,211.073974609375,210.41163935361573
1168,211.073974609375,210.41163935361573
1169,211.073974609375,210.41163935361573
1170,211.073974609375,210.41163935361573
1171,211.073974609375,210.41163935361573
1172,211.073974609375,210.41163935361573
1173,211.073974609375,210.41163935361573
1174,211.073974609375,210.41163935361573
1175,211.073974609375,210.41163935361573
1176,211.073974609375,210.41163935361573
1177,211.073974609375,210.41163935361573
1178,211.073974609375,210.41163935361573
1179,211.073974609375,210.41163935361573
1180,211.073974609375,210.41163935361573
1181,211.073974609375,210.41163935361573
1182,211.073974609375,210.41163935361573
1183,211.073974609375,210.41163935361573
1184,211.073974609375,210.41163935361573
1185,211.073974609375,210.41163935361573
1186,211.073974609375,210.41163935361573
1187,211.073974609375,210.41163935361573
1188,211.073974609375,210.41163935361573
1189,211.073974609375,210.41163935361573
1190,218.61233520507807,210.41163935361573
1191,218.61233520507807,212.0231257497416
1192,218.61233520507807,214.00177501669398
1193,218.61233520507807,215.739358224563
1194,218.61233520507807,217.03722146493374
1195,218.61233520507807,217.90188114238038
1196,218.61233520507807,217.90371625541744
1197,218.61233520507807,217.90371625541744
1198,218.61233520507807,217.90371625541744
1199,211.073974609375,217.90371625541744
1200,211.073974609375,216.28633295147506
1201,211.073974609375,214.30599467921152
1202,211.073974609375,212.57035178194218
1203,211.073974609375,211.27438209769883
1204,221.12510681152344,210.40972826456124
1205,221.12510681152344,212.29500885036748
1206,221.12510681152344,214.87071272835436
1207,221.12510681152344,217.23103044115857
1208,221.12510681152344,219.0383946989077
1209,221.12510681152344,220.26513854262924
1210,221.12510681152344,220.40513312125807
1211,223.66677856445312,220.40513312125807
1212,223.66677856445312,220.9524701953303
1213,223.66677856445312,221.62217541198123
1214,223.66677856445312,222.2088388415512
1215,223.66677856445312,222.6462619955987
1216,223.66677856445312,222.93735826217772
1217,223.66677856445312,222.93735826217772
1218,223.66677856445312,222.93735826217772
1219,223.66677856445312,222.93735826217772
1220,223.66677856445312,222.93735826217772
1221,223.66677856445312,222.93735826217772
1222,223.66677856445312,222.93735826217772
1223,223.66677856445312,222.93735826217772
1224,223.66677856445312,222.93735826217772
1225,223.66677856445312,222.93735826217772
1226,223.66677856445312,222.93735826217772
1227,223.66677856445312,222.93735826217772
1228,223.66677856445312,222.93735826217772
1229,227.22511291503903,222.93735826217772
1230,227.22511291503903,223.60066396043513
1231,227.22511291503903,224.50857444689666
1232,231.2917938232422,225.34446259096308
1233,231.2917938232422,226.73937058286305
1234,231.2917938232422,228.2163618951622
1235,231.2917938232422,229.23654155818966
1236,231.2917938232422,229.97212967059423
1237,231.2917938232422,230.47257200896811
1238,231.2917938232422,230.5460232849223
1239,233.8334503173828,230.5460232849223
1240,236.3751220703125,230.9979958463129
1241,236.3751220703125,232.09228427006101
1242,244.0001220703125,233.33878187832147
1243,244.0001220703125,235.72950753103572
1244,244.0001220703125,238.4589985569745
1245,244.0001220703125,240.65335542610651
1246,244.0001220703125,242.1194383355915
1247,244.0001220703125,243.0799125375155
1248,244.0001220703125,243.26550733739134
1249,244.0001220703125,243.26550733739134
1250,246.54180908203125,243.26550733739134
1251,249.0834503173828,243.7420406075023
1252,249.0834503173828,244.85220217458996
1253,251.6251373291016,246.10517235510693
1254,251.6251373291016,247.6151650194505
1255,251.6251373291016,249.0396992749271
1256,251.6251373291016,250.00823570116512
1257,254.16680908203125,250.53417091555048
1258,254.16680908203125,251.41197006078548
1259,254.16680908203125,252.15199546482503
1260,254.16680908203125,252.74254974313519
1261,254.16680908203125,253.18025780724813
1262,254.16680908203125,253.47039414606814
1263,254.16680908203125,253.47242796561238
1264,254.16680908203125,253.47277716307724
1265,254.16680908203125,253.47313512700563
1266,254.16680908203125,253.46758303342222
1267,259.2501220703125,253.4643029149762
1268,259.2501220703125,254.33114251969297
1269,259.2501220703125,255.632835243559
1270,259.2501220703125,256.856035974928
1271,259.2501220703125,257.80446505593045
1272,259.2501220703125,258.4500493481159
1273,259.2501220703125,258.586556335328
1274,256.70849609375,258.58699611958286
1275,259.2501220703125,258.02485248857005
1276,259.2501220703125,257.90727375724566
1277,261.79180908203125,257.9958369552876
1278,261.79180908203125,258.71136739908343
1279,261.79180908203125,259.53982596528886
1280,261.79180908203125,260.421019192996
1281,261.79180908203125,260.85871995172266
1282,261.79180908203125,261.14794603941044
1283,261.79180908203125,261.14773053051476
1284,261.79180908203125,261.14761291379546
1285,261.79180908203125,261.14764505749514
1286,261.79180908203125,261.14768450658113
1287,261.79180908203125,261.1477480634419
1288,261.79180908203125,261.14791097355624
1289,261.79180908203125,261.1479277759447
1290,266.8751525878906,261.14794603941044
1291,266.8751525878906,262.2745681028957
1292,266.8751525878906,263.63602692257143
1293,266.8751525878906,264.81906775386653
1294,266.8751525878906,265.6943921994944
1295,266.8751525878906,266.27224460265523
1296,266.8751525878906,266.27227528527766
1297,266.8751525878906,266.27227528527766
1298,266.8751525878906,266.27227528527766
1299,266.8751525878906,266.27222560865084
1300,266.8751525878906,266.2722029619534
1301,266.8751525878906,266.27221026733963
1302,266.8751525878906,266.27217812363995
1303,266.8751525878906,266.27217300986956
1304,266.8751525878906,266.27221026733963
1305,266.8751525878906,266.2722281655361
1306,266.8751525878906,266.27224460265523
1307,266.8751525878906,266.27227528527766
1308,277.0418395996094,266.27227528527766
1309,277.0418395996094,268.1317568993867
1310,277.0418395996094,270.77370382867156
1311,277.0418395996094,273.20812966297507
1312,277.0418395996094,275.0706991725533
1313,277.0418395996094,276.3306047215484
1314,277.0418395996094,276.53954790128915
1315,277.0418395996094,276.53954790128915
1316,277.0418395996094,276.5394953025078
1317,277.0418395996094,276.5394755779648
1318,282.1251220703125,276.53948507496705
1319,282.1251220703125,277.43414760865375
1320,282.1251220703125,278.75493880390815
1321,282.1251220703125,279.9799001333739
1322,287.20849609375,280.92000984046484
1323,287.20849609375,282.41302624813846
1324,294.83349609375,283.8480561521036
1325,294.83349609375,286.5330895192117
1326,294.83349609375,289.4962813137722
1327,294.83349609375,291.97278535127316
1328,294.83349609375,293.5004745833753
1329,292.29180908203125,294.43082429437743
1330,287.20849609375,294.1026078989614
1331,292.29180908203125,292.63624738479723
1332,292.29180908203125,291.0796083678893
1333,287.20849609375,290.575764641657
1334,289.7501525878906,289.5550531465073
1335,289.7501525878906,289.13412555471166
1336,289.7501525878906,289.24977420297716
1337,289.7501525878906,289.3162809787203
1338,289.7501525878906,289.1406010491226
1339,289.7501525878906,289.3881323750761
1340,289.7501525878906,289.39429812110825
1341,289.7501525878906,289.3986126822535
1342,289.7501525878906,289.40382142268106
1343,289.7501525878906,289.40644697851513
1344,289.7501525878906,289.4064323677425
1345,289.7501525878906,289.40644259528335
1346,289.7501525878906,289.40646158928774
1347,289.7501525878906,289.4064791222148
1348,289.7501525878906,289.406502499451
1349,289.7501525878906,289.406502499451
1350,292.29180908203125,289.406502499451
1351,298.1377258300781,289.9788605215801
1352,298.1377258300781,291.7897941910725
1353,300.8236694335937,293.9265071791132
1354,300.8236694335937,296.37097271448323
1355,300.8236694335937,298.44475272175583
1356,300.8236694335937,299.7822725210848
1357,298.1377258300781,300.3422829792998
1358,298.1377258300781,300.037361999698
1359,298.1377258300781,299.31006988396894
1360,298.1377258300781,298.6823238840361
1361,295.4518127441406,298.507991067671
1362,295.4518127441406,298.2201997578514
1363,295.4518127441406,297.5369123670027
1364,295.4518127441406,296.71327389467405
1365,295.4518127441406,296.00194258692
1366,295.4518127441406,295.42373879467846
1367,295.4518127441406,295.189960588962
1368,295.4518127441406,295.19000003804797
1369,295.4518127441406,295.1901198463832
1370,295.4518127441406,295.19029955888607
1371,295.4518127441406,295.19035507982187
1372,295.4518127441406,295.19044566661194
1373,295.4518127441406,295.19044566661194
1374,295.4518127441406,295.19044566661194
1375,295.4518127441406,295.19044566661194
1376,295.4518127441406,295.19044566661194
1377,295.4518127441406,295.19044566661194
1378,295.4518127441406,295.1903930678306
1379,295.4518127441406,295.1903813792125
1380,295.4518127441406,295.19033900797206
1381,295.4518127441406,295.19034485228104
1382,295.4518127441406,295.19037115167174
1383,295.4518127441406,295.1904076786032
1384,295.4518127441406,295.1904208282985
1385,295.4518127441406,295.19044566661194
1386,295.4518127441406,295.19044566661194
1387,295.4518127441406,295.19044566661194
1388,295.4518127441406,295.19044566661194
1389,295.4518127441406,295.19044566661194
1390,295.4518127441406,295.19044566661194
1391,295.4518127441406,295.19044566661194
1392,295.4518127441406,295.19044566661194
1393,295.4518127441406,295.19044566661194
1394,300.8236694335937,295.19044566661194
1395,295.4518127441406,295.82650665722457
1396,295.4518127441406,295.9613509385161
1397,295.4518127441406,295.8659075276625
1398,295.4518127441406,295.696483930887
1399,295.4518127441406,295.5305318536784
1400,295.4518127441406,295.1896464573514
1401,295.4518127441406,295.19000880451154
1402,295.4518127441406,295.1901739062418
1403,295.4518127441406,295.1902601098001
1404,295.4518127441406,295.19033608581753
1405,295.4518127441406,295.19044566661194
1406,295.4518127441406,295.19044566661194
1407,295.4518127441406,295.19044566661194
1408,295.4518127441406,295.19044566661194
1409,295.4518127441406,295.19044566661194
1410,295.4518127441406,295.19044566661194
1411,295.4518127441406,295.19044566661194
1412,295.4518127441406,295.19044566661194
1413,295.4518127441406,295.19044566661194
1414,295.4518127441406,295.19044566661194
1415,295.4518127441406,295.19044566661194
1416,295.4518127441406,295.19044566661194
1417,295.4518127441406,295.19044566661194
1418,295.4518127441406,295.1903930678306
1419,295.4518127441406,295.1903813792125
1420,295.4518127441406,295.19039160675334
1421,295.4518127441406,295.1904076786032
1422,295.4518127441406,295.1904208282985
1423,295.4518127441406,295.19044566661194
1424,295.4518127441406,295.19044566661194
1425,295.4518127441406,295.19044566661194
1426,295.4518127441406,295.19044566661194
1427,295.4518127441406,295.19044566661194
1428,295.4518127441406,295.19044566661194
1429,295.4518127441406,292.0128875387953
1430,295.4518127441406,292.05322934298795
1431,295.4518127441406,292.72153192547046
1432,300.8236694335937,293.49620385454784
1433,300.8236694335937,295.31309725817886
1434,300.8236694335937,297.8505705886121
1435,295.4518127441406,299.1080058212319
1436,295.4518127441406,293.58324899331785
1437,295.4518127441406,293.0543463310199
1438,295.4518127441406,292.88899475656467
1439,322.3110656738281,293.1122444395542
1440,322.3110656738281,297.0797880471976
1441,322.3110656738281,305.2644447912139
1442,322.3110656738281,311.9564737741075
1443,322.3110656738281,317.3830140665307
1444,322.3110656738281,321.18802743990557
1445,322.3110656738281,322.38658418115045
1446,322.3110656738281,322.51934934950276
1447,322.3110656738281,322.51943116982926
1448,319.6251220703125,322.51951883446475
1449,319.6251220703125,321.90480856583497
1450,319.6251220703125,321.17395434374885
1451,319.6251220703125,320.5449167515193
1452,295.4518127441406,320.0833566011565
1453,295.4518127441406,314.2784908076496
1454,295.4518127441406,307.7283265822761
1455,295.4518127441406,302.08099706096715
1456,295.4518127441406,297.924883900149
1457,295.4518127441406,295.19033608581753
1458,295.4518127441406,295.19044566661194
1459,295.4518127441406,295.19044566661194
1460,295.4518127441406,295.19044566661194
1461,295.4518127441406,295.19044566661194
1462,295.4518127441406,295.19044566661194
1463,295.4518127441406,295.19044566661194
1464,295.4518127441406,295.19044566661194
1465,295.4518127441406,295.19044566661194
1466,322.3110656738281,295.19044566661194
1467,322.3110656738281,301.28283393172285
1468,322.3110656738281,308.57911187007323
1469,322.3110656738281,314.87483825729083
1470,322.3110656738281,319.4965032315429
1471,322.3110656738281,322.5181103559873
1472,322.3110656738281,322.5196649421907
1473,322.3110656738281,322.5196649421907
1474,322.3110656738281,322.48743942217067
1475,322.3110656738281,322.4517131610386
1476,322.3110656738281,322.4574990269834
1477,322.3110656738281,322.47631185776766
1478,322.3110656738281,322.49439999423157
1479,322.3110656738281,322.5109686103463
1480,322.3110656738281,322.5196649421907
1481,303.50958251953125,322.5196649421907
1482,303.50958251953125,318.22982522418386
1483,300.8236694335937,313.1270041313741
1484,300.8236694335937,308.12159305940827
1485,300.8236694335937,304.1624944783207
1486,300.8236694335937,301.4111048264271
1487,300.8236694335937,300.94913849658633
1488,300.8236694335937,300.6457341151792
1489,300.8236694335937,300.64575164810634
1490,300.8236694335937,300.64575164810634
1491,300.8236694335937,300.64575164810634
1492,300.8236694335937,300.64575164810634
1493,300.8236694335937,300.64575164810634
1494,300.8236694335937,300.64575164810634
1495,300.8236694335937,300.64575164810634
1496,300.8236694335937,300.64575164810634
1497,300.8236694335937,300.64575164810634
1498,300.8236694335937,300.64575164810634
1499,300.8236694335937,300.64575164810634
1500,300.8236694335937,300.64575164810634
1501,300.8236694335937,300.64575164810634
1502,306.19549560546875,300.64575164810634
1503,306.19549560546875,301.86324979493423
1504,306.19549560546875,303.3192074390157
1505,306.19549560546875,304.5759705760965
1506,306.19549560546875,305.5001486967575
1507,306.19549560546875,306.1063847172863
1508,306.19549560546875,306.10654543578477
1509,306.19549560546875,306.10654543578477
1510,306.19549560546875,306.10654543578477
1511,306.19549560546875,306.10654543578477
1512,306.19549560546875,306.10654543578477
1513,306.19549560546875,306.10654543578477
1514,306.19549560546875,306.10654543578477
1515,306.19549560546875,306.10654543578477
1516,306.19549560546875,306.10654543578477
1517,306.19549560546875,306.10654543578477
1518,306.19549560546875,306.10654543578477
1519,306.19549560546875,306.10654543578477
1520,306.19549560546875,306.10654543578477
1521,306.19549560546875,306.10654543578477
1522,306.19549560546875,306.10654543578477
1523,306.19549560546875,306.10654543578477
1524,306.19549560546875,306.10654543578477
1525,306.19549560546875,306.10654543578477
1526,306.19549560546875,306.10654543578477
1527,306.19549560546875,306.10654543578477
1528,306.19549560546875,306.10654543578477
1529,306.19549560546875,306.10654543578477
1530,306.19549560546875,306.10654543578477
1531,306.19549560546875,306.10654543578477
1532,306.19549560546875,306.10654543578477
1533,306.19549560546875,306.10654543578477
1534,306.19549560546875,306.10654543578477
1535,306.19549560546875,306.10654543578477
1536,306.19549560546875,306.10654543578477
1537,306.19549560546875,306.10654543578477
1538,306.19549560546875,306.10654543578477
1539,306.19549560546875,306.10654543578477
1540,306.19549560546875,306.10654543578477
1541,306.19549560546875,306.10654543578477
1542,306.19549560546875,306.10654543578477
1543,306.19549560546875,306.10654543578477
1544,306.19549560546875,306.10654543578477
1545,306.19549560546875,306.10654543578477
1546,306.19549560546875,306.10654543578477
1547,306.19549560546875,306.10654543578477
1548,306.19549560546875,306.10654543578477
1549,306.19549560546875,306.10654543578477
1550,306.19549560546875,306.10654543578477
1551,306.19549560546875,306.10654543578477
1552,306.19549560546875,306.10654543578477
1553,306.19549560546875,306.10654543578477
1554,306.19549560546875,306.10654543578477
1555,306.19549560546875,306.10654543578477
1556,306.19549560546875,306.10654543578477
1557,306.19549560546875,306.10654543578477
1558,306.19549560546875,306.10654543578477
1559,306.19549560546875,306.10654543578477
1560,306.19549560546875,306.10654543578477
1561,314.2532653808594,306.10654543578477
1562,322.3110656738281,307.065237123453
1563,322.3110656738281,310.0574707506866
1564,322.3110656738281,314.14214015570417
1565,322.3110656738281,317.8203787774878
1566,322.3110656738281,320.5868584353103
1567,322.3110656738281,322.1200953777641
1568,322.3110656738281,322.5196649421907
1569,322.3110656738281,322.5196649421907
1570,322.3110656738281,322.5196649421907
1571,322.3110656738281,322.5196649421907
1572,322.3110656738281,322.5196649421907
1573,322.3110656738281,322.5196649421907
1574,322.3110656738281,322.5196649421907
1575,322.3110656738281,322.5196649421907
1576,322.3110656738281,322.5196649421907
1577,322.3110656738281,322.5196649421907
1578,322.3110656738281,322.5196649421907
1579,322.3110656738281,322.5196649421907
1580,322.3110656738281,322.5196649421907
1581,322.3110656738281,322.5196649421907
1582,322.3110656738281,322.5196649421907
1583,322.3110656738281,322.5196649421907
1584,322.3110656738281,322.5196649421907
1585,322.3110656738281,322.5196649421907
1586,322.3110656738281,322.5196649421907
1587,322.3110656738281,322.5196649421907
1588,322.3110656738281,322.5196649421907
1589,322.3110656738281,322.5196649421907
1590,322.3110656738281,322.5196649421907
1591,322.3110656738281,322.5196649421907
1592,322.3110656738281,322.5196649421907
1593,322.3110656738281,322.5196649421907
1594,322.3110656738281,322.5196649421907
1595,322.3110656738281,322.5196064991003
1596,322.3110656738281,322.51960065479125
1597,322.3110656738281,322.5196240320274
1598,322.3110656738281,322.5196415649545
1599,322.3110656738281,322.5196532535726
1600,322.3110656738281,322.5196649421907
1601,322.3110656738281,322.5196649421907
1602,322.3110656738281,322.5196649421907
1603,322.3110656738281,322.5196649421907
1604,322.3110656738281,322.5196649421907
1605,322.3110656738281,322.5196649421907
1606,322.3110656738281,322.5196649421907
1607,322.3110656738281,322.5196649421907
1608,322.3110656738281,322.5196649421907
1609,322.3110656738281,322.5196649421907
1610,322.3110656738281,322.5196649421907
1611,322.3110656738281,322.5196649421907
1612,300.8236694335937,322.5196649421907
1613,300.8236694335937,317.6195098759485
1614,300.8236694335937,311.79040773287267
1615,300.8236694335937,306.7676478295359
1616,300.8236694335937,303.0737844475467
1617,300.8236694335937,300.6457341151792
1618,300.8236694335937,300.64575164810634
1619,300.8236694335937,300.64575164810634
1620,300.8236694335937,300.64575164810634
1621,300.8236694335937,300.64575164810634
1622,300.8236694335937,300.64575164810634
1623,273.96441650390625,300.64575164810634
1624,247.1051483154297,294.59638918611245
1625,263.220703125,281.3953055781376
1626,263.220703125,271.5324522529026
1627,263.220703125,264.9795480967409
1628,273.96441650390625,261.0399110647405
1629,273.96441650390625,263.13919271448816
1630,273.96441650390625,267.8542497471224
1631,273.96441650390625,270.3581024113882
1632,273.96441650390625,272.2085698180317
1633,273.96441650390625,273.4284483336662
1634,273.96441650390625,273.4291180549547
1635,273.96441650390625,273.4291180549547
1636,273.96441650390625,273.4291180549547
1637,273.96441650390625,273.4291180549547
1638,273.96441650390625,273.4291180549547
1639,273.96441650390625,273.4291180549547
1640,273.96441650390625,273.4291180549547
1641,273.96441650390625,273.4291180549547
1642,273.96441650390625,273.4291180549547
1643,273.96441650390625,273.4291180549547
1644,273.96441650390625,273.4291180549547
1645,273.96441650390625,273.4291180549547
1646,273.96441650390625,273.4291180549547
1647,273.96441650390625,270.86932439514277
1648,273.96441650390625,270.38474460729833
1649,273.96441650390625,270.83112352572095
1650,273.96441650390625,271.54895089711425
1651,273.96441650390625,272.22335989219454
1652,273.96441650390625,273.4291180549547
1653,273.96441650390625,273.4291180549547
1654,273.96441650390625,273.4291180549547
1655,273.96441650390625,273.4291180549547
1656,273.96441650390625,273.4291180549547
1657,300.8236694335937,273.4291180549547
1658,300.8236694335937,279.4552981519872
1659,300.8236694335937,286.7094137838805
1660,273.96441650390625,292.9893897582483
1661,273.96441650390625,291.56463780226017
1662,273.96441650390625,287.3595610203452
1663,273.96441650390625,281.1010256242116
1664,273.96441650390625,276.48031582921755
1665,273.96441650390625,273.428850312547
1666,273.96441650390625,273.4291180549547
1667,273.96441650390625,273.4291180549547
1668,273.96441650390625,273.4291180549547
1669,273.96441650390625,273.4291180549547
1670,273.96441650390625,273.4291180549547
1671,273.96441650390625,273.4291180549547
1672,276.6503295898437,273.4291180549547
1673,276.6503295898437,274.02852171295206
1674,276.6503295898437,274.75042738473195
1675,276.6503295898437,275.37646794223446
1676,276.6503295898437,275.8388393557452
1677,276.6503295898437,276.1436244551619
1678,276.6503295898437,276.1436587904775
1679,276.6503295898437,276.143675592866
1680,276.6503295898437,276.1436920299851
1681,276.6503295898437,276.14371759883716
1682,276.6503295898437,276.14371759883716
1683,276.6503295898437,276.14371759883716
1684,276.6503295898437,276.14371759883716
1685,276.6503295898437,276.14371759883716
1686,276.6503295898437,276.14371759883716
1687,276.6503295898437,276.14371759883716
1688,276.6503295898437,276.14371759883716
1689,276.6503295898437,276.14371759883716
1690,276.6503295898437,276.14371759883716
1691,276.6503295898437,276.14371759883716
1692,276.6503295898437,276.14371759883716
1693,276.6503295898437,276.14371759883716
1694,276.6503295898437,276.14371759883716
1695,276.6503295898437,276.14371759883716
1696,276.6503295898437,276.14371759883716
1697,276.6503295898437,276.14371759883716
1698,276.6503295898437,276.14371759883716
1699,276.6503295898437,276.14371759883716
1700,276.6503295898437,276.14371759883716
1701,276.6503295898437,276.14371759883716
1702,276.6503295898437,276.14371759883716
1703,276.6503295898437,276.14371759883716
1704,276.6503295898437,276.14371759883716
1705,276.6503295898437,276.14371759883716
1706,276.6503295898437,276.14371759883716
1707,276.6503295898437,276.14371759883716
1708,276.6503295898437,276.14371759883716
1709,276.6503295898437,276.14371759883716
1710,276.6503295898437,276.14371759883716
1711,276.6503295898437,276.14371759883716
1712,276.6503295898437,276.14371759883716
1713,276.6503295898437,276.14371759883716
1714,276.6503295898437,276.14371759883716
1715,276.6503295898437,276.14371759883716
1716,276.6503295898437,276.14371759883716
1717,276.6503295898437,276.14371759883716
1718,276.6503295898437,276.14371759883716
1719,276.6503295898437,276.14371759883716
1720,276.6503295898437,276.14371759883716
1721,276.6503295898437,276.14371759883716
1722,276.6503295898437,276.14371759883716
1723,276.6503295898437,276.14371759883716
1724,276.6503295898437,276.14118518667834
1725,276.6503295898437,276.14027676189266
1726,276.6503295898437,276.14069572579666
1727,276.6503295898437,276.14157054580534
1728,268.5925598144531,276.14238400056917
1729,280.98394775390625,274.3467321033959
1730,280.98394775390625,274.94815606597285
1731,280.98394775390625,276.40194401032505
1732,280.98394775390625,277.9035537438963
1733,280.98394775390625,279.1224223811929
1734,280.98394775390625,280.5270794111022
1735,309.08233642578125,280.5270794111022
1736,365.2790832519531,286.85832970025155
1737,331.5610656738281,300.8942692012095
1738,309.08233642578125,317.6610746018067
1739,289.4134521484375,324.31559188715795
1740,354.03973388671875,321.8853703939839
1741,320.3216857910156,320.1183552458137
1742,292.2232971191406,321.3275486295026
1743,286.6036376953125,314.44096844313674
1744,279.8599853515625,307.3791174288057
1745,280.98394775390625,299.3384703037254
1746,280.98394775390625,289.99220600126193
1747,280.98394775390625,282.91176131773545
1748,280.98394775390625,281.2146426445488
1749,280.98394775390625,280.39838042076116
1750,280.98394775390625,280.52662355499746
1751,280.98394775390625,280.5269544889966
1752,280.98394775390625,280.5270794111022
1753,280.98394775390625,280.5270794111022
1754,280.98394775390625,280.5270794111022
1755,280.98394775390625,280.5270794111022
1756,280.98394775390625,280.5270794111022
1757,280.98394775390625,280.4726674329074
1758,280.98394775390625,280.46199134137737
1759,280.98394775390625,280.47076584085505
1760,280.98394775390625,280.4853663859022
1761,279.8599853515625,280.49924881147666
1762,279.8599853515625,280.2751020270502
1763,279.8599853515625,279.9724975854422
1764,279.8599853515625,279.7103679060575
1765,279.8599853515625,279.5166495166227
1766,279.8599853515625,279.3891646814837
1767,279.8599853515625,279.38937945984077
1768,279.8599853515625,279.38951387894855
1769,279.8599853515625,279.38965779505855
1770,279.8599853515625,279.3898112081707
1771,279.8599853515625,279.3898112081707
1772,279.8599853515625,279.3898112081707
1773,279.8599853515625,279.3898112081707
1774,279.8599853515625,279.3898112081707
1775,279.8599853515625,279.3898112081707
1776,279.8599853515625,279.3898112081707
1777,279.8599853515625,279.3898112081707
1778,279.8599853515625,279.3898112081707
1779,279.8599853515625,279.3898112081707
1780,279.8599853515625,279.3898112081707
1781,279.8599853515625,279.3898112081707
1782,279.8599853515625,279.3898112081707
1783,279.8599853515625,279.3898112081707
1784,279.8599853515625,279.3898112081707
1785,279.8599853515625,279.3898112081707
1786,279.8599853515625,279.3898112081707
1787,279.8599853515625,279.3898112081707
1788,279.8599853515625,279.3898112081707
1789,279.8599853515625,279.3898112081707
1790,279.8599853515625,279.3898112081707
1791,279.8599853515625,279.3898112081707
1792,279.8599853515625,279.3898112081707
1793,279.8599853515625,279.3898112081707
1794,279.8599853515625,279.38956063342084
1795,279.8599853515625,279.38937653768625
1796,279.8599853515625,279.38938530414976
1797,280.98394775390625,279.38948977117377
1798,280.98394775390625,279.62736849021707
1799,280.98394775390625,279.92551591564705
1800,280.98394775390625,280.1901433066057
1801,280.98394775390625,280.38837788584743
1802,280.98394775390625,280.52017070728397
1803,280.98394775390625,280.5270794111022
1804,280.98394775390625,280.5270794111022
1805,280.98394775390625,280.5270794111022
1806,280.98394775390625,280.5270794111022
1807,280.98394775390625,280.5270794111022
1808,280.98394775390625,280.5270794111022
1809,280.98394775390625,280.5270794111022
1810,280.98394775390625,280.5270794111022
1811,280.98394775390625,280.5270794111022
1812,280.98394775390625,280.5270794111022
1813,280.98394775390625,280.5270794111022
1814,280.98394775390625,280.5270794111022
1815,280.98394775390625,280.5270794111022
1816,280.98394775390625,280.5270794111022
1817,280.98394775390625,280.5270794111022
1818,280.98394775390625,280.5270794111022
1819,280.98394775390625,280.5270794111022
1820,280.98394775390625,280.5270794111022
1821,280.98394775390625,280.5270794111022
1822,280.98394775390625,280.5270794111022
1823,280.98394775390625,280.5270794111022
1824,280.98394775390625,280.5270794111022
1825,280.98394775390625,280.5270794111022
1826,280.98394775390625,280.5270794111022
1827,280.98394775390625,280.5270794111022
1828,280.98394775390625,280.5270794111022
1829,280.98394775390625,280.5270794111022
1830,280.98394775390625,280.5270794111022
1831,280.98394775390625,280.5270794111022
1832,280.98394775390625,280.5270794111022
1833,280.98394775390625,280.5270794111022
1834,280.98394775390625,280.5270794111022
1835,280.98394775390625,280.5270794111022
1836,280.98394775390625,280.5270794111022
1837,280.98394775390625,280.5270794111022
1838,280.98394775390625,280.5270794111022
1839,280.98394775390625,280.5270794111022
1840,280.98394775390625,280.5270794111022
1841,280.98394775390625,280.5270794111022
1842,280.98394775390625,280.5270794111022
1843,280.98394775390625,280.5270794111022
1844,280.98394775390625,280.5270794111022
1845,280.98394775390625,280.5270794111022
1846,280.98394775390625,280.5270794111022
1847,280.98394775390625,280.5270794111022
1848,280.98394775390625,280.5270794111022
1849,280.98394775390625,280.5270794111022
1850,280.98394775390625,280.5270794111022
1851,280.98394775390625,280.5270794111022
1852,280.98394775390625,280.5270794111022
1853,280.98394775390625,280.5270794111022
1854,280.98394775390625,280.52703046501404
1855,280.98394775390625,280.5270143931642
1856,280.98394775390625,280.52702242908913
1857,280.98394775390625,280.5270392314776
1858,280.98394775390625,280.5270553033274
1859,280.98394775390625,280.5270794111022
1860,280.98394775390625,280.5270794111022
1861,280.98394775390625,280.5270794111022
1862,280.98394775390625,280.5270794111022
1863,280.98394775390625,280.5270794111022
1864,280.98394775390625,280.5270794111022
1865,280.98394775390625,280.5270794111022
1866,280.98394775390625,280.5270794111022
1867,280.98394775390625,280.5270794111022
1868,280.98394775390625,280.5270794111022
1869,280.98394775390625,280.5270794111022
1870,280.98394775390625,280.5270794111022
1871,280.98394775390625,280.5270794111022
1872,280.98394775390625,280.5270794111022
1873,280.98394775390625,280.5270794111022
1874,280.98394775390625,280.5270794111022
1875,280.98394775390625,280.5270794111022
1876,280.98394775390625,280.5270794111022
1877,280.98394775390625,280.5270794111022
1878,280.98394775390625,280.5270794111022
1879,280.98394775390625,280.5270794111022
1880,280.98394775390625,280.5270794111022
1881,280.98394775390625,280.5270794111022
1882,280.98394775390625,280.5270794111022
1883,280.98394775390625,280.5270794111022
1884,280.98394775390625,280.5270794111022
1885,280.98394775390625,280.5270794111022
1886,280.98394775390625,280.5270794111022
1887,280.98394775390625,280.5270794111022
1888,280.98394775390625,280.5270794111022
1889,280.98394775390625,280.5270794111022
1890,280.98394775390625,280.5270794111022
1891,280.98394775390625,280.5270794111022
1892,280.98394775390625,280.5270794111022
1893,263.9593505859375,280.5270794111022
1894,263.9593505859375,276.7284421788847
1895,263.9593505859375,272.1611074081597
1896,263.9593505859375,268.19992126728
1897,263.9593505859375,265.26973484272634
1898,263.9593505859375,263.3321995592979
1899,276.9610900878906,263.3321995592979
1900,293.404296875,266.22308775409095
1901,293.404296875,273.39804112429476
1902,293.404296875,280.8680831546872
1903,293.404296875,286.95040825017816
1904,312.1322021484375,291.25318288515706
1905,312.1322021484375,295.32678462993925
1906,312.1322021484375,300.0433115062959
1907,312.1322021484375,304.78948071807895
1908,312.1322021484375,308.57983364223907
1909,312.1322021484375,311.2192580216366
1910,312.1322021484375,312.14768203281164
1911,312.1322021484375,312.14768203281164
1912,312.1322021484375,312.14768203281164
1913,312.1322021484375,312.14768203281164
1914,312.1322021484375,312.14768203281164
1915,312.1322021484375,312.14768203281164
1916,312.1322021484375,312.14768203281164
1917,312.1322021484375,312.14768203281164
1918,312.1322021484375,312.14768203281164
1919,312.1322021484375,312.14768203281164
1920,312.1322021484375,312.14768203281164
1921,312.1322021484375,312.14768203281164
1922,312.1322021484375,312.14768203281164
1923,312.1322021484375,312.14768203281164
1924,312.1322021484375,312.14768203281164
1925,312.1322021484375,312.14768203281164
1926,312.1322021484375,312.14768203281164
1927,312.1322021484375,312.14768203281164
1928,312.1322021484375,312.14768203281164
1929,312.1322021484375,312.147576835249
1930,312.1322021484375,312.1475622244764
1931,312.1322021484375,312.1475914460216
1932,312.1322021484375,312.14762358972126
1933,312.1322021484375,312.14764696695744
1934,312.1322021484375,312.14768203281164
1935,312.1322021484375,312.14768203281164
1936,312.1322021484375,312.14768203281164
1937,312.1322021484375,312.14768203281164
1938,312.1322021484375,312.14768203281164
1939,312.1322021484375,312.14768203281164
1940,312.1322021484375,312.14768203281164
1941,312.1322021484375,312.14768203281164
1942,312.1322021484375,312.14768203281164
1943,312.1322021484375,312.14768203281164
1944,312.1322021484375,312.14768203281164
1945,312.1322021484375,312.14768203281164
1946,312.1322021484375,312.14768203281164
1947,312.1322021484375,312.14768203281164
1948,312.1322021484375,312.14768203281164
1949,312.1322021484375,312.14768203281164
1950,312.1322021484375,312.14768203281164
1951,312.1322021484375,312.14768203281164
1952,312.1322021484375,312.14768203281164
1953,312.1322021484375,312.14768203281164
1954,312.1322021484375,312.14768203281164
1955,312.1322021484375,312.14768203281164
1956,312.1322021484375,312.14768203281164
1957,312.1322021484375,312.14768203281164
1958,312.1322021484375,312.14768203281164
1959,312.1322021484375,312.14768203281164
1960,312.1322021484375,312.14768203281164
1961,312.1322021484375,312.14768203281164
1962,312.1322021484375,312.14768203281164
1963,312.1322021484375,312.14768203281164
1964,312.1322021484375,312.14768203281164
1965,312.1322021484375,312.14768203281164
1966,312.1322021484375,312.14768203281164
1967,312.1322021484375,312.14768203281164
1968,312.1322021484375,312.14768203281164
1969,312.1322021484375,312.14768203281164
1970,312.1322021484375,312.14768203281164
1971,312.1322021484375,312.14768203281164
1972,312.1322021484375,312.14768203281164
1973,312.1322021484375,312.14768203281164
1974,312.1322021484375,312.14768203281164
1975,312.1322021484375,312.14768203281164
1976,312.1322021484375,312.14768203281164
1977,312.1322021484375,312.14768203281164
1978,312.1322021484375,312.14768203281164
1979,312.1322021484375,312.14768203281164
1980,312.1322021484375,312.14768203281164
1981,312.1322021484375,312.14768203281164
1982,312.1322021484375,312.14768203281164
1983,312.1322021484375,312.14768203281164
1984,312.1322021484375,312.14768203281164
1985,312.1322021484375,312.14768203281164
1986,312.1322021484375,312.14768203281164
1987,312.1322021484375,312.14768203281164
1988,312.1322021484375,312.14768203281164
1989,312.1322021484375,312.14768203281164
1990,312.1322021484375,312.14768203281164
1991,312.1322021484375,312.14768203281164
1992,312.1322021484375,312.14768203281164
1993,312.1322021484375,312.14768203281164
1994,312.1322021484375,312.14768203281164
1995,312.1322021484375,312.14768203281164
1996,312.1322021484375,312.14768203281164
1997,312.1322021484375,312.14768203281164
1998,312.1322021484375,312.14768203281164
1999,312.1322021484375,312.14768203281164
2000,312.1322021484375,312.14768203281164
2001,312.1322021484375,312.14768203281164
2002,312.1322021484375,312.14768203281164
2003,312.1322021484375,312.14768203281164
2004,312.1322021484375,312.14768203281164
2005,312.1322021484375,312.14768203281164
2006,280.91900634765625,312.14768203281164
2007,280.91900634765625,305.08052730803115
2008,280.91900634765625,296.650815764015
2009,280.91900634765625,289.3711020585476
2010,280.91900634765625,284.0028704373684
2011,280.91900634765625,280.461213317737
2012,280.91900634765625,280.4612841799841
2013,280.91900634765625,280.4613236290701
2014,280.91900634765625,280.4613389703813
2015,280.91900634765625,280.4613141320679
2016,280.91900634765625,280.4612995212953
2017,280.91900634765625,280.4613075572202
2018,280.91900634765625,280.4613236290701
2019,280.91900634765625,280.4613389703813
2020,280.91900634765625,280.4613616170788
2021,280.91900634765625,280.4613616170788
2022,280.91900634765625,280.4613616170788
2023,280.91900634765625,280.4613616170788
2024,280.91900634765625,280.4613616170788
2025,280.91900634765625,280.4613616170788
2026,280.91900634765625,280.4613616170788
2027,280.91900634765625,280.4613616170788
2028,280.91900634765625,280.4613616170788
2029,280.91900634765625,280.4613616170788
2030,280.91900634765625,280.4613616170788
2031,280.91900634765625,280.4613616170788
2032,280.91900634765625,280.4613616170788
2033,280.91900634765625,280.4613616170788
2034,280.91900634765625,280.4613616170788
2035,280.91900634765625,280.4613616170788
2036,280.91900634765625,280.4613616170788
2037,280.91900634765625,280.4613616170788
2038,280.91900634765625,280.4613616170788
2039,280.91900634765625,280.4613616170788
2040,280.91900634765625,280.4613616170788
2041,280.91900634765625,280.4613616170788
2042,280.91900634765625,280.4613616170788
2043,280.91900634765625,280.4613616170788
2044,280.91900634765625,280.4613616170788
2045,280.91900634765625,280.4613616170788
2046,280.91900634765625,280.4613616170788
2047,280.91900634765625,280.4613616170788
2048,280.91900634765625,283.5201867625366
2049,280.91900634765625,284.05709101444234
2050,280.91900634765625,283.470095189796
2051,305.8895568847656,282.56229136197436
2052,305.8895568847656,286.0004932536035
2053,305.8895568847656,291.2535160107721
2054,305.8895568847656,297.33374372985804
2055,305.8895568847656,302.0085247067763
2056,305.8895568847656,305.1769905508114
2057,305.8895568847656,305.7953768898244
2058,305.8895568847656,305.79539150059696
2059,305.8895568847656,305.79539150059696
2060,305.8895568847656,305.79539150059696
2061,305.8895568847656,305.79539150059696
2062,305.8895568847656,305.79539150059696
2063,305.8895568847656,305.79539150059696
2064,305.8895568847656,305.79539150059696
2065,305.8895568847656,305.79539150059696
2066,305.8895568847656,305.79539150059696
2067,305.8895568847656,305.79539150059696
2068,305.8895568847656,305.79539150059696
2069,305.8895568847656,305.79539150059696
2070,305.8895568847656,305.79539150059696
2071,305.8895568847656,305.79539150059696
2072,305.8895568847656,305.79539150059696
2073,305.8895568847656,305.79539150059696
2074,305.8895568847656,305.79539150059696
2075,305.8895568847656,305.79539150059696
2076,312.1322021484375,305.79539150059696
2077,287.1616516113281,307.2144832432846
2078,268.4337158203125,303.2497682812142
2079,268.4337158203125,295.74217912215585
2080,249.70578002929688,286.30504896389056
2081,249.70578002929688,275.7944401400049
2082,249.70578002929688,264.5088671715901
2083,249.70578002929688,257.1211762040045
2084,249.70578002929688,252.49323882508045
2085,249.70578002929688,249.81668993361419
2086,249.70578002929688,248.99106147405902
2087,249.70578002929688,248.99106147405902
2088,268.4337158203125,248.99106147405902
2089,268.4337158203125,252.46539069252782
2090,268.4337158203125,257.34665256873643
2091,268.4337158203125,261.8188960938859
2092,280.91900634765625,265.2297495413849
2093,280.91900634765625,269.6518105417344
2094,293.404296875,273.19553280275375
2095,293.404296875,279.02601319827124
2096,299.6469421386719,284.73368667144575
2097,299.6469421386719,290.6495768036941
2098,299.6469421386719,294.7987849133872
2099,318.3748474121094,297.67016261300495
2100,318.3748474121094,301.34097019585033
2101,239.7175445556641,306.83940717802443
2102,239.7175445556641,300.12971669322656
2103,274.6763610839844,283.80269627806564
2104,343.3454284667969,271.6422661347938
2105,312.1322021484375,275.87312280308424
2106,327.73883056640625,288.7028330808421
2107,405.7718811035156,302.8318154427174
2108,368.3160400390625,326.74974075600363
2109,374.55865478515625,349.6914998976064
2110,380.8013000488281,365.7164374757407
2111,405.7718811035156,378.4223919527933
2112,362.0733642578125,395.2750531752719
2113,412.0145263671875,392.68238911246493
2114,380.8013000488281,392.38615277608943
2115,380.8013000488281,389.8741635552041
2116,380.8013000488281,387.2333190087111
2117,380.8013000488281,383.15664461845364
2118,380.8013000488281,383.95971112297843
2119,362.0733642578125,382.3862361128174
2120,365.1946716308594,382.1247383493471
2121,374.55865478515625,377.6780958199263
2122,374.55865478515625,364.56462936246834
2123,412.0145263671875,361.84055601100516
2124,433.86376953125,370.7791929079598
2125,374.55865478515625,387.0693043199476
2126,430.7424621582031,409.98922327868587
2127,430.7424621582031,427.1841623041191
2128,430.7424621582031,433.9761844924502
2129,430.7424621582031,435.34728276934084
2130,421.3784790039063,434.6920772834062
2131,421.3784790039063,424.94279965741714
2132,468.19830322265625,421.23639731039293
2133,452.5917053222656,428.85821787277575
2134,452.5917053222656,435.760896208379
2135,387.0439453125,443.2222437332737
2136,387.0439453125,433.85347737994744
2137,387.0439453125,419.1215171998304
2138,446.34906005859375,411.2486017440599
2139,390.165283203125,416.39888739269895
2140,405.7718811035156,411.22525957377337
2141,405.7718811035156,411.8491746291336
2142,468.19830322265625,411.2499693123741
2143,546.2313842773438,417.41718811037157
2144,649.2349853515625,441.97340840139907
2145,533.74609375,488.6134491119732
2146,586.80859375,530.5102252323547
2147,593.0512084960938,558.7560279490032
2148,618.0217895507812,578.810961421131
2149,618.0217895507812,596.2087914790297
2150,555.5953369140625,605.7633717938206
2151,611.7791137695312,602.4202166305693
2152,618.0217895507812,599.2012647229337
2153,614.9004516601562,602.9446147916784
2154,586.80859375,600.1447232191018
2155,618.0217895507812,606.3902323809345
2156,611.7791137695312,615.5848266363942
2157,505.6541748046875,619.3474395477187
2158,528.3484497070312,605.275255103202
2159,397.89202880859375,584.4058119694585
2160,407.67626953125,534.7114652253881
2161,391.3692321777344,483.3828626571907
2162,378.3235778808594,447.7458441240698
2163,378.3235778808594,421.55582386502
2164,365.2779541015625,395.6486915405094
2165,388.1078186035156,383.3386480904274
2166,388.1078186035156,376.78689713515087
2167,371.8007507324219,375.6249082355392
2168,368.5393371582031,376.00127004878703
2169,329.40240478515625,375.17686012766575
2170,345.7095031738281,366.7537321977777
2171,329.40240478515625,358.8539036989002
2172,332.6638488769531,355.32236892251774
2173,319.6181945800781,349.45379431621825
2174,335.9252624511719,342.6560388607237
2175,329.40240478515625,338.62675597243265
2176,326.1410217285156,334.1693306928419
2177,326.1410217285156,330.3000182314619
2178,326.1410217285156,328.75882718441125
2179,342.44805908203125,327.93489065232177
2180,342.44805908203125,329.8581241810025
2181,342.44805908203125,333.69600010408226
2182,342.44805908203125,337.5353078828756
2183,378.3235778808594,339.7553621788353
2184,378.3235778808594,349.84125447232395
2185,378.3235778808594,360.2791962534741
2186,378.3235778808594,368.90688668821167
2187,378.3235778808594,375.23494087085743
2188,378.3235778808594,379.59909682255557
2189,332.6638488769531,379.84409025731054
2190,358.7550964355469,368.85064690236607
2191,365.2779541015625,359.4551194579678
2192,355.49371337890625,357.6033326072422
2193,355.49371337890625,354.79892338378136
2194,355.49371337890625,353.54366515627714
2195,355.49371337890625,356.1931475915242
2196,355.49371337890625,356.73219743538453
2197,329.40240478515625,355.81505586280196
2198,342.44805908203125,355.04188884330114
2199,355.49371337890625,350.51719556671543
2200,355.49371337890625,349.5421661131393
2201,355.49371337890625,350.455327711269
2202,326.1410217285156,351.8915958782109
2203,326.1410217285156,347.65392246265225
2204,326.1410217285156,341.77577487815313
2205,326.1410217285156,335.1047883299408
2206,326.1410217285156,329.9631288814377
2207,371.8007507324219,326.5673807811787
2208,371.8007507324219,332.6495707270233
2209,414.1990966796875,344.45987900012466
2210,485.9501037597656,358.36614351113263
2211,485.9501037597656,384.45880342596524
2212,485.9501037597656,420.4036300273513
2213,485.9501037597656,450.46607776449684
2214,554.4397583007812,472.00929959828875
2215,554.4397583007812,507.89165053608866
2216,437.0289611816406,532.1187660967269
2217,437.0289611816406,536.2996678943177
2218,437.0289611816406,516.2844757236293
2219,437.0289611816406,491.33058526861157
2220,437.0289611816406,464.3196032307713
2221,437.0289611816406,446.7382151146954
2222,437.0289611816406,440.1589257752451
2223,437.0289611816406,440.1589257752451
2224,437.0289611816406,440.1589257752451
2225,437.0289611816406,438.2224957967629
2226,423.98333740234375,438.0301595864149
2227,440.2903747558594,430.07397441551115
2228,423.98333740234375,418.6027061981589
2229,456.597412109375,421.40126526827555
2230,388.1078186035156,433.037681970344
2231,388.1078186035156,435.6186223492264
2232,391.3692321777344,429.93422529786176
2233,352.2322998046875,421.0054769717947
2234,391.3692321777344,411.06213321998325
2235,391.3692321777344,402.10265551700917
2236,427.2447204589844,397.93130332038174
2237,427.2447204589844,397.02533022236537
2238,427.2447204589844,404.2085003258033
2239,427.2447204589844,413.4503633527395
2240,391.3692321777344,421.12768147372043
2241,391.3692321777344,418.4343550320914
2242,391.3692321777344,417.1954082711044
2243,391.3692321777344,420.1283396945579
2244,391.3692321777344,414.4984116034012
2245,391.3692321777344,410.2231008376559
2246,391.3692321777344,406.1618437346333
2247,391.3692321777344,400.5390573891176
2248,391.3692321777344,395.4741337182465
2249,391.3692321777344,394.5450405336869
2250,391.3692321777344,393.23190611380727
2251,391.3692321777344,393.2350971065405
2252,391.3692321777344,394.6602084875343
2253,391.3692321777344,394.87589855678686
2254,391.3692321777344,394.57959208870295
2255,423.98333740234375,394.15176529009125
2256,423.98333740234375,401.4624582166769
2257,391.3692321777344,409.93108409240386
2258,391.3692321777344,412.8003008587558
2259,391.3692321777344,409.80983805715994
2260,391.3692321777344,405.17714779391304
2261,391.3692321777344,398.7555846667043
2262,391.3692321777344,394.35662001039253
2263,391.3692321777344,393.23746989600875
2264,391.3692321777344,393.2336009634275
2265,391.3692321777344,392.91578743809407
2266,391.3692321777344,392.977889065902
2267,391.3692321777344,393.0900997993775
2268,391.3692321777344,393.1791904463099
2269,391.3692321777344,393.2288553844909
2270,391.3692321777344,393.23750496186295
2271,391.3692321777344,393.23750496186295
2272,391.3692321777344,393.2369205309594
2273,391.3692321777344,393.237014039904
2274,391.3692321777344,393.23722443502925
2275,391.3692321777344,393.23739976430033
2276,391.3692321777344,393.23748158462683
2277,391.3692321777344,393.23750496186295
2278,391.3692321777344,393.23750496186295
2279,391.3692321777344,393.23750496186295
2280,391.3692321777344,393.23628934558366
2281,391.3692321777344,393.236511429327
2282,391.3692321777344,393.2369439081956
2283,391.3692321777344,393.23728287811963
2284,391.3692321777344,393.23748158462683
2285,391.3692321777344,393.23735300982804
2286,423.98333740234375,393.2373763870642
2287,423.98333740234375,400.9331742132144
2288,423.98333740234375,409.933269863983
2289,423.98333740234375,417.59379144079685
2290,423.98333740234375,423.15476837395636
2291,423.98333740234375,426.75098211843124
2292,423.98333740234375,426.75095874119506
2293,423.98333740234375,426.75095874119506
2294,423.98333740234375,426.75095874119506
2295,423.98333740234375,426.75095874119506
2296,423.98333740234375,426.75095874119506
2297,423.98333740234375,426.75095874119506
2298,423.98333740234375,426.75095874119506
2299,423.98333740234375,426.75095874119506
2300,423.98333740234375,426.75095874119506
2301,423.98333740234375,426.75095874119506
2302,423.98333740234375,426.75095874119506
2303,423.98333740234375,426.75095874119506
2304,423.98333740234375,426.75095874119506
2305,512.0413818359375,426.75095874119506
2306,446.8132019042969,436.18793986957996
2307,446.8132019042969,444.5029539266261
2308,446.8132019042969,449.51505673243724
2309,446.8132019042969,452.03389548351174
2310,446.8132019042969,453.03587889035816
2311,446.8132019042969,450.44914095691286
2312,446.8132019042969,450.21248150684204
2313,446.8132019042969,450.21248150684204
2314,391.3692321777344,450.21248150684204
2315,391.3692321777344,438.6652489606505
2316,391.3692321777344,423.66440381044265
2317,391.3692321777344,410.3560588682064
2318,391.3692321777344,400.41430476845255
2319,391.3692321777344,393.81134597740976
2320,391.3692321777344,393.23750496186295
2321,391.3692321777344,393.23750496186295
2322,391.3692321777344,393.23750496186295
2323,391.3692321777344,393.23750496186295
2324,391.3692321777344,393.23750496186295
2325,391.3692321777344,393.23750496186295
2326,391.3692321777344,393.23750496186295
2327,391.3692321777344,393.23750496186295
2328,391.3692321777344,393.23750496186295
2329,391.3692321777344,393.23750496186295
2330,391.3692321777344,393.23750496186295
2331,391.3692321777344,393.23750496186295
2332,391.3692321777344,393.23750496186295
2333,391.3692321777344,393.23750496186295
2334,391.3692321777344,393.23750496186295
2335,391.3692321777344,393.23750496186295
2336,391.3692321777344,393.23750496186295
2337,391.3692321777344,393.23750496186295
2338,391.3692321777344,393.23750496186295
2339,391.3692321777344,393.23750496186295
2340,391.3692321777344,393.23750496186295
2341,391.3692321777344,393.23750496186295
2342,391.3692321777344,393.23750496186295
2343,391.3692321777344,393.2255825714312
2344,391.3692321777344,393.2276748340658
2345,391.3692321777344,393.23195286827956
2346,391.3692321777344,393.2354126992284
2347,391.3692321777344,393.2373296325919
2348,391.3692321777344,393.2374932732449
2349,391.3692321777344,393.23750496186295
2350,391.3692321777344,393.23750496186295
2351,391.3692321777344,393.23750496186295
2352,391.3692321777344,393.23750496186295
2353,391.3692321777344,393.23750496186295
2354,391.3692321777344,393.23750496186295
2355,391.3692321777344,393.23750496186295
2356,391.3692321777344,393.23750496186295
2357,391.3692321777344,393.23750496186295
2358,391.3692321777344,393.23750496186295
2359,391.3692321777344,393.23750496186295
2360,391.3692321777344,393.23750496186295
2361,391.3692321777344,393.23750496186295
2362,391.3692321777344,393.23750496186295
2363,391.3692321777344,393.23750496186295
2364,391.3692321777344,393.23750496186295
2365,391.3692321777344,393.23750496186295
2366,391.3692321777344,393.23750496186295
2367,423.98333740234375,393.23750496186295
2368,423.98333740234375,400.9319702855531
2369,423.98333740234375,409.93129448752916
2370,423.98333740234375,417.5925407586633
2371,391.3692321777344,423.1542423861432
2372,391.3692321777344,419.035734431812
2373,391.3692321777344,410.0585250952251
2374,391.3692321777344,402.4163429601637
2375,391.3692321777344,396.853682866002
2376,391.3692321777344,393.23746989600875
2377,391.3692321777344,393.23750496186295
2378,391.3692321777344,393.23750496186295
2379,391.3692321777344,393.2363945431463
2380,391.3692321777344,393.23660493827157
2381,391.3692321777344,393.2369906626679
2382,391.3692321777344,393.2372945667377
2383,391.3692321777344,393.23746989600875
2384,391.3692321777344,393.23750496186295
2385,391.3692321777344,393.23750496186295
2386,391.3692321777344,393.23750496186295
2387,391.3692321777344,393.23750496186295
2388,391.3692321777344,393.23750496186295
2389,391.3692321777344,393.23750496186295
2390,391.3692321777344,393.23750496186295
2391,391.3692321777344,393.23750496186295
2392,391.3692321777344,393.23750496186295
2393,391.3692321777344,393.23750496186295
2394,423.98333740234375,393.23750496186295
2395,423.98333740234375,400.9331040815059
2396,423.98333740234375,409.9331997322746
2397,423.98333740234375,417.5937213090884
2398,423.98333740234375,423.1547566853383
2399,423.98333740234375,426.75098211843124
2400,423.98333740234375,426.75095874119506
2401,423.98333740234375,426.75095874119506
2402,423.98333740234375,426.75095874119506
2403,423.98333740234375,426.75095874119506
2404,423.98333740234375,426.75095874119506
2405,423.98333740234375,426.75095874119506
2406,423.98333740234375,426.75095874119506
2407,423.98333740234375,426.75095874119506
2408,423.98333740234375,426.75090029810474
2409,423.98333740234375,426.7509236753409
2410,423.98333740234375,426.750947052577
2411,423.98333740234375,426.75095874119506
2412,423.98333740234375,426.75098211843124
2413,423.98333740234375,426.75095874119506
2414,423.98333740234375,426.75095874119506
2415,423.98333740234375,426.75095874119506
2416,423.98333740234375,426.75095874119506
2417,423.98333740234375,426.75095874119506
2418,423.98333740234375,426.75095874119506
2419,423.98333740234375,426.75095874119506
2420,423.98333740234375,426.75095874119506
2421,423.98333740234375,426.75095874119506
2422,423.98333740234375,426.75095874119506
2423,423.98333740234375,426.75095874119506
2424,423.98333740234375,426.75095874119506
2425,423.98333740234375,426.75095874119506
2426,423.98333740234375,426.75095874119506
2427,423.98333740234375,426.75095874119506
2428,423.98333740234375,426.75095874119506
2429,423.98333740234375,426.75095874119506
2430,423.98333740234375,426.75095874119506
2431,423.98333740234375,426.75095874119506
2432,423.98333740234375,426.75095874119506
2433,423.98333740234375,426.75095874119506
2434,423.98333740234375,426.75095874119506
2435,423.98333740234375,426.75095874119506
2436,423.98333740234375,426.75095874119506
2437,423.98333740234375,426.75095874119506
2438,423.98333740234375,426.75095874119506
2439,423.98333740234375,426.75095874119506
2440,423.98333740234375,426.75095874119506
2441,423.98333740234375,426.7488898557966
2442,423.98333740234375,426.74947428670015
2443,423.98333740234375,426.7501288493121
2444,423.98333740234375,426.75073665745174
2445,423.98333740234375,426.75105225013965
2446,423.98333740234375,426.75095874119506
2447,423.98333740234375,426.75097042981315
2448,423.98333740234375,426.75095874119506
2449,423.98333740234375,426.75095874119506
2450,423.98333740234375,426.75095874119506
2451,423.98333740234375,426.75095874119506
2452,423.98333740234375,426.75095874119506
2453,423.98333740234375,426.75095874119506
2454,423.98333740234375,426.75095874119506
2455,423.98333740234375,426.75095874119506
2456,423.98333740234375,426.75095874119506
2457,423.98333740234375,426.75095874119506
2458,423.98333740234375,426.75095874119506
2459,423.98333740234375,426.75095874119506
2460,391.3692321777344,426.75095874119506
2461,391.3692321777344,419.03772149688393
2462,391.3692321777344,410.059997861102
2463,391.3692321777344,402.4169858341576
2464,391.3692321777344,396.8537997521827
2465,391.3692321777344,393.23739976430033
2466,391.3692321777344,393.23746989600875
2467,391.3692321777344,393.2374932732449
2468,391.3692321777344,393.23750496186295
2469,391.3692321777344,393.23750496186295
2470,391.3692321777344,393.23750496186295
2471,391.3692321777344,393.23750496186295
2472,391.3692321777344,393.23750496186295
2473,391.3692321777344,393.23750496186295
2474,391.3692321777344,393.23750496186295
2475,391.3692321777344,393.23750496186295
2476,391.3692321777344,393.23750496186295
2477,391.3692321777344,393.23750496186295
2478,391.3692321777344,393.23750496186295
2479,391.3692321777344,393.23750496186295
2480,391.3692321777344,393.23750496186295
2481,391.3692321777344,393.23750496186295
2482,430.5061340332031,393.23750496186295
2483,430.5061340332031,402.1005515657565
2484,463.1202697753906,412.851321676633
2485,469.64306640625,427.16778655020255
2486,469.64306640625,444.1778233263807
2487,469.64306640625,458.56380041161475
2488,492.4729614257813,466.52377269477336
2489,492.4729614257813,474.67888645661685
2490,508.7799987792969,482.4553708133068
2491,520.0,490.8526610529502
2492,540.0,502.4644381481264
2493,540.0,516.6528308334989
2494,540.0,528.8596520974015
2495,540.0,537.607437238503
2496,540.0,542.8968875738881
2497,540.0,545.2376268514242
2498,540.0,545.5307540153931
2499,566.6666870117188,545.5323904219229
2500,576.6666870117188,548.9125049955128
2501,580.0,557.5336790256761
2502,590.0,567.3761032490679
2503,593.3333129882812,578.3015948228604
2504,593.3333129882812,587.996648949621
2505,593.3333129882812,594.1101234817309
2506,593.3333129882812,597.2475823441797
2507,596.6666870117188,599.0120026191383
2508,600.0,599.6784408670386
2509,600.0,601.3670955196651
2510,606.6666870117188,603.1281494726194
2511,610.0,605.2939568921145
2512,610.0,608.8240831900195
2513,610.0,611.868804556698
2514,623.3333129882812,613.9336690705375
2515,623.3333129882812,617.2822477525734
2516,623.3333129882812,621.4251381641996
2517,623.3333129882812,624.6624645794417
2518,623.3333129882812,627.145384207186
2519,623.3333129882812,628.8191008059184
2520,623.3333129882812,629.2621695624939
2521,623.3333129882812,629.2620760535494
2522,623.3333129882812,629.2600889884775
2523,623.3333129882812,629.2609539462146
2524,623.3333129882812,629.2605331559641
2525,620.0,629.2596681982269
2526,743.3333129882812,628.4708267418937
2527,716.6666870117188,643.7676744561156
2528,716.6666870117188,667.6829844411086
2529,716.6666870117188,686.5042777848532
2530,716.6666870117188,702.7771718624235
2531,716.6666870117188,711.3888313574776
2532,716.6666870117188,714.5602807212751
2533,716.6666870117188,715.9716579760362
2534,716.6666870117188,717.9302495743798
2535,676.6666870117188,718.6254885772055
2536,690.0,711.7297182148818
2537,690.0,703.523560257925
2538,713.3333129882812,698.1297773176441
2539,713.3333129882812,700.0709294978267
2540,716.6666870117188,704.0924686766461
2541,716.6666870117188,710.2348842270983
2542,713.3333129882812,715.1183421024268
2543,720.0,717.5953005349553
2544,753.3333129882812,718.9536582181493
2545,760.0,725.2326903366079
2546,760.0,735.7351941996696
2547,753.3333129882812,745.6290015880988
2548,753.3333129882812,751.9867214834071
2549,753.3333129882812,755.6790156684204
2550,760.0,756.0908290602758
2551,753.3333129882812,755.906335912653
2552,763.3333129882812,755.2686516652059
2553,766.6666870117188,756.8882733395087
2554,760.0,759.0311243131137
2555,766.6666870117188,760.4225841626828
2556,766.6666870117188,762.347044996261
2557,766.6666870117188,764.3249461916569
2558,766.6666870117188,765.2870597222652
2559,763.3333129882812,765.8846286324949
2560,760.0,765.7257569356823
2561,760.0,764.1810359259745
2562,760.0,762.6900825593902
2563,760.0,761.5087840627264
2564,760.0,760.6809961309826
2565,760.0,760.34936665909
2566,770.0,760.4789700562544
2567,766.6666870117188,761.6135608351091
2568,763.3333129882812,763.247302360041
2569,763.3333129882812,763.898264877616
2570,763.3333129882812,764.1248370502922
2571,763.3333129882812,764.1270812649616
2572,763.3333129882812,763.7523909240979
2573,770.0,763.4303461190229
2574,770.0,764.5279073558308
2575,770.0,766.1507083342487
2576,763.3333129882812,767.5911201162967
2577,763.3333129882812,767.203993085806
2578,763.3333129882812,766.3046240569994
2579,763.3333129882812,765.0674072114869
2580,763.3333129882812,764.0687316835543
2581,763.3333129882812,763.4168340765336
2582,780.0,763.416740567589
2583,803.3333129882812,765.9430249683744
2584,826.6666870117188,773.3486528509277
2585,833.3333129882812,785.8067092716349
2586,826.6666870117188,799.7584308183184
2587,826.6666870117188,810.5152322561191
2588,826.6666870117188,815.9423043806646
2589,826.6666870117188,816.7792561889755
2590,826.6666870117188,817.1781653464811
2591,836.6666870117188,817.6184522119559
2592,836.6666870117188,819.2096004126392
2593,803.3333129882812,822.6837849844594
2594,856.6666870117188,818.8348633173032
2595,883.3333129882812,819.1440038880282
2596,883.3333129882812,828.1436319940742
2597,873.3333129882812,841.5720307325112
2598,873.3333129882812,850.9123119235999
2599,873.3333129882812,859.0990200200877
2600,873.3333129882812,861.6531700863527
2601,873.3333129882812,860.7348187417997
2602,866.6666870117188,860.0715597980147
2603,866.6666870117188,859.5225687844854
2604,873.3333129882812,858.2201762046125
2605,873.3333129882812,858.2467327448685
2606,873.3333129882812,858.4163579703056
2607,873.3333129882812,858.8272362727153
2608,873.3333129882812,859.6075684150933
2609,873.3333129882812,860.2954669657706
2610,873.3333129882812,860.3319354541502
2611,873.3333129882812,860.308464709065
2612,873.3333129882812,860.2669934921512
2613,873.3333129882812,860.2669934921512
2614,873.3333129882812,860.2669934921512
2615,873.3333129882812,860.2669934921512
2616,873.3333129882812,860.2669934921512
2617,873.3333129882812,860.2669934921512
2618,873.3333129882812,860.2669934921512
2619,873.3333129882812,860.2669934921512
2620,873.3333129882812,860.2664791929562
2621,873.3333129882812,860.2667597197899
2622,873.3333129882812,860.2669934921512
2623,873.3333129882812,860.2671805100404
2624,873.3333129882812,860.2672740189851
2625,873.3333129882812,860.2061191692408
2626,873.3333129882812,860.2394551079774
2627,873.3333129882812,860.2694714791821
2628,873.3333129882812,860.2843861558399
2629,873.3333129882812,860.2881265136225
2630,873.3333129882812,860.2550243472472
2631,873.3333129882812,860.2616167278388
2632,873.3333129882812,860.2676480547632
2633,873.3333129882812,860.270593586517
2634,873.3333129882812,860.2712949036011
2635,873.3333129882812,860.2669934921512
2636,873.3333129882812,860.2669934921512
2637,873.3333129882812,860.2658246303442
2638,873.3333129882812,860.2664324384839
2639,873.3333129882812,860.2671337555682
2640,873.3333129882812,860.2673675279295
2641,873.3333129882812,860.2674142824019
2642,873.3333129882812,860.2669934921512
2643,873.3333129882812,860.2669934921512
2644,873.3333129882812,860.2669934921512
2645,873.3333129882812,860.2669934921512
2646,873.3333129882812,860.2669934921512
2647,873.3333129882812,860.2669934921512
2648,873.3333129882812,860.2669934921512
2649,873.3333129882812,860.2669934921512
2650,873.3333129882812,860.2669934921512
2651,873.3333129882812,860.2669934921512
2652,873.3333129882812,860.2669934921512
2653,873.3333129882812,860.2669934921512
2654,873.3333129882812,860.2669934921512
2655,873.3333129882812,860.2669934921512
2656,873.3333129882812,860.2669934921512
2657,873.3333129882812,860.2669934921512
2658,873.3333129882812,860.2669934921512
2659,873.3333129882812,860.2669934921512
2660,873.3333129882812,860.2669934921512
2661,816.6666870117188,860.2669934921512
2662,800.0,848.5268519933263
2663,800.0,829.1153301915001
2664,800.0,815.4380106426365
2665,800.0,805.8803211554389
2666,800.0,799.1081228633552
2667,800.0,797.744902715044
2668,800.0,796.9532559903739
2669,800.0,796.666230285038
2670,800.0,796.666230285038
2671,800.0,796.666230285038
2672,786.6666870117188,796.666230285038
2673,786.6666870117188,793.7805442558249
2674,786.6666870117188,790.602081721185
2675,786.6666870117188,787.9252011651811
2676,786.6666870117188,785.9642250887512
2677,786.6666870117188,784.6808615790967
2678,786.6666870117188,784.6808615790967
2679,786.6666870117188,784.6808615790967
2680,786.6666870117188,784.6187716399068
2681,786.6666870117188,784.6526686323109
2682,786.6666870117188,784.6828252669325
2683,786.6666870117188,784.6980204704239
2684,786.6666870117188,784.7017608282065
2685,786.6666870117188,784.6808615790967
2686,786.6666870117188,784.6808615790967
2687,786.6666870117188,784.680253770957
2688,786.6666870117188,784.680581052263
2689,786.6666870117188,784.6809083335688
2690,786.6666870117188,784.6809550880412
2691,786.6666870117188,784.6810485969859
2692,790.0,784.4971632575027
2693,790.0,785.3196679338785
2694,790.0,786.2066002730583
2695,790.0,786.9231125607721
2696,790.0,787.4261906825209
2697,790.0,787.6887170443813
2698,790.0,787.6886702899089
2699,790.0,787.6886702899089
2700,790.0,787.6886702899089
2701,790.0,787.6886702899089
2702,790.0,787.6886702899089
2703,790.0,787.6886702899089
2704,790.0,787.6886702899089
2705,790.0,787.6886702899089
2706,790.0,787.6885767809645
2707,790.0,787.6886235354368
2708,790.0,787.6886702899089
2709,790.0,787.6886702899089
2710,790.0,787.6887170443813
2711,790.0,787.6886702899089
2712,790.0,787.6886702899089
2713,790.0,787.6886702899089
2714,790.0,787.6886702899089
2715,790.0,787.6886702899089
2716,790.0,787.6886702899089
2717,790.0,787.6886702899089
2718,790.0,787.6886702899089
2719,790.0,787.6886702899089
2720,790.0,787.6886702899089
2721,790.0,787.6886702899089
2722,790.0,787.6886702899089
2723,790.0,787.6886702899089
2724,790.0,787.6886702899089
2725,790.0,787.6886702899089
2726,790.0,787.6886702899089
2727,790.0,787.6886702899089
2728,790.0,787.6886702899089
2729,790.0,787.6886702899089
2730,790.0,787.6886702899089
