,y_actual,y_predict
0,159.74806213378912,146.7925313429916
1,159.74806213378912,160.9377593615618
2,152.14102172851557,166.67578569106354
3,155.94450378417963,168.5086132095787
4,159.74806213378912,170.0991408927759
5,159.74806213378912,169.08402276644154
6,163.55152893066406,168.71209462130906
7,171.15858459472656,133.32361275486954
8,167.3551025390625,158.13619963081885
9,171.15858459472656,201.24081247807635
10,167.3551025390625,119.08075476602471
11,167.3551025390625,155.53340330845805
12,167.3551025390625,201.33498569342265
13,167.3551025390625,191.26667312255182
14,167.3551025390625,163.28690461282616
15,163.55152893066406,178.32028508346917
16,163.55152893066406,174.78729469504168
17,159.74806213378912,174.79789852434902
18,163.55152893066406,173.4919925678904
19,171.15858459472656,162.19274825218338
20,163.55152893066406,157.89787039237802
21,163.55152893066406,158.72524935577746
22,171.15858459472656,170.30248216579292
23,171.15858459472656,162.1018449401477
24,171.15858459472656,171.6536062137472
25,167.3551025390625,180.67620370587701
26,167.3551025390625,165.75217814452253
27,167.3551025390625,162.9360439875951
28,167.3551025390625,163.97727462751004
29,167.3551025390625,158.72160574923134
30,167.3551025390625,161.82829417176094
31,171.15858459472656,163.99829543450699
32,186.37269592285156,163.7029297397478
33,197.78329467773432,162.13758031204253
34,201.58680725097656,195.79273314641904
35,197.78329467773432,252.4397206240268
36,209.1938934326172,181.95791237783698
37,197.78329467773432,186.6563897319835
38,205.39035034179693,211.15665412886278
39,205.39035034179693,162.15108034142503
40,209.1938934326172,179.0915151357346
41,201.58680725097656,210.44820622016152
42,205.39035034179693,237.6066684440646
43,205.39035034179693,194.64041921975138
44,190.17623901367182,176.0548026440526
45,190.17623901367182,188.22080490160005
46,182.56915283203125,187.43453329410568
47,174.96212768554688,206.37801743070122
48,190.17623901367182,197.09831211254658
49,197.78329467773432,208.9995456277415
50,190.17623901367182,199.6296844040222
51,186.37269592285156,191.7469284930752
52,186.37269592285156,200.6549392306195
53,182.56915283203125,204.03004000204777
54,182.56915283203125,180.66228326035463
55,182.56915283203125,176.9868652262968
56,182.56915283203125,186.88901999608294
57,178.76564025878906,176.87078365876926
58,171.15858459472656,177.90902467280023
59,171.15858459472656,169.6030031347437
60,178.76564025878906,180.59539038119993
61,171.15858459472656,170.36213454475978
62,163.55152893066406,170.57126821792707
63,167.3551025390625,175.63513391058484
64,167.3551025390625,168.11370231546294
65,167.3551025390625,178.2448437428024
66,171.15858459472656,164.98678720531183
67,171.15858459472656,166.75160073496585
68,171.15858459472656,171.757122009981
69,171.15858459472656,162.61031490495145
70,171.15858459472656,165.6571640968964
71,178.76564025878906,162.57943767511813
72,178.76564025878906,166.51187010939185
73,178.76564025878906,171.47100547030044
74,171.15858459472656,167.84426228266665
75,171.15858459472656,181.336911026243
76,171.15858459472656,173.05022863062368
77,171.15858459472656,170.8069815337194
78,167.3551025390625,167.58958352767263
79,167.3551025390625,165.6875741976853
80,167.3551025390625,163.4106470966815
81,167.3551025390625,163.61160601157218
82,163.55152893066406,159.06368434842818
83,167.3551025390625,162.13575850876947
84,167.3551025390625,157.21147097457134
85,163.55152893066406,158.91097986382152
86,163.55152893066406,161.83464712676442
87,167.3551025390625,163.0802467235941
88,163.55152893066406,158.66900701883458
89,163.55152893066406,161.85847070802765
90,167.3551025390625,161.93465945516544
91,167.3551025390625,162.0126700055763
92,167.3551025390625,158.97605093970316
93,167.3551025390625,160.2268823818298
94,167.3551025390625,162.96481913672864
95,163.55152893066406,161.34537616568463
96,163.55152893066406,159.18742683228345
97,167.3551025390625,161.31192972610728
98,159.74806213378912,161.4002171154944
99,163.55152893066406,159.3365344232484
100,163.55152893066406,158.87454379836015
101,155.94450378417963,159.18490433544383
102,159.74806213378912,157.84620592007002
103,159.74806213378912,160.33254697166774
104,159.74806213378912,159.7763831314332
105,155.94450378417963,157.38150594672436
106,159.74806213378912,156.40983082151706
107,159.74806213378912,156.84781101352434
108,159.74806213378912,156.65839018602975
109,155.94450378417963,156.38175636595003
110,155.94450378417963,156.83786116487914
111,155.94450378417963,157.26360257592376
112,155.94450378417963,155.042824386054
113,155.94450378417963,155.14433152739696
114,155.94450378417963,153.0556107183724
115,163.55152893066406,153.11358143277954
116,159.74806213378912,154.59554832606364
117,159.74806213378912,155.59651244235334
118,159.74806213378912,157.5540167028126
119,159.74806213378912,157.36468930112682
120,159.74806213378912,156.74938692387423
121,163.55152893066406,157.367912491533
122,163.55152893066406,158.0790230357872
123,163.55152893066406,155.7957896926843
124,159.74806213378912,155.71698502289797
125,159.74806213378912,159.91035574136038
126,159.74806213378912,157.3763675272362
127,163.55152893066406,157.86666617221368
128,155.94450378417963,156.5648709513456
129,163.55152893066406,157.72507935886318
130,167.3551025390625,158.6449965859536
131,171.15858459472656,157.2546804111762
132,167.3551025390625,166.07038644955173
133,171.15858459472656,146.6438441681666
134,167.3551025390625,165.022989706251
135,171.15858459472656,166.02236558378985
136,171.15858459472656,163.53719235480304
137,167.3551025390625,160.13336314714564
138,167.3551025390625,151.85153889358787
139,167.3551025390625,164.98333045038345
140,171.15858459472656,161.62556016650154
141,171.15858459472656,159.7114054813605
142,167.3551025390625,165.5758836431749
143,171.15858459472656,161.04286339654647
144,167.3551025390625,167.97150823435476
145,167.3551025390625,171.48114217056343
146,167.3551025390625,178.01179306256302
147,167.3551025390625,160.68663078730503
148,171.15858459472656,169.40026912948434
149,171.15858459472656,164.82558097209755
150,163.55152893066406,178.9261981669298
151,167.3551025390625,184.953424087805
152,167.3551025390625,166.00209218326393
153,167.3551025390625,190.87895601571938
154,167.3551025390625,188.10575101797014
155,163.55152893066406,160.48370993042795
156,171.15858459472656,166.67746735562332
157,178.76564025878906,171.71928455738652
158,174.96212768554688,147.73127387057036
159,171.15858459472656,152.1178024488824
160,171.15858459472656,127.23785556473399
161,171.15858459472656,151.97065679990385
162,171.15858459472656,172.35322538350965
163,171.15858459472656,171.82298720523806
164,171.15858459472656,172.34701256721945
165,171.15858459472656,179.47670974572736
166,167.3551025390625,168.57046109505416
167,171.15858459472656,174.80476532130137
168,182.56915283203125,174.96840062554645
169,178.76564025878906,170.06275154021893
170,182.56915283203125,158.13867541475406
171,178.76564025878906,210.30797408103973
172,178.76564025878906,171.90081090403118
173,178.76564025878906,189.53605343894617
174,178.76564025878906,166.95008386592133
175,174.96212768554688,177.43175892816083
176,174.96212768554688,177.03460581463207
177,174.96212768554688,179.42467157018382
178,174.96212768554688,172.23761094502652
179,174.96212768554688,174.56751047966264
180,171.15858459472656,177.31446282511797
181,171.15858459472656,188.96564216285816
182,174.96212768554688,187.96967632734328
183,174.96212768554688,172.4250231176303
184,174.96212768554688,171.41312818170218
185,174.96212768554688,169.08775979879658
186,174.96212768554688,170.28575894600425
187,174.96212768554688,177.8433463291609
188,174.96212768554688,167.15421925831384
189,178.76564025878906,175.11549956162054
190,190.17623901367182,173.9611302671576
191,190.17623901367182,144.87856350946822
192,190.17623901367182,171.12845974205925
193,182.56915283203125,157.24580495933304
194,190.17623901367182,178.5442267473432
195,209.1938934326172,216.7957425267656
196,235.81854248046875,198.15841476585433
197,251.03260803222656,222.82264145730971
198,254.836181640625,254.22807745751732
199,235.81854248046875,257.84321248839836
200,254.836181640625,291.8985080621877
201,281.4607849121094,286.60483823614896
202,266.2467041015625,235.5229926287193
203,251.03260803222656,252.95262831475208
204,251.03260803222656,269.7814192674557
205,235.81854248046875,253.15099466344645
206,247.22909545898438,275.6234285222356
207,235.81854248046875,258.33652411571205
208,232.01498413085938,254.73729482879202
209,235.81854248046875,256.8495122287487
210,235.81854248046875,274.62489347697664
211,239.6220245361328,241.29591349783595
212,235.81854248046875,241.4855678898528
213,232.01498413085938,241.87286458054524
214,235.81854248046875,256.50414036978907
215,235.81854248046875,232.53294632857052
216,235.81854248046875,233.12512581812643
217,235.81854248046875,226.70294229023102
218,235.81854248046875,228.6763756511035
219,228.2115478515625,239.00188947380798
220,224.407974243164,230.99627862418993
221,216.80091857910156,232.56078721961535
222,216.80091857910156,231.23283277226216
223,216.80091857910156,232.35230752711016
224,209.1938934326172,222.6677414661945
225,216.80091857910156,199.30853318601345
226,220.60443115234375,217.46308307956173
227,224.407974243164,208.26428451189304
228,224.407974243164,222.61729152940183
229,235.81854248046875,245.54601703873783
230,235.81854248046875,238.11892215412774
231,235.81854248046875,234.33877378832074
232,235.81854248046875,237.08297007241424
233,228.2115478515625,220.4001102331738
234,232.01498413085938,238.84502754070638
235,232.01498413085938,227.6523353600216
236,228.2115478515625,221.60819936773999
237,228.2115478515625,228.30813782542157
238,232.01498413085938,221.75137441984134
239,232.01498413085938,219.68101178226078
240,235.81854248046875,223.0610641215594
241,232.01498413085938,235.41139550001776
242,235.81854248046875,229.19255324513938
243,232.01498413085938,211.90896545483093
244,228.2115478515625,206.63372386959287
245,232.01498413085938,216.7993861333117
246,228.2115478515625,237.308593400848
247,228.2115478515625,238.859928957222
248,232.01498413085938,232.92206482253602
249,224.407974243164,220.36348731609468
250,228.92004394531244,216.63542383873562
251,228.92004394531244,229.4240156866279
252,221.02626037597656,225.22760862937707
253,217.07933044433594,226.27888254374614
254,217.07933044433594,224.34538871616786
255,221.02626037597656,223.64058441401278
256,221.02626037597656,217.45243253734992
257,221.02626037597656,211.5600667715862
258,213.13243103027344,220.7544276133333
259,209.18554687499994,213.4607681402493
260,197.34484863281256,214.23718332490728
261,201.29177856445312,207.5922726686532
262,197.34484863281256,201.48278532306335
263,193.39794921875,198.028693030231
264,185.504150390625,204.82827011307813
265,193.39794921875,195.3770817227329
266,193.39794921875,194.90855129122343
267,185.504150390625,198.253055110245
268,185.504150390625,185.56461572946705
269,173.66346740722656,187.25015746029032
270,161.82278442382812,182.84900774288934
271,169.71656799316406,182.06385724510153
272,173.66346740722656,176.06582688949987
273,177.610366821289,178.56548111886235
274,177.610366821289,185.05147447421956
275,169.71656799316406,189.95441421108967
276,169.71656799316406,191.63958223867746
277,169.71656799316406,218.6433313230831
278,161.82278442382812,184.4041737574272
279,169.71656799316406,152.21356390297956
280,165.76971435546875,160.46119431048902
281,169.71656799316406,167.79460646524944
282,169.71656799316406,164.15398954499761
283,165.76971435546875,163.440590068426
284,161.82278442382812,163.24425573107465
285,161.82278442382812,166.5955796341441
286,161.82278442382812,166.93896619466517
287,161.82278442382812,171.44550022447748
288,165.76971435546875,173.62260184869808
289,177.610366821289,159.62437934039315
290,165.76971435546875,164.91031818074742
291,165.76971435546875,140.69341426218688
292,161.82278442382812,144.1605394553573
293,157.8759002685547,102.22402949646732
294,149.9821166992188,135.91351631560553
295,153.92898559570318,178.046267186038
296,165.76971435546875,164.88658802529312
297,161.82278442382812,164.1756643326567
298,161.82278442382812,165.04050704541515
299,153.92898559570318,163.14316900587158
300,157.8759002685547,153.6102797456649
301,157.8759002685547,163.20875392370203
302,157.8759002685547,153.82922312876417
303,157.8759002685547,154.68420941868624
304,157.8759002685547,150.05346577597425
305,161.82278442382812,152.5855854739209
306,153.92898559570318,156.9192350444095
307,153.92898559570318,152.58577232553864
308,157.8759002685547,158.5078474985247
309,153.92898559570318,150.8696336423087
310,149.9821166992188,153.59322953554522
311,149.9821166992188,151.06068942145862
312,149.9821166992188,156.9074633924912
313,146.03517150878912,158.62397577895666
314,142.08830261230474,145.94375786935973
315,146.03517150878912,138.94438969423283
316,149.9821166992188,138.40924666099528
317,142.08830261230474,141.69923652053814
318,146.03517150878912,142.81735660115743
319,146.03517150878912,141.7134372434872
320,146.03517150878912,146.67593593351523
321,146.03517150878912,141.8116277686151
322,142.08830261230474,140.50385329597896
323,142.08830261230474,141.30339136833356
324,134.19450378417963,140.83929866274565
325,130.2476043701172,143.42859495572395
326,126.30073547363281,143.02167884516768
327,110.51313018798828,135.02092613761113
328,110.51313018798828,129.3438601484005
329,114.46002197265625,126.12347251646969
330,114.46002197265625,120.57799677905996
331,114.46002197265625,114.38685527651307
332,114.46002197265625,112.26001673746737
333,110.51313018798828,117.66577417770418
334,110.51313018798828,121.03587666835767
335,110.51313018798828,119.22173431161752
336,110.51313018798828,114.21541891722688
337,134.19450378417963,110.53065830228161
338,126.30073547363281,110.93888237416206
339,126.30073547363281,125.30403474682464
340,130.2476043701172,109.2039651033482
341,126.30073547363281,121.38669058068433
342,146.03517150878912,117.34864026947707
343,138.14138793945312,132.94234202884957
344,138.14138793945312,133.36196404941285
345,134.19450378417963,144.68531222380972
346,134.19450378417963,138.3716894858274
347,134.19450378417963,133.43250053511372
348,130.2476043701172,130.52597690809938
349,134.19450378417963,129.549490353735
350,134.19450378417963,131.5761764256664
351,134.19450378417963,130.96166816778924
352,134.19450378417963,131.55949991878214
353,134.19450378417963,133.53484850873656
354,138.14138793945312,133.12966077564448
355,134.19450378417963,132.83499577445184
356,138.14138793945312,130.25261299133035
357,138.14138793945312,133.76696493088718
358,138.14138793945312,135.88796435687817
359,134.19450378417963,134.4132379637819
360,138.14138793945312,133.2946507541182
361,134.19450378417963,134.2375040172875
362,134.19450378417963,134.49489212073888
363,134.19450378417963,132.86059444608367
364,134.19450378417963,133.65980552810726
365,134.19450378417963,132.0073365336258
366,134.19450378417963,133.03058270533222
367,134.19450378417963,133.20318688722932
368,134.19450378417963,132.73297479116007
369,130.2476043701172,134.05817317715145
370,134.19450378417963,134.5481448317978
371,130.2476043701172,133.63901828563252
372,126.30073547363281,132.55640001238578
373,130.2476043701172,131.33766033560778
374,134.19450378417963,128.78648177265063
375,157.8759002685547,127.07370641854016
376,153.92898559570318,128.24648059735154
377,146.03517150878912,138.8081748648927
378,146.03517150878912,145.71187501173125
379,146.03517150878912,141.42862866513087
380,146.03517150878912,146.31222925956382
381,146.03517150878912,139.18678295535977
382,146.03517150878912,142.5544563749824
383,146.03517150878912,143.84821697628723
384,146.03517150878912,143.49343246708338
385,138.14138793945312,144.82115334991437
386,138.14138793945312,142.60481288596617
387,130.2476043701172,143.20680208545406
388,130.2476043701172,140.30812622638524
389,130.2476043701172,133.92705005439495
390,134.19450378417963,132.0505459702306
391,130.2476043701172,129.84079202580813
392,130.2476043701172,128.73453702291596
393,138.14138793945312,131.04449014735718
394,134.19450378417963,130.29395391175763
395,134.19450378417963,131.7133255130953
396,134.19450378417963,137.91530440947167
397,134.19450378417963,136.9960878759478
398,134.19450378417963,129.01873833351453
399,130.2476043701172,131.24572933967454
400,130.2476043701172,129.99064702324404
401,126.30073547363281,130.18329104114486
402,122.35379028320312,131.55034418951237
403,126.30073547363281,129.82817954160993
404,122.35379028320312,126.51100277168439
405,122.35379028320312,126.46013241875175
406,122.35379028320312,123.87200394838442
407,122.35379028320312,121.04932998483571
408,122.35379028320312,122.05790830454873
409,126.30073547363281,122.78840470414457
410,126.30073547363281,123.0575644595142
411,122.35379028320312,122.23854710600904
412,122.35379028320312,123.16290205902101
413,122.35379028320312,123.45317604719651
414,122.35379028320312,122.21780657643876
415,118.40689849853516,123.37086790957744
416,122.35379028320312,122.25172014506052
417,126.30073547363281,123.10142787678114
418,126.30073547363281,122.24564746748365
419,126.30073547363281,123.44570198248653
420,126.30073547363281,123.30939372733746
421,126.30073547363281,125.249100371206
422,134.19450378417963,123.97117544450555
423,134.19450378417963,124.95513606357991
424,134.19450378417963,127.1698415758728
425,138.14138793945312,128.91120522749912
426,138.14138793945312,132.63936213066705
427,138.14138793945312,128.6822185699458
428,134.19450378417963,138.17367348391622
429,138.14138793945312,130.09079949035834
430,138.14138793945312,135.8193898131637
431,134.19450378417963,132.74857690124225
432,130.2476043701172,133.67050278322347
433,126.30073547363281,120.62975467717683
434,130.2476043701172,127.85890362923243
435,130.2476043701172,127.13387263945583
436,134.19450378417963,128.40110031104007
437,126.30073547363281,127.60268334839196
438,126.30073547363281,129.36212489403562
439,130.2476043701172,127.75590167494744
440,130.2476043701172,126.86728209383023
441,134.19450378417963,126.78399298521794
442,134.19450378417963,128.0252015690304
443,130.2476043701172,128.85019817430356
444,134.19450378417963,128.5448359179947
445,134.19450378417963,128.65587249184296
446,134.19450378417963,132.63641921768743
447,130.2476043701172,131.0148741659437
448,130.2476043701172,131.10162002948442
449,130.2476043701172,128.67147460192513
450,134.19450378417963,130.52186617250885
451,134.19450378417963,130.0688911381771
452,138.14138793945312,130.48986783296908
453,134.19450378417963,131.52068149519448
454,138.14138793945312,138.23388641773636
455,138.14138793945312,139.29632471626599
456,146.03517150878912,138.44175884248386
457,146.03517150878912,130.5670375511001
458,146.03517150878912,146.03905219441248
459,153.92898559570318,140.95332486247793
460,157.8759002685547,158.76360065032077
461,157.8759002685547,164.94493244293574
462,161.82278442382812,116.6370158832741
463,161.82278442382812,134.77400172475382
464,165.76971435546875,139.91741949366883
465,165.76971435546875,146.7316177156049
466,153.92898559570318,138.70162272987045
467,153.92898559570318,156.99224731404553
468,157.8759002685547,157.18348994481323
469,161.82278442382812,160.61609430160422
470,161.82278442382812,153.47364450018483
471,161.82278442382812,156.37633766903525
472,165.76971435546875,154.79220965374606
473,165.76971435546875,163.1445703930047
474,161.82278442382812,170.1381461679813
475,161.82278442382812,163.41279589028562
476,161.82278442382812,165.83985826615202
477,161.82278442382812,164.7910134228137
478,153.92898559570318,160.90216412838032
479,157.8759002685547,154.58396352576307
480,157.8759002685547,154.66197407617392
481,157.8759002685547,152.231221380857
482,153.92898559570318,154.16055775994033
483,153.92898559570318,152.92869175701537
484,153.92898559570318,154.68841358008564
485,157.8759002685547,153.1371714495205
486,165.76971435546875,150.99669274237908
487,169.71656799316406,151.53688076929592
488,161.82278442382812,160.96616080745986
489,169.71656799316406,161.23952472422894
490,165.76971435546875,161.81507441980506
491,165.76971435546875,174.9528452283687
492,161.82278442382812,166.7385211217233
493,165.76971435546875,159.09890587837413
494,165.76971435546875,156.22872489101235
495,173.66346740722656,162.47965891123937
496,173.66346740722656,162.18910464563726
497,171.20495605468744,159.79983300946088
498,167.22348022460938,168.3273671403607
499,167.22348022460938,164.22064885963016
500,163.241943359375,167.04500448773865
501,167.22348022460938,166.19062546557421
502,163.241943359375,165.20390878513797
503,159.26046752929688,159.62381878553987
504,159.26046752929688,160.77650641544307
505,159.26046752929688,158.06407490636713
506,159.26046752929688,154.80323389919334
507,155.2789154052735,155.4325501477772
508,151.2974090576172,152.72885395183113
509,155.2789154052735,154.6488010371225
510,147.31587219238276,154.69121635435187
511,155.2789154052735,152.2758322045949
512,151.2974090576172,149.84437881571142
513,147.31587219238276,150.15917707871665
514,147.31587219238276,149.9449049860612
515,147.31587219238276,149.7911261046525
516,151.2974090576172,148.5433310013143
517,147.31587219238276,145.3666199350327
518,151.2974090576172,145.89274737771382
519,155.2789154052735,146.0818879277818
520,155.2789154052735,146.6243648870161
521,159.26046752929688,146.78697250736354
522,155.2789154052735,147.17693183360893
523,151.2974090576172,150.7317371484088
524,151.2974090576172,158.98389870764868
525,155.2789154052735,154.44508606086998
526,151.2974090576172,146.12878768383717
527,151.2974090576172,147.62140511933308
528,151.2974090576172,147.6405574101525
529,147.31587219238276,149.4983296196374
530,147.31587219238276,148.79800975630832
531,151.2974090576172,147.81227404686524
532,151.2974090576172,144.1476466937325
533,147.31587219238276,145.09316259245475
534,151.2974090576172,145.8636919511536
535,151.2974090576172,146.9684988540082
536,155.2789154052735,144.08449084693285
537,151.2974090576172,147.49065569981212
538,147.31587219238276,150.40166376565242
539,147.31587219238276,145.69557220808252
540,151.2974090576172,148.13043563898998
541,147.31587219238276,143.10506137958885
542,151.2974090576172,145.75942874844878
543,147.31587219238276,146.96522895069756
544,147.31587219238276,146.7413807126324
545,147.31587219238276,145.55244386888563
546,147.31587219238276,145.37699019981784
547,147.31587219238276,145.10811072187482
548,151.2974090576172,145.89564357778892
549,151.2974090576172,143.93304761074603
550,155.2789154052735,146.49324176425966
551,151.2974090576172,147.23779874809117
552,151.2974090576172,146.7433893675232
553,151.2974090576172,147.91691095280555
554,151.2974090576172,149.7654340072118
555,151.2974090576172,144.64654051312647
556,151.2974090576172,148.0818075054704
557,151.2974090576172,148.00412394539063
558,143.33441162109375,147.57973720857467
559,143.33441162109375,147.85940736744283
560,147.31587219238276,145.60686440255546
561,147.31587219238276,146.4307398981221
562,147.31587219238276,140.86573816665737
563,147.31587219238276,144.19706894662755
564,143.33441162109375,142.4230062618949
565,151.2974090576172,145.13142046118918
566,147.31587219238276,144.82914125657322
567,151.2974090576172,148.09647535746382
568,203.0570526123047,147.04221181721078
569,171.20495605468744,154.404632685627
570,171.20495605468744,198.29294793063474
571,167.22348022460938,254.90658239447401
572,167.22348022460938,168.9343079077189
573,167.22348022460938,140.1933993330864
574,167.22348022460938,168.38043299980183
575,171.20495605468744,156.9169928249965
576,163.241943359375,176.62255128458764
577,167.22348022460938,173.20382066041464
578,163.241943359375,170.68702279512354
579,167.22348022460938,162.37063099228192
580,167.22348022460938,162.23946115662102
581,163.241943359375,162.73900895667714
582,167.22348022460938,164.1503459384515
583,159.26046752929688,162.6525900834675
584,167.22348022460938,161.0673409584718
585,171.20495605468744,156.04981446701618
586,167.22348022460938,168.40911472312655
587,167.22348022460938,159.96510326536128
588,167.22348022460938,151.29369338879354
589,171.20495605468744,158.1104608204737
590,171.20495605468744,162.3157900424721
591,171.20495605468744,173.7580692715672
592,167.22348022460938,168.35539488302328
593,167.22348022460938,172.02777657829267
594,167.22348022460938,163.00672061200925
595,167.22348022460938,164.64788508361676
596,171.20495605468744,159.92707896114905
597,163.241943359375,160.95149295546645
598,163.241943359375,143.2552900802603
599,159.26046752929688,156.70743873568927
600,167.22348022460938,160.253695588977
601,163.241943359375,162.85410955321146
602,159.26046752929688,157.7170914522044
603,163.241943359375,162.9044193512908
604,163.241943359375,161.25914414409272
605,163.241943359375,157.2651441017702
606,167.22348022460938,160.79117426743647
607,163.241943359375,159.85028294625357
608,159.26046752929688,163.85853042442955
609,159.26046752929688,157.57653232275152
610,155.2789154052735,161.5426914740292
611,155.2789154052735,159.7861928413651
612,155.2789154052735,155.86679330742948
613,151.2974090576172,155.0789334611843
614,147.31587219238276,151.82388485416078
615,147.31587219238276,153.20070099955575
616,155.2789154052735,149.67929541142877
617,155.2789154052735,147.0960717960274
618,155.2789154052735,147.39031638108008
619,155.2789154052735,150.22172565775867
620,155.2789154052735,150.6245310327244
621,155.2789154052735,151.96285574486274
622,155.2789154052735,153.95044311577982
623,155.2789154052735,153.95044311577982
624,163.241943359375,153.55618620232616
625,171.20495605468744,154.07591397709933
626,175.18649291992188,155.02689528564076
627,175.18649291992188,150.22396787717167
628,179.16799926757818,161.8480070174336
629,175.18649291992188,189.83538973058256
630,175.18649291992188,183.05986979352087
631,171.20495605468744,178.80890206388688
632,171.20495605468744,177.78112474044997
633,167.22348022460938,168.32456436609442
634,167.22348022460938,181.74209875933508
635,171.20495605468744,163.709889962509
636,171.20495605468744,162.25090581820825
637,171.20495605468744,163.4492786686514
638,175.18649291992188,166.8553500957218
639,175.18649291992188,168.2958826427697
640,175.18649291992188,165.5869546015266
641,175.18649291992188,167.99906884797298
642,171.20495605468744,171.16994080119986
643,167.22348022460938,170.89031735523616
644,167.22348022460938,168.54140566849395
645,167.22348022460938,170.8326269182557
646,167.22348022460938,166.83068568217874
647,175.18649291992188,158.90803695084196
648,167.22348022460938,163.89141630915367
649,175.18649291992188,174.57250876043747
650,175.18649291992188,168.78482661351848
651,175.18649291992188,167.77568773895217
652,175.18649291992188,172.77854637841438
653,171.20495605468744,170.35381964776985
654,179.16799926757818,170.29930568829116
655,175.18649291992188,158.35177968479854
656,175.18649291992188,170.11876031263967
657,175.18649291992188,175.05935065048652
658,175.18649291992188,184.97948988848117
659,171.20495605468744,181.2367585591287
660,171.20495605468744,172.58482796371152
661,175.18649291992188,169.60515192834782
662,171.20495605468744,166.71409027270238
663,167.22348022460938,165.9164207165253
664,171.20495605468744,170.3273801438582
665,167.22348022460938,167.02057363871774
666,167.22348022460938,168.0106536482735
667,167.22348022460938,168.42994867850575
668,163.241943359375,162.358579062937
669,167.22348022460938,162.0789556169733
670,163.241943359375,160.2824707381106
671,167.22348022460938,163.25705506689053
672,167.22348022460938,161.58066906533702
673,167.22348022460938,160.70298030385823
674,167.22348022460938,162.80001600987265
675,167.22348022460938,162.9022238447822
676,167.22348022460938,162.51838390901816
677,167.22348022460938,163.78593857093347
678,167.22348022460938,164.0983544758124
679,171.20495605468744,163.65149883196193
680,171.20495605468744,163.6081025437394
681,171.20495605468744,164.13815387039324
682,171.20495605468744,168.80860348187724
683,171.20495605468744,174.43400499877987
684,167.22348022460938,166.93420147841255
685,171.20495605468744,162.74648302138712
686,163.241943359375,163.93523301351615
687,163.241943359375,166.34463791150512
688,167.22348022460938,164.2024775398039
689,163.241943359375,161.97534639493063
690,163.241943359375,157.08287034865452
691,163.241943359375,160.8741363857177
692,163.241943359375,157.61871407545868
693,159.26046752929688,158.86492094004603
694,159.26046752929688,161.3519159723059
695,159.26046752929688,160.46035347820913
696,159.26046752929688,152.795232989037
697,155.2789154052735,159.09988684936735
698,155.2789154052735,152.91416404373524
699,159.26046752929688,154.85452466826587
700,155.2789154052735,152.00573819113652
701,155.2789154052735,152.36883759733024
702,155.2789154052735,154.6326383721871
703,155.2789154052735,151.29070376290957
704,151.2974090576172,152.42919066986366
705,151.2974090576172,151.65954885634915
706,143.33441162109375,151.91422761134316
707,147.31587219238276,147.5888929378445
708,151.2974090576172,148.04242852702947
709,143.33441162109375,145.65745447806142
710,147.31587219238276,145.21326146976395
711,151.2974090576172,144.88515002899396
712,151.2974090576172,144.84320184080894
713,151.2974090576172,145.0765795113794
714,151.2974090576172,146.49193380293542
715,151.2974090576172,148.86611717097838
716,151.2974090576172,148.3354585765668
717,147.31587219238276,146.26570320674392
718,151.2974090576172,145.0492524622834
719,151.2974090576172,147.68016995311564
720,151.2974090576172,143.32288365298155
721,151.2974090576172,149.49225694206046
722,147.31587219238276,149.04250509813488
723,155.2789154052735,148.9601035347069
724,159.26046752929688,149.27933952363372
725,151.2974090576172,147.54900011745474
726,151.2974090576172,152.3416039740431
727,147.31587219238276,159.25062939198762
728,147.31587219238276,154.77132898546245
729,151.2974090576172,147.58725798618917
730,147.31587219238276,143.62436873822207
731,147.31587219238276,145.7483577900971
732,147.31587219238276,148.37306246463908
733,147.31587219238276,148.3737631582057
734,143.33441162109375,144.58983104713923
735,143.33441162109375,144.99399109633367
736,135.37138366699224,146.62025415142557
737,131.38987731933594,145.26109548390804
738,131.38987731933594,139.70356781715333
739,135.37138366699224,134.34826031370915
740,131.38987731933594,131.50535966253892
741,127.40836334228516,131.270113475791
742,123.42684936523438,131.7864779214446
743,123.42684936523438,129.14944104013108
744,123.42684936523438,128.17538355679744
745,123.42684936523438,129.81080234115916
746,127.40836334228516,124.61632736769377
747,127.40836334228516,120.93334184311698
748,123.42684936523438,123.97981733182644
749,123.42684936523438,127.30591626649965
750,123.42684936523438,128.22499266131018
751,123.42684936523438,127.9718087192582
752,127.40836334228516,122.62336801276638
753,131.38987731933594,121.98615728333255
754,127.40836334228516,125.00591299070368
755,127.40836334228516,125.22359512538304
756,123.42684936523438,123.77773730722924
757,123.42684936523438,128.15445617560937
758,127.40836334228516,121.62226375776333
759,129.91877746582026,126.50913425550686
760,129.91877746582026,126.40337623986005
761,125.85883331298834,125.53395566246672
762,125.85883331298834,127.84138629006833
763,125.85883331298834,128.4680866160037
764,125.85883331298834,125.05178506286143
765,125.85883331298834,126.85733224518503
766,125.85883331298834,126.32662693786898
767,125.85883331298834,125.7160425639646
768,125.85883331298834,125.39475120724256
769,117.7389144897461,126.49329858090249
770,117.7389144897461,124.01317034559497
771,113.678955078125,123.84108000564675
772,121.79886627197266,126.05302945657775
773,121.79886627197266,123.86976172897141
774,121.79886627197266,119.20650590477089
775,121.79886627197266,119.39644057421424
776,121.79886627197266,117.73551654402957
777,121.79886627197266,117.81133158793193
778,125.85883331298834,118.82439434647097
779,125.85883331298834,117.68156313940415
780,125.85883331298834,123.66016092675977
781,121.79886627197266,130.42615143131616
782,121.79886627197266,130.40751298244555
783,125.85883331298834,120.22793027320427
784,121.79886627197266,124.16148381718449
785,121.79886627197266,124.70891234428916
786,121.79886627197266,123.27903033945302
787,121.79886627197266,120.47775088613673
788,121.79886627197266,120.70300051133506
789,121.79886627197266,123.14772036507884
790,125.85883331298834,122.78242545237651
791,121.79886627197266,121.92907411410977
792,121.79886627197266,123.18784674999074
793,121.79886627197266,124.19226762120888
794,121.79886627197266,123.76358329718471
795,121.79886627197266,122.34103521834527
796,121.79886627197266,122.65569334263716
797,121.79886627197266,123.22218073475244
798,121.79886627197266,124.14457374577808
799,121.79886627197266,122.22289828302246
800,121.79886627197266,121.12192183833179
801,125.85883331298834,122.13400362587765
802,121.79886627197266,123.37656688391883
803,125.85883331298834,121.06796843370626
804,125.85883331298834,119.02993112599654
805,125.85883331298834,123.52604817811925
806,125.85883331298834,120.46509168903413
807,125.85883331298834,125.26068517150651
808,125.85883331298834,126.18382558900316
809,125.85883331298834,126.23913366785729
810,121.79886627197266,126.14262480728917
811,121.79886627197266,125.21710203166623
812,121.79886627197266,125.35383070295518
813,121.79886627197266,123.15290549747147
814,121.79886627197266,121.05003067840221
815,121.79886627197266,118.29294163268389
816,121.79886627197266,122.47304588628606
817,121.79886627197266,120.96323810195713
818,121.79886627197266,122.87314191279438
819,125.85883331298834,122.17604523987154
820,125.85883331298834,121.9760205830695
821,129.91877746582026,121.22917466692058
822,125.85883331298834,123.74195522243008
823,125.85883331298834,123.4810169382414
824,129.91877746582026,122.12652956116767
825,129.91877746582026,126.62040439387732
826,129.91877746582026,130.4370355380501
827,129.91877746582026,131.9751980553727
828,133.97875976562506,134.28057331517903
829,138.03872680664062,125.89088896527471
830,133.97875976562506,130.19767861571165
831,138.03872680664062,133.69044919341832
832,138.03872680664062,136.77831231545957
833,138.03872680664062,128.4278200923784
834,138.03872680664062,134.34601809429614
835,129.91877746582026,135.38332485023835
836,133.97875976562506,144.26746529361503
837,133.97875976562506,137.50096094710983
838,133.97875976562506,130.12401236541353
839,133.97875976562506,142.91685508760963
840,133.97875976562506,134.0219239633078
841,138.03872680664062,129.9486521221546
842,142.09866333007812,131.40651515674887
843,138.03872680664062,132.69924807415606
844,138.03872680664062,135.9581738522479
845,142.09866333007812,136.81671032290728
846,142.09866333007812,139.05290377124146
847,142.09866333007812,134.02383919238974
848,142.09866333007812,138.7920589128617
849,150.21856689453125,138.87600200213615
850,150.21856689453125,140.61381547302517
851,150.21856689453125,152.739831484374
852,150.21856689453125,150.3723280616656
853,146.15866088867188,148.666372791603
854,146.15866088867188,145.23418885095197
855,142.09866333007812,143.14925178718687
856,150.21856689453125,145.59612043453478
857,146.15866088867188,147.5802510505235
858,146.15866088867188,141.14624915780536
859,158.33851623535156,141.6454699675304
860,162.39849853515625,143.92515312989605
861,162.39849853515625,153.55782115398148
862,162.39849853515625,151.96944226438848
863,158.33851623535156,159.13389384379792
864,158.33851623535156,192.94282555958313
865,154.27854919433588,191.08066233708115
866,154.27854919433588,160.62655799219823
867,158.33851623535156,159.91194398011123
868,154.27854919433588,157.02387195034981
869,158.33851623535156,159.64446588930133
870,158.33851623535156,159.93786964207413
871,154.27854919433588,153.79021785355872
872,154.27854919433588,159.7704038796652
873,154.27854919433588,151.48876647772516
874,154.27854919433588,152.58899551594487
875,154.27854919433588,146.1323845774789
876,154.27854919433588,152.76365506563718
877,158.33851623535156,153.02291168526608
878,158.33851623535156,153.02291168526608
879,158.33851623535156,152.0943525708547
880,162.39849853515625,156.57239172896004
881,162.39849853515625,159.72088820096133
882,170.5184326171875,171.10594412212032
883,170.5184326171875,171.9640601766397
884,170.5184326171875,156.50605940465857
885,166.4584503173828,169.75374567736395
886,166.4584503173828,149.90225610430963
887,170.5184326171875,176.72130236456883
888,170.5184326171875,181.77320955369055
889,170.5184326171875,179.9156241958234
890,166.4584503173828,156.23190136851406
891,166.4584503173828,183.0601500709475
892,158.33851623535156,173.70224735076425
893,158.33851623535156,166.98128808608567
894,162.39849853515625,157.50847162098586
895,162.39849853515625,155.74295739776534
896,166.4584503173828,165.37791435416818
897,162.39849853515625,151.94328303790337
898,162.39849853515625,160.2790139831822
899,158.33851623535156,168.81472287235857
900,162.39849853515625,162.172428138753
901,162.39849853515625,156.624476617408
902,162.39849853515625,163.32441507508963
903,162.39849853515625,154.87152816548115
904,162.39849853515625,163.45306241391086
905,166.4584503173828,156.1820119865747
906,166.4584503173828,158.91312865742566
907,166.4584503173828,160.086650242708
908,166.4584503173828,162.05405763890803
909,162.39849853515625,157.73694443659036
910,166.4584503173828,171.56690706311093
911,170.5184326171875,154.90866492450908
912,166.4584503173828,163.51635839942384
913,166.4584503173828,177.4176983439251
914,162.39849853515625,177.17908882805767
915,166.4584503173828,171.59428082511135
916,162.39849853515625,165.4726014114633
917,162.39849853515625,159.1220287660708
918,162.39849853515625,160.70783844591972
919,162.39849853515625,160.20558129740624
920,162.39849853515625,158.79447788015403
921,162.39849853515625,159.56818371635467
922,162.39849853515625,158.69675448407054
923,162.39849853515625,160.09781462686863
924,166.4584503173828,159.44743085838337
925,166.4584503173828,158.60505705265945
926,162.39849853515625,161.47757368524316
927,162.39849853515625,160.61319810152906
928,158.33851623535156,157.74521262067583
929,158.33851623535156,159.6230713790689
930,162.39849853515625,158.90705597984874
931,162.39849853515625,158.5430690284707
932,154.27854919433588,158.44964321959543
933,158.33851623535156,157.9563082358295
934,158.33851623535156,154.65954500514317
935,158.33851623535156,154.96878443252035
936,162.39849853515625,155.24691306554206
937,166.4584503173828,155.09462899707535
938,166.4584503173828,156.92390633485326
939,174.578369140625,162.35535587253082
940,182.69830322265625,154.63133041086286
941,178.63833618164062,181.79740683818926
942,174.578369140625,193.22156146036252
943,174.578369140625,193.93285885623447
944,174.578369140625,165.8623271731865
945,174.578369140625,180.92574404138293
946,174.578369140625,183.90490623479775
947,174.578369140625,175.81675368303837
948,174.578369140625,169.4322207561197
949,174.578369140625,176.09235981922046
950,174.578369140625,172.74374526460832
951,174.578369140625,170.11114610921635
952,174.578369140625,165.85826315050042
953,174.578369140625,167.4835919475036
954,174.578369140625,169.7918634073851
955,178.63833618164062,171.849987264003
956,170.5184326171875,170.71000554410688
957,178.63833618164062,161.14679960892022
958,178.63833618164062,173.58686647680327
959,178.63833618164062,155.2734459952626
960,178.63833618164062,168.22651397967985
961,178.63833618164062,179.70214622254338
962,170.5184326171875,179.08376079359795
963,166.4584503173828,182.6533740991045
964,162.39849853515625,189.1898173912544
965,162.39849853515625,170.3610601479577
966,166.4584503173828,163.69195220720496
967,174.578369140625,164.0927956401843
968,166.4584503173828,157.3322705454471
969,170.5184326171875,167.1115236636578
970,170.5184326171875,171.25495828727634
971,170.5184326171875,163.86577092461738
972,166.4584503173828,157.21034986486484
973,166.4584503173828,160.86937166946507
974,166.4584503173828,163.50416633136564
975,162.39849853515625,163.7964956873364
976,162.39849853515625,162.37179881489283
977,154.27854919433588,162.84420641747067
978,158.33851623535156,161.02800869293532
979,154.27854919433588,157.27313200842906
980,150.21856689453125,158.4915914077804
981,150.21856689453125,159.47718697851013
982,146.15866088867188,157.04984432521712
983,150.21856689453125,145.33368733740417
984,150.21856689453125,147.72342610262484
985,150.21856689453125,142.7505571478116
986,146.15866088867188,144.8531984023586
987,150.21856689453125,146.86596402876756
988,150.21856689453125,148.27884253638837
989,150.21856689453125,147.10270502845754
990,150.21856689453125,145.66983339773742
991,150.21856689453125,145.9799603702989
992,150.21856689453125,148.61031730627786
993,150.21856689453125,148.1755135917723
994,146.15866088867188,148.18494959846873
995,146.15866088867188,146.6265603935247
996,146.15866088867188,147.88309080999272
997,146.15866088867188,146.63819190672967
998,146.15866088867188,144.14610516788605
999,146.15866088867188,144.05221222996641
1000,146.15866088867188,144.98142532503994
1001,146.15866088867188,144.1425549871488
1002,146.15866088867188,144.78621209739504
1003,158.33851623535156,143.8321477371607
1004,154.27854919433588,143.92571368474927
1005,154.27854919433588,144.42259884925244
1006,150.21856689453125,154.53061738889528
1007,154.27854919433588,155.660415695624
1008,157.7451171875,147.63495186161998
1009,157.7451171875,149.66131094322031
1010,157.7451171875,147.64868545552463
1011,153.59391784667963,153.18215597649396
1012,153.59391784667963,153.91877176657113
1013,149.44277954101562,154.6631886116893
1014,149.44277954101562,153.1723929794665
1015,149.44277954101562,152.21552584496595
1016,153.59391784667963,149.29148487878751
1017,157.7451171875,147.4822940899178
1018,157.7451171875,148.47513016083536
1019,153.59391784667963,150.3175805376647
1020,153.59391784667963,150.77475973339585
1021,153.59391784667963,148.88568987793775
1022,153.59391784667963,151.0404160209327
1023,153.59391784667963,150.2837603948518
1024,149.44277954101562,148.00916893906992
1025,149.44277954101562,148.99999635509664
1026,153.59391784667963,148.8336049894898
1027,153.59391784667963,146.85554705107796
1028,145.2915802001953,148.56024107272071
1029,149.44277954101562,149.37108366794922
1030,149.44277954101562,148.07414658914263
1031,149.44277954101562,146.38304602269125
1032,145.2915802001953,146.76043957764296
1033,149.44277954101562,144.97325056676334
1034,149.44277954101562,144.75150440939785
1035,153.59391784667963,142.77106411285973
1036,153.59391784667963,144.67648348487103
1037,149.44277954101562,145.55837640774922
1038,149.44277954101562,147.27395453612593
1039,149.44277954101562,149.64122439431213
1040,149.44277954101562,148.90021759121782
1041,149.44277954101562,147.35850489315806
1042,157.7451171875,148.2067645248411
1043,153.59391784667963,147.3365031151679
1044,153.59391784667963,146.36725706099134
1045,149.44277954101562,145.65012055206472
1046,153.59391784667963,150.09457313187937
1047,149.44277954101562,145.99448808357897
1048,149.44277954101562,150.53376785940208
1049,149.44277954101562,149.77463644938598
1050,149.44277954101562,146.95149535679286
1051,149.44277954101562,146.93346417567994
1052,149.44277954101562,147.06327933711214
1053,149.44277954101562,143.93865315927854
1054,149.44277954101562,146.214692715098
1055,149.44277954101562,146.14055933575548
1056,145.2915802001953,147.39624891994362
1057,145.2915802001953,147.21831946694067
1058,141.14039611816406,146.7666056810287
1059,136.9892120361328,146.0070538548727
1060,136.9892120361328,147.09784688639598
1061,136.9892120361328,138.99250398580364
1062,128.68682861328125,136.0554301192871
1063,136.9892120361328,135.32498043259574
1064,128.68682861328125,130.28330336954588
1065,120.38447570800781,132.23183875235304
1066,128.68682861328125,140.54598833578171
1067,124.53564453125,131.95305613866924
1068,112.08206939697266,129.52034150136592
1069,116.23326873779297,131.3208904029147
1070,116.23326873779297,130.41718255366413
1071,116.23326873779297,122.51854425520833
1072,116.23326873779297,118.14135825778385
1073,120.38447570800781,115.04588093231928
1074,124.53564453125,115.22964949837694
1075,124.53564453125,118.70452903368403
1076,124.53564453125,120.17617237508739
1077,124.53564453125,121.6631375491462
1078,124.53564453125,124.1542433169966
1079,116.23326873779297,123.64432525215534
1080,120.38447570800781,124.6366007682197
1081,116.23326873779297,122.54563773978214
1082,116.23326873779297,124.06567565018281
1083,116.23326873779297,121.1933925821213
1084,112.08206939697266,117.83814479507907
1085,107.9308853149414,118.0124773544403
1086,107.9308853149414,117.80077447152894
1087,103.7796859741211,111.21532934262405
1088,103.7796859741211,107.09104700982493
1089,99.62850189208984,110.35539148483156
1090,103.7796859741211,107.08945877107408
1091,107.9308853149414,105.59259046127431
1092,107.9308853149414,112.90400083804468
1093,112.08206939697266,107.88068194643881
1094,112.08206939697266,105.03343699515585
1095,112.08206939697266,123.3693730966354
1096,112.08206939697266,117.89798402566373
1097,112.08206939697266,121.6582794070847
1098,107.9308853149414,114.12778550850192
1099,112.08206939697266,112.7533984341377
1100,107.9308853149414,110.13471972426817
1101,116.23326873779297,111.19748501312881
1102,112.08206939697266,110.38089673065451
1103,112.08206939697266,120.27436290021524
1104,112.08206939697266,119.83231868552184
1105,112.08206939697266,119.18641935586265
1106,112.08206939697266,110.67729010931134
1107,112.08206939697266,110.93131488364315
1108,112.08206939697266,113.57227564892946
1109,112.08206939697266,113.619829385647
1110,112.08206939697266,112.73265790456742
1111,112.08206939697266,113.42382203862667
1112,112.08206939697266,112.30976598069344
1113,112.08206939697266,113.58670993640078
1114,112.08206939697266,113.0352640995144
1115,112.08206939697266,113.50968035698304
1116,107.9308853149414,113.17512253540076
1117,107.9308853149414,114.18804515522652
1118,107.9308853149414,112.56631325186493
1119,103.7796859741211,111.22541932998251
1120,99.62850189208984,112.15126909593653
1121,103.7796859741211,108.03338643104541
1122,107.9308853149414,105.13858774304492
1123,103.7796859741211,104.35030748065981
1124,107.9308853149414,106.34840525507536
1125,107.9308853149414,105.85058583248349
1126,107.9308853149414,108.16703205064152
1127,107.9308853149414,106.21602088389909
1128,107.9308853149414,109.56458872560677
1129,120.38447570800781,109.68632255457123
1130,128.68682861328125,110.13654152754123
1131,124.53564453125,119.5675499431693
1132,120.38447570800781,99.9401421727024
1133,124.53564453125,131.46859660674647
1134,120.38447570800781,107.4596118258379
1135,116.23326873779297,121.29812291387054
1136,120.38447570800781,123.24343510627159
1137,124.53564453125,123.21573435393998
1138,128.68682861328125,122.66129889116974
1139,124.53564453125,121.47581880235134
1140,128.68682861328125,132.69354909981467
1141,124.53564453125,133.62902172408286
1142,124.53564453125,127.94359412497784
1143,120.38447570800781,122.86833048363735
1144,120.38447570800781,120.90764974567628
1145,120.38447570800781,124.06492824371185
1146,120.38447570800781,123.70210911494473
1147,120.38447570800781,122.08948622794856
1148,120.38447570800781,121.97443234431864
1149,120.38447570800781,122.1479240714001
1150,124.53564453125,119.59095310829264
1151,124.53564453125,119.90140707118519
1152,120.38447570800781,120.0419194877336
1153,120.38447570800781,121.35632719279988
1154,120.38447570800781,122.95073204706534
1155,124.53564453125,121.12379035450931
1156,124.53564453125,121.3116696561575
1157,120.38447570800781,120.95207371779657
1158,124.53564453125,124.27518302658564
1159,128.68682861328125,123.86994858058915
1160,128.68682861328125,123.14926189092523
1161,136.9892120361328,128.20499953821087
1162,132.8380126953125,125.07598234736008
1163,136.9892120361328,141.77117439337212
1164,132.8380126953125,144.74552515762986
1165,132.8380126953125,136.15296666375286
1166,128.68682861328125,135.28859108003883
1167,128.68682861328125,135.30129699004584
1168,128.68682861328125,130.82372496098492
1169,124.53564453125,127.85684826143716
1170,128.68682861328125,126.11142058712483
1171,128.68682861328125,126.33550238971213
1172,128.68682861328125,125.91405856587579
1173,128.68682861328125,126.03789447553999
1174,124.53564453125,128.61303675847364
1175,124.53564453125,128.40862108865457
1176,128.68682861328125,128.58897961268826
1177,128.68682861328125,126.56850635704711
1178,128.68682861328125,123.87817005177021
1179,124.53564453125,127.29465845653016
1180,128.68682861328125,126.64492866870705
1181,124.53564453125,125.54885707898234
1182,128.68682861328125,127.50388555550637
1183,128.68682861328125,125.40021661706174
1184,128.68682861328125,123.34218618625277
1185,124.53564453125,127.90248676907271
1186,128.68682861328125,127.98899906809123
1187,132.8380126953125,128.91326059529433
1188,132.8380126953125,133.40423922792894
1189,132.8380126953125,125.64765487186793
1190,132.8380126953125,142.87878407049294
1191,128.68682861328125,117.46364744020252
1192,128.68682861328125,128.6429797302182
1193,132.8380126953125,127.30474844388874
1194,128.68682861328125,128.8145095153132
1195,128.68682861328125,129.3288185931716
1196,128.68682861328125,130.45385218364765
1197,128.68682861328125,130.28419091473017
1198,132.8380126953125,127.92266674378982
1199,141.14039611816406,129.32059712199055
1200,136.9892120361328,136.7879351737737
1201,132.8380126953125,127.84610429341649
1202,132.8380126953125,146.08501769237915
1203,132.8380126953125,135.06296775160502
1204,132.8380126953125,131.79904369273834
1205,132.8380126953125,128.33224548989904
1206,132.8380126953125,130.245746194378
1207,136.9892120361328,132.19409472556748
1208,132.8380126953125,133.32174423869208
1209,132.8380126953125,133.19973013230094
1210,132.8380126953125,133.97764012990092
1211,132.8380126953125,130.87099842027578
1212,132.8380126953125,132.77034511471015
1213,136.9892120361328,133.27442406649675
1214,128.68682861328125,132.98022619434846
1215,132.8380126953125,133.02745294073492
1216,136.9892120361328,128.89420173028378
1217,136.9892120361328,130.367853726578
1218,136.9892120361328,130.81050520902903
1219,128.68682861328125,129.31760749610658
1220,128.68682861328125,135.8273310069181
1221,132.8380126953125,130.65803428894458
1222,132.8380126953125,135.10930695280717
1223,132.8380126953125,128.02735036263454
1224,132.8380126953125,127.88398845891544
1225,132.8380126953125,133.09556035540498
1226,132.8380126953125,129.44106970253523
1227,132.8380126953125,132.72858377814293
1228,132.8380126953125,132.31970572560027
1229,132.8380126953125,131.76031869495955
1230,132.8380126953125,130.90416458242652
1231,136.9892120361328,132.79715832185735
1232,132.8380126953125,131.71080301625562
1233,136.9892120361328,132.50875284985938
1234,132.8380126953125,133.88640982753424
1235,136.9892120361328,132.0231254953257
1236,136.9892120361328,134.35157692992425
1237,141.14039611816406,134.03920773794977
1238,132.8380126953125,133.7916760573347
1239,141.14039611816406,143.12024307353107
1240,141.14039611816406,140.05354089720015
1241,136.9892120361328,136.5136369989159
1242,136.9892120361328,137.34863016573865
1243,145.2915802001953,136.4179689706276
1244,141.14039611816406,132.37403283346123
1245,141.14039611816406,144.8752001803487
1246,141.14039611816406,136.61238807889703
1247,136.9892120361328,138.38603034748974
1248,136.9892120361328,141.60702524717823
1249,132.8380126953125,140.6992066623372
1250,132.8380126953125,133.61042998811666
1251,136.9892120361328,138.8372302914529
1252,132.8380126953125,137.0051501794087
1253,132.8380126953125,140.4388289330018
1254,124.53564453125,130.15003145318525
1255,128.68682861328125,127.59586326434408
1256,128.68682861328125,128.61233606490708
1257,128.68682861328125,131.56683384477884
1258,128.68682861328125,125.07696331835331
1259,128.68682861328125,125.80872096636892
1260,128.68682861328125,124.29470902064065
1261,128.68682861328125,128.71206811588144
1262,124.53564453125,129.40654886615584
1263,128.68682861328125,129.0139736172619
1264,128.68682861328125,126.43626212458412
1265,128.68682861328125,127.96900594499192
1266,128.68682861328125,127.23710815826303
1267,124.53564453125,128.3002471503592
1268,128.68682861328125,127.92822557941787
1269,128.68682861328125,127.49267445844134
1270,124.53564453125,126.51006851359563
1271,126.9502563476563,126.51445952661277
1272,126.9502563476563,124.5883463379356
1273,126.9502563476563,124.57157640524247
1274,126.9502563476563,126.11076660646268
1275,126.9502563476563,123.3283124536348
1276,126.9502563476563,125.94722472802653
1277,126.9502563476563,127.66056063699023
1278,126.9502563476563,127.51042536212765
1279,126.9502563476563,127.4200358920408
1280,126.9502563476563,127.24065833900028
1281,122.71854400634766,127.28466189498056
1282,126.9502563476563,127.6493962528296
1283,126.9502563476563,126.54529004354157
1284,126.9502563476563,125.96114517354891
1285,126.9502563476563,123.98645056425664
1286,126.9502563476563,127.01559556541974
1287,126.9502563476563,125.34873899637148
1288,122.71854400634766,127.04427728874447
1289,118.48688507080078,126.10614202892333
1290,126.9502563476563,125.22714530612029
1291,122.71854400634766,123.05009039480422
1292,122.71854400634766,122.48631235114635
1293,122.71854400634766,122.66639059775343
1294,122.71854400634766,124.06362028238766
1295,118.48688507080078,123.47419685419345
1296,118.48688507080078,123.32462213418421
1297,118.48688507080078,120.36124890246924
1298,114.25523376464844,117.91914497137395
1299,118.48688507080078,116.610856656789
1300,114.25523376464844,118.00448944778157
1301,118.48688507080078,117.9889340506038
1302,118.48688507080078,118.43032428463505
1303,118.48688507080078,117.92395640053098
1304,114.25523376464844,118.16083753893429
1305,118.48688507080078,119.69689797555714
1306,118.48688507080078,118.60082638583242
1307,118.48688507080078,117.66423265185779
1308,118.48688507080078,117.28300863874222
1309,114.25523376464844,118.98770266038491
1310,118.48688507080078,118.10842566015526
1311,118.48688507080078,118.20101063675065
1312,114.25523376464844,117.43403145878904
1313,110.02352905273438,118.18760403317708
1314,114.25523376464844,117.94236128487944
1315,114.25523376464844,116.47417469840445
1316,114.25523376464844,114.6994580330097
1317,114.25523376464844,114.38825666364619
1318,114.25523376464844,115.29014270962364
1319,114.25523376464844,116.25625899920294
1320,114.25523376464844,116.46585980141458
1321,114.25523376464844,116.33987509814631
1322,118.48688507080078,115.94986905899646
1323,118.48688507080078,116.37332153772365
1324,118.48688507080078,115.61278874057439
1325,118.48688507080078,117.8770566444756
1326,118.48688507080078,119.02778233239246
1327,118.48688507080078,119.59567111164085
1328,118.48688507080078,119.70040144338998
1329,118.48688507080078,120.29412245879234
1330,114.25523376464844,120.27272794855992
1331,114.25523376464844,120.14384704521649
1332,114.25523376464844,119.06314400105168
1333,118.48688507080078,117.40805908392178
1334,114.25523376464844,116.14391446403033
1335,118.48688507080078,114.03870399973937
1336,118.48688507080078,116.14783834800312
1337,114.25523376464844,116.79462522284666
1338,118.48688507080078,113.88160850211557
1339,118.48688507080078,116.80223942627003
1340,118.48688507080078,116.42414517775183
1341,118.48688507080078,118.50884867699472
1342,118.48688507080078,118.94042920109405
1343,118.48688507080078,119.07290699807925
1344,118.48688507080078,119.79714386848036
1345,118.48688507080078,118.36590718941557
1346,118.48688507080078,119.51892180964978
1347,118.48688507080078,117.35508665028942
1348,118.48688507080078,121.57251451453726
1349,118.48688507080078,119.60431299896175
1350,118.48688507080078,115.29093682899907
1351,118.48688507080078,117.24615215714095
1352,110.02352905273438,118.58807376292089
1353,118.48688507080078,119.26779323539301
1354,114.25523376464844,117.79334711972342
1355,114.25523376464844,120.76961311306309
1356,118.48688507080078,119.48813800562539
1357,114.25523376464844,112.39613814099869
1358,118.48688507080078,116.19044051685023
1359,114.25523376464844,116.52733398365456
1360,118.48688507080078,117.60612179873738
1361,114.25523376464844,116.96283839172668
1362,114.25523376464844,115.1654192547752
1363,114.25523376464844,118.05839613950252
1364,114.25523376464844,116.82480175911337
1365,114.25523376464844,116.29554455183495
1366,114.25523376464844,115.03345529973888
1367,114.25523376464844,115.98976187938615
1368,114.25523376464844,114.87948956671244
1369,114.25523376464844,116.4832370018654
1370,118.48688507080078,116.4832370018654
1371,118.48688507080078,116.39443577052941
1372,131.18188476562494,116.21781427885071
1373,126.9502563476563,118.52505805483452
1374,126.9502563476563,131.617657484807
1375,126.9502563476563,124.72390718661364
1376,131.18188476562494,123.07723059228249
1377,131.18188476562494,125.70562558627506
1378,131.18188476562494,126.55921048906401
1379,126.9502563476563,128.62293989421443
1380,122.71854400634766,127.37948909098895
1381,126.9502563476563,128.24909652000002
1382,131.18188476562494,124.66360082698463
1383,131.18188476562494,122.91868699462111
1384,131.18188476562494,126.94052792798846
1385,131.18188476562494,128.25815882346092
1386,131.18188476562494,129.34241204836292
1387,126.9502563476563,131.30818449290763
1388,131.18188476562494,128.05009954709567
1389,131.18188476562494,135.6334257405975
1390,126.9502563476563,133.95409682606436
1391,126.9502563476563,123.51184745517025
1392,126.9502563476563,128.48238076476156
1393,131.18188476562494,122.7790154103526
1394,126.9502563476563,130.89818533065846
1395,131.18188476562494,125.40194499452593
1396,131.18188476562494,129.61339360700566
1397,126.9502563476563,131.06990196737127
1398,131.18188476562494,128.44566442187357
1399,126.9502563476563,130.1670349504006
1400,139.64526367187506,127.93574635703231
1401,135.4136199951172,130.81298099296424
1402,135.4136199951172,137.2361922047573
1403,139.64526367187506,138.17124441288547
1404,135.4136199951172,142.2477394444449
1405,131.18188476562494,131.82917351610064
1406,135.4136199951172,133.08659147775296
1407,139.64526367187506,137.42276354508118
1408,139.64526367187506,131.43472975102918
1409,135.4136199951172,134.4936308723191
1410,135.4136199951172,133.99291524965201
1411,139.64526367187506,137.4976910437992
1412,139.64526367187506,134.9314709256131
1413,132.87457275390625,134.06765589675229
1414,138.79891967773438,135.3338558844389
1415,132.02822875976562,136.57674613281114
1416,143.87693786621094,139.935263823164
1417,143.87693786621094,128.8714992587271
1418,143.0305938720703,136.6388742957132
1419,136.25991821289062,162.3435842206125
1420,136.25991821289062,143.0653554108169
1421,130.33554077148438,141.91383560352466
1422,136.25991821289062,138.63337517648705
1423,138.79891967773438,131.18369460258134
1424,138.79891967773438,131.8713085559034
1425,137.10626220703125,133.52625333432002
1426,137.10626220703125,131.4002556275542
1427,139.64526367187506,136.60299878510511
1428,139.64526367187506,132.757732630512
1429,138.79891967773438,135.21581237492495
1430,138.79891967773438,137.84518833991075
1431,137.95257568359375,136.91158423182014
1432,137.95257568359375,137.63040240530648
1433,135.4136199951172,136.7975113191834
1434,135.4136199951172,133.386955453287
1435,138.79891967773438,135.4511519874818
1436,135.4136199951172,135.97970850119367
1437,135.4136199951172,134.65240803450263
1438,139.64526367187506,136.31104313236983
1439,139.64526367187506,134.35919113334757
1440,139.64526367187506,133.52849555373302
1441,142.18423461914068,138.27078961224208
1442,137.10626220703125,138.33431916227727
1443,139.64526367187506,134.29496088974582
1444,139.64526367187506,139.2688575284567
1445,141.3379364013672,139.0251095931011
1446,139.64526367187506,138.52201161230772
1447,139.64526367187506,138.21548153338796
1448,142.18423461914068,138.95578764291565
1449,142.18423461914068,138.19128424888925
1450,143.0305938720703,136.75640396327827
1451,143.87693786621094,138.54443380643778
1452,142.18423461914068,139.53937195805503
1453,140.49156188964844,137.30243110324983
1454,136.25991821289062,141.80756374592903
1455,137.95257568359375,140.03728480645583
1456,137.95257568359375,140.20255506235617
1457,137.10626220703125,137.2161056558491
1458,137.95257568359375,136.00871721484947
1459,138.79891967773438,135.52276286998472
1460,139.64526367187506,137.67505994194892
1461,138.79891967773438,137.50824816020207
1462,141.3379364013672,134.86803480138678
1463,142.18423461914068,137.54132089654394
1464,140.49156188964844,139.00198670540448
1465,140.49156188964844,140.66781559055505
1466,141.3379364013672,140.47115426287263
1467,141.3379364013672,140.35483913082288
1468,143.87693786621094,140.09450811439194
1469,143.87693786621094,140.4080451289774
1470,143.87693786621094,149.40822042697715
1471,140.49156188964844,137.76269335067389
1472,141.3379364013672,132.29097728937114
1473,142.18423461914068,136.25363297281598
1474,142.18423461914068,137.15743424787541
1475,139.64526367187506,141.49019627317972
1476,141.3379364013672,140.47068713382822
1477,144.7232666015625,140.96874012094236
1478,143.87693786621094,140.26071262838104
1479,142.18423461914068,140.19012942977577
1480,142.18423461914068,137.91950857087107
1481,141.3379364013672,143.12981921894078
1482,140.49156188964844,135.985827891675
1483,143.87693786621094,141.2603220704421
1484,141.3379364013672,140.759279457444
1485,140.49156188964844,141.12195844749778
1486,141.3379364013672,142.09452111788943
1487,142.18423461914068,141.8164859106766
1488,143.0305938720703,140.26968150603307
1489,143.0305938720703,139.58393606888853
1490,143.87693786621094,140.75582270251556
1491,142.18423461914068,142.0339344808338
1492,143.0305938720703,141.3410419693103
1493,143.0305938720703,143.09945583105633
1494,143.87693786621094,140.23133021148976
1495,145.56961059570318,140.21806374662947
1496,146.41592407226562,139.56464363935578
1497,143.87693786621094,141.24471996035993
1498,144.7232666015625,144.21822989233777
1499,145.56961059570318,147.31258610809584
1500,144.7232666015625,145.18084271408418
1501,143.87693786621094,138.75006401177228
1502,145.56961059570318,141.83428352726736
1503,146.41592407226562,144.15614844234017
1504,146.41592407226562,143.56850010451467
1505,147.2622833251953,142.556651881491
1506,149.80128479003906,143.13533134166443
1507,152.34030151367188,142.8444967986357
1508,156.57197570800787,129.6474006014363
1509,156.57197570800787,146.6613147944263
1510,154.8792724609375,168.17522321060727
1511,156.57197570800787,185.72488770459256
1512,163.3426055908203,141.88155698655822
1513,167.57431030273438,155.7197410842598
1514,164.18893432617188,132.70765639695486
1515,162.49627685546875,155.8793123658188
1516,166.7279815673828,132.43293780595712
1517,167.57431030273438,153.053321786055
1518,162.49627685546875,161.0587924969597
1519,165.8816375732422,162.6599240094642
1520,166.7279815673828,168.28798816191977
1521,162.49627685546875,161.3578952240739
1522,183.65466308593744,160.70456854260908
1523,203.120361328125,159.41192905101076
1524,203.120361328125,158.1144314173509
1525,203.120361328125,164.14002238657076
1526,198.888671875,163.2779824480786
1527,194.65699768066406,162.58737886887252
1528,200.9594268798828,205.58772851342525
1529,230.88961791992188,199.17881145039013
1530,239.4410552978515,201.12337623632015
1531,252.26829528808594,273.8122757913795
1532,299.3013000488281,254.02025174567427
1533,312.12847900390625,267.7645429054562
1534,307.852783203125,207.72447018821168
1535,307.852783203125,332.75573972049824
1536,303.5770263671875,328.05730907925613
1537,290.74981689453125,288.54260629448333
1538,295.0256652832031,279.9936542968989
1539,295.0256652832031,329.48244972429177
1540,286.4740905761719,302.41972559803366
1541,290.74981689453125,310.0547863332001
1542,282.1983947753906,304.9485286797652
1543,286.4740905761719,296.346440753383
1544,286.4740905761719,280.4140237239332
1545,286.4740905761719,276.46528848601076
1546,290.74981689453125,278.92149971424624
1547,286.4740905761719,282.3512545838665
1548,282.1983947753906,284.01453761572526
1549,277.92266845703125,293.5414709806161
1550,282.1983947753906,296.15753376783715
1551,282.1983947753906,281.2994434710964
1552,282.1983947753906,282.1727879324625
1553,316.404296875,287.32073685310803
1554,312.12847900390625,290.8198837422704
1555,312.12847900390625,347.8852086355694
1556,312.12847900390625,341.46540746580035
1557,316.404296875,318.6632272145859
1558,320.6799621582031,357.87693539961475
1559,303.5770263671875,268.8032043356271
1560,299.3013000488281,291.83593612669347
1561,295.0256652832031,310.10269041670097
1562,277.92266845703125,320.54192680525887
1563,273.6469421386719,296.095826021075
1564,282.1983947753906,260.24568052007834
1565,282.1983947753906,241.07977288900304
1566,277.92266845703125,252.55697001416524
1567,273.6469421386719,269.7467582923629
1568,273.6469421386719,266.26636663433226
1569,256.5440368652344,269.0272627817622
1570,200.9594268798828,264.1484736164864
1571,230.88961791992188,265.9624758345132
1572,222.33810424804693,239.76569217426783
1573,239.4410552978515,217.52147421010875
1574,256.5440368652344,219.14512134255216
1575,273.6469421386719,225.46803994851763
1576,273.6469421386719,237.9463646851351
1577,260.8197021484375,240.3982783261623
1578,269.3711853027344,266.22796862688455
1579,269.3711853027344,263.6584085360311
1580,282.1983947753906,257.84304899323286
1581,282.1983947753906,256.85876138382736
1582,286.4740905761719,264.5063645338354
1583,282.1983947753906,272.6155145361394
1584,286.4740905761719,283.61453501502575
1585,290.74981689453125,279.3191199568194
1586,286.4740905761719,278.7487553936358
1587,286.4740905761719,276.88827383569355
1588,282.1983947753906,280.8810593425007
1589,282.1983947753906,278.90475313800533
1590,286.4740905761719,275.18400023019075
1591,282.1983947753906,269.20862563324135
1592,286.4740905761719,271.02468321906343
1593,286.4740905761719,278.7894189769488
1594,286.4740905761719,278.07636984716044
1595,286.4740905761719,268.488102438743
1596,282.1983947753906,271.01232765583967
1597,286.4740905761719,298.93508306569913
1598,286.4740905761719,302.7744633943331
1599,277.92266845703125,286.950677224153
1600,282.1983947753906,289.9386915129588
1601,282.1983947753906,277.14668962304256
1602,277.92266845703125,268.62952575692793
1603,282.1983947753906,273.77595650817926
1604,282.1983947753906,265.3936294407239
1605,282.1983947753906,269.3243334975334
1606,282.1983947753906,287.88771473071984
1607,282.1983947753906,268.1019969271137
1608,290.74981689453125,278.9746122865918
1609,295.0256652832031,276.6295544144657
1610,286.4740905761719,272.46215607087066
1611,282.1983947753906,280.93533973745724
1612,277.92266845703125,276.3564007057666
1613,265.0954284667969,282.668855621138
1614,286.4740905761719,272.58218487882317
1615,273.6469421386719,263.5348529037936
1616,282.1983947753906,267.00625232772
1617,282.1983947753906,267.5451323933126
1618,282.1983947753906,267.04899463528045
1619,277.92266845703125,268.90648656733873
1620,277.92266845703125,267.97886171101607
1621,273.6469421386719,273.5598392557985
1622,277.92266845703125,271.5263798127237
1623,277.92266845703125,265.4353907772911
1624,277.92266845703125,273.5250614984447
1625,273.6469421386719,266.58887252656973
1626,273.6469421386719,265.34607570400635
1627,273.6469421386719,270.93770379100056
1628,269.3711853027344,266.9202071577459
1629,269.3711853027344,267.32539489083797
1630,265.0954284667969,261.11991252662875
1631,269.3711853027344,260.5035123961219
1632,265.0954284667969,257.71300026727846
1633,265.0954284667969,259.2214533773787
1634,260.8197021484375,258.3532473355007
1635,265.0954284667969,257.8689045858391
1636,247.99246215820312,252.49554254482973
1637,243.71676635742193,252.5792287131298
1638,252.26829528808594,251.30387299617337
1639,256.5440368652344,240.85064609273638
1640,256.5440368652344,238.19464377222113
1641,260.8197021484375,236.86094363762214
1642,260.8197021484375,245.53672117075473
1643,252.26829528808594,250.0598149251902
1644,252.26829528808594,249.88594949487333
1645,256.5440368652344,251.6037464862108
1646,277.92266845703125,249.58147478374877
1647,277.92266845703125,243.92986732745663
1648,277.92266845703125,239.28193333591162
1649,277.92266845703125,245.5175221670309
1650,277.92266845703125,249.021223564376
1651,277.92266845703125,261.99400439446583
1652,273.6469421386719,270.5544244100897
1653,269.3711853027344,278.973351038172
1654,269.3711853027344,265.87304397896736
1655,247.99246215820312,270.4093574853586
1656,256.5440368652344,270.7308123372462
1657,260.8197021484375,261.02531889514256
1658,260.8197021484375,256.05632711139765
1659,260.8197021484375,248.32669610119717
1660,260.8197021484375,244.97210229481703
1661,260.8197021484375,244.94720431675177
1662,265.0954284667969,251.30321901551127
1663,265.0954284667969,250.2294761941077
1664,260.8197021484375,251.34754956182258
1665,252.26829528808594,252.96143369723853
1666,252.26829528808594,255.89750323630966
1667,243.71676635742193,257.5759913185629
1668,239.4410552978515,238.6833074655433
1669,239.4410552978515,233.04837651613542
1670,230.88961791992188,232.2754180864058
1671,222.33810424804693,233.11087838227297
1672,209.51087951660156,230.36873746597468
1673,218.06240844726562,224.90323422096213
1674,222.33810424804693,215.1766265460526
1675,239.4410552978515,206.82524677778719
1676,260.8197021484375,212.27346624815783
1677,256.5440368652344,220.0753621215233
1678,256.5440368652344,228.97589879435765
1679,260.8197021484375,241.25148952571578
1680,247.99246215820312,241.49902120633084
1681,247.99246215820312,246.47915401778414
1682,247.99246215820312,244.52994129786254
1683,243.71676635742193,241.7889214912708
1684,239.4410552978515,237.15004980318668
1685,235.1653289794922,237.2895812487419
1686,239.4410552978515,231.24002655954553
1687,226.61386108398438,236.56898798488692
1688,230.88961791992188,230.76467604398812
1689,230.88961791992188,232.15204930578597
1690,230.88961791992188,215.9544431178437
1691,218.06240844726562,210.202543055724
1692,222.33810424804693,218.30755896598532
1693,218.06240844726562,223.7404566037004
1694,226.61386108398438,217.87948190971883
1695,226.61386108398438,213.72904035043462
1696,222.33810424804693,209.56168871974404
1697,222.33810424804693,215.16639641998074
1698,218.06240844726562,218.15980604924908
1699,213.7866668701172,217.48064713163023
1700,218.06240844726562,214.03921403590056
1701,218.06240844726562,212.21582252408177
1702,209.51087951660156,211.03725594512014
1703,200.9594268798828,208.70674914272638
1704,200.9594268798828,207.33086725542017
1705,200.9594268798828,204.873301352956
1706,188.13223266601562,195.8606069965669
1707,158.2021484375,194.3768650129142
1708,153.92639160156256,190.55771137190175
1709,148.79550170898438,185.68172498089217
1710,146.23008728027338,168.70088352424403
1711,153.07124328613287,157.5263626633855
1712,153.92639160156256,152.6301495847544
1713,153.07124328613287,147.2715721779996
1714,153.07124328613287,145.65792160710578
1715,153.07124328613287,149.1837649211543
1716,153.07124328613287,150.7237959546544
1717,158.2021484375,149.21095183153705
1718,147.08523559570307,151.3261121444733
1719,141.09919738769537,150.03001589794656
1720,142.80947875976562,134.54655659304694
1721,142.80947875976562,134.26025320174864
1722,140.24403381347656,120.08153203069674
1723,132.54771423339844,137.4965699340927
1724,132.54771423339844,140.8007605165846
1725,141.09919738769537,139.04832590660658
1726,140.24403381347656,135.66215417682662
1727,140.24403381347656,143.557756136494
1728,136.823471069336,135.66467667366624
1729,139.38888549804688,139.78335345793283
1730,140.24403381347656,135.79126864469225
1731,140.24403381347656,136.87799765352946
1732,140.24403381347656,137.74274694047904
1733,141.09919738769537,139.2217242078791
1734,137.67860412597656,138.0444188773373
1735,136.823471069336,136.6321943503786
1736,139.38888549804688,138.57106016196724
1737,139.38888549804688,137.90021614133832
1738,130.83746337890625,136.83707714924208
1739,131.6925811767578,137.04616410950496
1740,131.6925811767578,139.30085586799646
1741,130.83746337890625,133.50602664669856
1742,130.83746337890625,138.46983329805084
1743,137.67860412597656,130.9166836408158
1744,133.40286254882812,128.85701825835145
1745,136.823471069336,142.05817847823693
1746,136.823471069336,140.89554099968854
1747,137.67860412597656,140.27496006423456
1748,138.5337371826172,141.71418464995816
1749,135.96829223632812,142.64956384841747
1750,140.24403381347656,144.39158148070584
1751,141.09919738769537,145.61144226719034
1752,139.38888549804688,149.50748534890715
1753,140.24403381347656,141.34351775324552
1754,144.51974487304688,143.192601362505
1755,143.6646270751953,135.90973257034608
1756,141.95431518554688,153.40946096948755
1757,142.80947875976562,145.3147218982025
1758,141.09919738769537,140.66753531312844
1759,141.09919738769537,140.24861398613172
1760,141.95431518554688,137.2387147015969
1761,141.09919738769537,138.93112322937253
1762,138.5337371826172,138.8152752263672
1763,138.5337371826172,138.75277336022964
1764,138.5337371826172,137.96005537192292
1765,137.67860412597656,139.7205246014642
1766,138.5337371826172,137.1041815368165
1767,136.823471069336,136.3963876087774
1768,138.5337371826172,136.34079925249665
1769,137.5059356689453,137.01388549253858
1770,139.24655151367188,138.4989354375155
1771,137.5059356689453,136.8533332399864
1772,136.63563537597656,135.35842687217308
1773,136.63563537597656,135.09949724287526
1774,134.89506530761724,134.79170591553566
1775,134.89506530761724,135.1574679572824
1776,134.89506530761724,132.54631002502725
1777,130.5436248779297,135.33091297145933
1778,131.41392517089838,134.03962815408966
1779,131.41392517089838,131.0904556453238
1780,129.67330932617182,129.46251092567212
1781,131.41392517089838,129.6160562425586
1782,128.80300903320312,128.33476798673865
1783,129.67330932617182,128.16136968546613
1784,130.5436248779297,130.0474499150402
1785,129.67330932617182,127.35986967112513
1786,129.67330932617182,129.30032372146462
1787,128.80300903320312,130.0294187339273
1788,126.19212341308594,129.06274188949482
1789,126.19212341308594,128.94577277678297
1790,126.19212341308594,129.5796201770973
1791,124.45155334472656,127.43731966668275
1792,125.32183837890625,125.87692180684786
1793,126.19212341308594,126.49745602939743
1794,126.19212341308594,124.90193006542546
1795,127.93273162841797,125.18977498257021
1796,127.93273162841797,125.8804252746807
1797,127.06245422363281,125.07243216662283
1798,127.06245422363281,127.277561533506
1799,127.06245422363281,126.80590133739918
1800,126.19212341308594,126.70724368322686
1801,127.06245422363281,127.34174506420334
1802,124.45155334472656,125.15983201082565
1803,126.19212341308594,126.15855390770236
1804,124.45155334472656,125.82810682171055
1805,123.58126831054688,122.02861931346638
1806,125.32183837890625,125.18141337267588
1807,121.84070587158203,125.11891150653832
1808,122.71101379394531,123.8901285553062
1809,125.32183837890625,123.55781295313682
1810,124.45155334472656,125.33234276691388
1811,121.84070587158203,123.32733148264151
1812,123.58126831054688,124.20081608272096
1813,125.32183837890625,123.1401995874644
1814,122.71101379394531,122.79868154312078
1815,122.71101379394531,123.69253296953502
1816,120.97041320800781,122.45300605028228
1817,121.84070587158203,124.93285400816319
1818,124.45155334472656,121.8327988180638
1819,121.84070587158203,123.19793673734932
1820,121.84070587158203,122.80498778521985
1821,123.58126831054688,123.95786226674079
1822,122.71101379394531,124.41420063019211
1823,119.22982788085938,123.2456773256846
1824,117.4892578125,123.55533716920172
1825,121.84070587158203,123.99186926117136
1826,115.74867248535156,122.1539500360725
1827,113.1377944946289,120.56968188206997
1828,113.1377944946289,120.36302399283784
1829,115.74867248535156,118.84569543089447
1830,104.43489074707031,115.44508941364336
1831,94.86167907714844,113.35889110145843
1832,103.56460571289062,115.6150309599874
1833,102.6943130493164,109.25880605315797
1834,103.56460571289062,101.84724320927342
1835,100.08341979980469,101.3173787342372
1836,101.82402038574219,102.05268656299006
1837,102.6943130493164,104.46807071274714
1838,102.6943130493164,105.24626098777367
1839,101.82402038574219,104.87311830712588
1840,87.02906799316406,104.56784947662584
1841,91.38052368164062,104.7682011237589
1842,72.23412322998047,101.90675544952694
1843,72.23412322998047,97.42904328175268
1844,72.23412322998047,91.39009242186364
1845,78.326171875,84.67053454431823
1846,86.15877532958984,77.47656040930417
1847,83.54789733886719,80.0810383962247
1848,86.15877532958984,83.49547143318944
1849,85.28849029541016,90.23049128210369
1850,86.15877532958984,90.8798006537869
1851,84.4181900024414,85.87040220770336
1852,78.326171875,88.29723101904756
1853,82.67762756347656,90.24623353089919
1854,74.84500122070312,90.04765697413484
1855,67.88267517089844,87.5477224673457
1856,73.10441589355469,86.48990874635535
1857,67.88267517089844,84.21134669369621
1858,70.49354553222656,76.08218021184064
1859,69.62327575683594,75.66736962043444
1860,72.23412322998047,76.33092642797101
1861,73.10441589355469,78.2912334626966
1862,69.62327575683594,77.60628214492749
1863,69.62327575683594,78.44809539579819
1864,69.62327575683594,77.29755655949907
1865,68.75296783447266,79.14570591066979
1866,71.36383819580078,75.59972933480867
1867,71.36383819580078,75.06785620488176
1868,72.23412322998047,76.93768034371158
1869,69.62327575683594,77.20599926680131
1870,68.75296783447266,77.08538654754341
1871,66.14208984375,76.36960471284544
1872,68.75296783447266,77.45596001844717
1873,68.75296783447266,76.7082265571139
1874,63.531227111816406,74.26075064200825
1875,61.79063415527344,74.91678667193048
1876,60.920352935791016,74.96107050533726
1877,60.920352935791016,74.60899534459088
1878,60.0500602722168,71.50436228985654
1879,62.660919189453125,68.86727869563845
1880,62.660919189453125,70.30332680386039
1881,60.0500602722168,69.52135278357434
1882,60.920352935791016,68.61993386664119
1883,60.920352935791016,67.5317567577664
1884,58.309471130371094,68.52412569963963
1885,60.920352935791016,68.5377658677354
1886,61.79063415527344,67.3930194315866
1887,63.531227111816406,67.4852307049465
1888,60.920352935791016,67.59874306273002
1889,61.79063415527344,69.42979549087659
1890,61.79063415527344,69.97530878889927
1891,60.920352935791016,69.61856233770902
1892,66.14208984375,69.9740942533839
1893,71.36383819580078,70.31224896860795
1894,67.01237487792969,70.76513057713089
1895,66.14208984375,73.0786338823093
1896,68.75296783447266,75.43847638868999
1897,66.14208984375,73.15094545837883
1898,66.14208984375,71.5039418737166
1899,66.14208984375,74.71153016983146
1900,68.75296783447266,74.015648032424
1901,65.27181243896484,74.09291117636383
1902,66.14208984375,74.51762490351086
1903,70.49354553222656,75.20906931499678
1904,69.62327575683594,74.04521730093302
1905,68.75296783447266,77.7233446834482
1906,66.14208984375,83.53428985677715
1907,64.40150451660156,76.11357128362272
1908,67.01237487792969,74.74086587381828
1909,63.531227111816406,71.5834939499739
1910,65.27181243896484,71.79944770718907
1911,63.531227111816406,73.01510433227418
1912,63.531227111816406,74.11084893166787
1913,64.40150451660156,70.9754787858136
1914,65.27181243896484,70.34728364693615
1915,64.40150451660156,68.26360783159089
1916,62.660919189453125,72.02133400326784
1917,64.40150451660156,72.43707885276285
1918,63.531227111816406,71.87806552535767
1919,63.531227111816406,71.48170653120428
1920,65.27181243896484,71.88315723194137
1921,65.27181243896484,71.83471595003948
1922,65.27181243896484,71.52673777108214
1923,65.27181243896484,74.55275300764788
1924,68.75296783447266,72.78401559402118
1925,65.27181243896484,71.65384358405697
1926,65.27181243896484,82.66841946012107
1927,67.01237487792969,75.9973495773819
1928,65.27181243896484,79.3619866582161
1929,65.27181243896484,77.22842146093137
1930,66.14208984375,72.39751302270417
1931,66.14208984375,73.1570181359557
1932,67.88267517089844,72.30319966864454
1933,67.01237487792969,74.45274067924697
1934,66.14208984375,72.79574053303497
1935,67.88267517089844,73.64731678093312
1936,66.14208984375,70.56973049786825
1937,66.14208984375,74.7803849909725
1938,65.27181243896484,74.31344279821394
1939,66.14208984375,73.89653012610802
1940,64.40150451660156,72.65672292942861
1941,66.14208984375,73.63035999662236
1942,65.27181243896484,72.61823149617203
1943,63.531227111816406,72.20454201447228
1944,65.27181243896484,72.34085026962134
1945,63.531227111816406,73.36292861871686
1946,65.27181243896484,73.36867430596271
1947,65.27181243896484,72.53363442623538
1948,65.27181243896484,73.37563452872382
1949,87.89935302734375,72.16703155220887
1950,118.35955047607422,72.70591161780146
1951,130.5436248779297,73.59583916024292
1952,100.08341979980469,97.33220743085349
1953,106.17546081542969,102.39836205582867
1954,105.30516052246094,105.15269504018511
1955,107.91604614257812,71.03162769694757
1956,103.56460571289062,118.94155031080061
1957,106.17546081542969,122.86337891576693
1958,109.6566390991211,110.93299654820294
1959,111.39722442626953,110.61749759163115
1960,108.7863540649414,119.70362463379615
1961,110.52690887451172,119.30329504276563
1962,113.1377944946289,125.74514470342928
1963,109.6566390991211,122.53494048466587
1964,109.6566390991211,122.87010557400595
1965,109.6566390991211,130.0082110753126
1966,109.6566390991211,114.5134939604435
1967,134.02474975585938,120.75522553849635
1968,122.71101379394531,125.0727124440495
1969,120.1001205444336,96.86152820573977
1970,118.35955047607422,128.1964043637944
1971,117.4892578125,43.668703090320946
1972,114.87837982177734,90.58560278163861
1973,114.00807189941406,116.69288451698151
1974,113.1377944946289,114.85379746927174
1975,120.97041320800781,115.70490658812548
1976,136.63563537597656,116.56068699742298
1977,134.89506530761724,125.09205158648666
1978,132.28417968750006,113.1790931322779
1979,132.28417968750006,120.44248264328633
1980,128.80300903320312,112.81912349068148
1981,129.67330932617182,105.2712056787434
1982,127.06245422363281,128.7865751984595
1983,130.5436248779297,137.53459423830492
1984,129.67330932617182,120.93656503352327
1985,128.80300903320312,133.66144047976258
1986,130.5436248779297,133.32772349046007
1987,127.93273162841797,128.33626279968064
1988,125.32183837890625,134.2516580273321
1989,124.45155334472656,139.55586161332155
1990,126.19212341308594,132.6238067334893
1991,126.19212341308594,127.94009065714505
1992,126.19212341308594,132.5531768219796
1993,127.06245422363281,132.72428619093466
1994,129.67330932617182,129.30728394422584
1995,126.19212341308594,122.07650004051493
1996,130.5436248779297,129.4380333637468
1997,127.06245422363281,127.00672011357659
1998,128.80300903320312,134.08624763271843
1999,127.06245422363281,131.57057087713383
2000,129.67330932617182,128.07756673490502
2001,129.67330932617182,125.11237169991705
2002,130.5436248779297,132.07329515469172
2003,132.28417968750006,132.20250304836622
2004,131.41392517089838,131.15239695660813
2005,132.28417968750006,135.99970162429298
2006,134.02474975585938,136.05701835803796
2007,133.1544952392578,124.40336323636257
2008,134.02474975585938,137.95739273636997
2009,147.0791015625,142.2740855225477
2010,140.98709106445312,143.57700185312234
2011,141.85736083984375,170.7314000543393
2012,135.76535034179682,229.60512161713262
2013,134.02474975585938,213.00536403488672
2014,134.89506530761724,176.906192040333
2015,130.5436248779297,144.9496138371179
2016,134.02474975585938,157.0676886547123
2017,136.63563537597656,164.679930136061
2018,137.95326232910156,155.76860278230157
2019,135.300308227539,148.53272717200696
2020,136.18463134765625,138.10972351774114
2021,136.18463134765625,130.2005748157868
2022,134.41600036621094,130.03852775029264
2023,135.300308227539,135.48240292055056
2024,129.11012268066406,133.48766847525457
2025,129.99444580078125,134.3271927938078
2026,129.99444580078125,129.99970932670493
2027,132.64735412597656,139.43524889406353
2028,129.99444580078125,130.53190944696297
2029,128.2257843017578,136.398583115286
2030,129.99444580078125,142.71225256617277
2031,134.41600036621094,132.0417639441963
2032,129.11012268066406,126.92039466617581
2033,127.34146118164068,132.2736935147292
2034,127.34146118164068,143.9890096702623
2035,129.11012268066406,138.4295200615212
2036,129.99444580078125,125.75649593920764
2037,130.87875366210932,123.42080400442126
2038,131.76307678222656,126.68122459545509
2039,134.41600036621094,132.84228298754414
2040,135.300308227539,134.81777171621184
2041,134.41600036621094,141.17539801017443
2042,134.41600036621094,150.83828928343104
2043,134.41600036621094,140.60162340496692
2044,135.300308227539,138.57035946840068
2045,132.64735412597656,133.33790690362747
2046,135.300308227539,133.08752573584172
2047,135.300308227539,132.62553511095348
2048,133.53170776367188,138.54368639996676
2049,135.300308227539,136.87463432440995
2050,134.41600036621094,140.8430824080051
2051,134.41600036621094,134.7969377608327
2052,133.53170776367188,132.08992494867152
2053,134.41600036621094,130.81643774789262
2054,132.64735412597656,133.73277108483882
2055,129.11012268066406,133.2026730452805
2056,130.87875366210932,130.57381092224352
2057,131.76307678222656,131.16127240845128
2058,131.76307678222656,128.72239166776217
2059,129.99444580078125,130.71876106471353
2060,131.76307678222656,127.92593664710046
2061,130.87875366210932,131.63933227246605
2062,131.76307678222656,130.06024925085615
2063,130.87875366210932,132.14121571774405
2064,129.11012268066406,129.1727974923499
2065,129.11012268066406,127.19749561529989
2066,129.99444580078125,129.92113822144086
2067,132.64735412597656,127.95237615101212
2068,133.53170776367188,128.50470953308275
2069,130.87875366210932,128.03748706289753
2070,130.87875366210932,130.28134142755948
2071,130.87875366210932,131.5203545048634
2072,129.11012268066406,128.2099511060813
2073,128.2257843017578,131.8070315993972
2074,130.87875366210932,126.76806388480469
2075,130.87875366210932,130.56381436069387
2076,131.76307678222656,128.46374231589095
2077,132.64735412597656,129.1136122424274
2078,132.64735412597656,130.0753842318939
2079,132.64735412597656,132.50095179481832
2080,131.76307678222656,132.36758645264882
2081,132.64735412597656,127.64570593337902
2082,131.76307678222656,131.68328911554187
2083,131.76307678222656,135.91767376410047
2084,133.53170776367188,130.88856247234435
2085,131.76307678222656,134.97425994607795
2086,129.99444580078125,129.4289710602859
2087,130.87875366210932,131.59673010361894
2088,130.87875366210932,130.75430958499055
2089,129.11012268066406,129.04914843430345
2090,129.99444580078125,130.56404792521607
2091,128.2257843017578,127.74370960688918
2092,128.2257843017578,129.69565503172038
2093,129.11012268066406,129.46433272894518
2094,129.11012268066406,129.89572640142677
2095,128.2257843017578,132.95042336131723
2096,128.2257843017578,126.67617960177586
2097,126.4571533203125,127.11378609054765
2098,126.4571533203125,125.50008880674943
2099,125.57283020019537,127.564472192562
2100,124.6885375976563,129.25954335589057
2101,119.38265228271484,127.3746309489274
2102,118.4983139038086,123.80296227562553
2103,120.26695251464844,128.27782495622915
2104,120.26695251464844,122.06402769503006
2105,114.07674407958984,118.07670759804216
2106,116.72970581054688,120.0065111061698
2107,116.72970581054688,120.38951020965408
2108,114.07674407958984,115.01075282818215
2109,114.07674407958984,113.85040428195123
2110,114.07674407958984,116.23649944062583
2111,113.19242858886719,112.16546981888564
2112,112.30809783935547,116.4065344127788
2113,114.07674407958984,114.64508421224434
2114,115.84537506103516,115.24726026334986
2115,115.84537506103516,115.22628616925738
2116,116.72970581054688,115.76488595742342
2117,116.72970581054688,116.81303010719512
2118,116.72970581054688,115.88054710881102
2119,114.9610595703125,117.35821641488678
2120,114.9610595703125,116.04763916798436
2121,114.07674407958984,117.27782350634959
2122,110.53948211669922,115.88675992510116
2123,114.07674407958984,116.30138366488961
2124,109.65515899658203,114.83590642687204
2125,111.42378997802734,115.14407145744713
2126,113.19242858886719,114.37611130849234
2127,112.30809783935547,113.77725187360181
2128,112.30809783935547,113.48249344660042
2129,114.07674407958984,113.6437463927191
2130,113.19242858886719,114.02571781230563
2131,112.30809783935547,113.4177493610498
2132,114.07674407958984,115.45074167508028
2133,111.42378997802734,113.65355610265101
2134,110.53948211669922,114.04828014514908
2135,111.42378997802734,112.46209676206456
2136,110.53948211669922,114.95493090737921
2137,108.77084350585938,113.67770667424531
2138,111.42378997802734,113.21791155586561
2139,109.65515899658203,112.88447484398978
2140,111.42378997802734,112.05027579654234
2141,112.30809783935547,112.24291981444321
2142,112.30809783935547,111.83988087495527
2143,112.30809783935547,113.09655143013663
2144,114.9610595703125,114.17888942595664
2145,118.4983139038086,114.80325410667012
2146,114.9610595703125,114.9826316597107
2147,117.61400604248047,114.9857147114036
2148,116.72970581054688,117.50265271540798
2149,115.84537506103516,117.45210935280647
2150,116.72970581054688,114.77915024798028
2151,116.72970581054688,117.15141838694137
2152,114.9610595703125,117.6000491211604
2153,114.07674407958984,118.01953100301046
2154,114.9610595703125,118.31190707188557
2155,114.9610595703125,116.96914463382575
2156,114.07674407958984,116.17694048746785
2157,114.07674407958984,115.78357111919843
2158,113.19242858886719,117.02445271267982
2159,114.07674407958984,116.16979341308888
2160,113.19242858886719,115.25235196993367
2161,114.9610595703125,116.16647679687378
2162,114.9610595703125,115.36231414697977
2163,113.19242858886719,115.58149109460123
2164,112.30809783935547,114.0783165427024
2165,114.07674407958984,116.29101340010448
2166,113.19242858886719,115.33157705585984
2167,109.65515899658203,114.14455544119505
2168,109.65515899658203,114.4503848265482
2169,109.65515899658203,113.8338679137803
2170,111.42378997802734,111.60463468820728
2171,109.65515899658203,111.85777191735485
2172,110.53948211669922,111.37195771120344
2173,110.53948211669922,111.42114639957629
2174,110.53948211669922,112.21722771700252
2175,111.42378997802734,110.39948846662071
2176,109.65515899658203,112.60639292387248
2177,108.77084350585938,113.10570715940639
2178,110.53948211669922,112.65502105739199
2179,110.53948211669922,111.63023335983917
2180,109.65515899658203,111.70095669715772
2181,109.65515899658203,112.38062945672539
2182,109.65515899658203,112.19686089066772
2183,108.77084350585938,112.27491815398298
2184,108.77084350585938,111.93559561614802
2185,107.00221252441406,112.19821556489637
2186,107.88652038574219,111.9543274908275
2187,108.77084350585938,110.902259457083
2188,107.88652038574219,109.91409467660912
2189,110.53948211669922,110.42681551571673
2190,111.42378997802734,109.0519613123081
2191,110.53948211669922,110.14410901806013
2192,112.30809783935547,110.63384710818434
2193,114.07674407958984,112.99686609206663
2194,111.42378997802734,112.1960667712923
2195,113.19242858886719,118.62385584772017
2196,112.30809783935547,114.54637984516762
2197,112.30809783935547,115.79230643232825
2198,114.9610595703125,111.70048956811331
2199,114.07674407958984,113.09015176222863
2200,114.07674407958984,118.57205123669883
2201,113.19242858886719,112.69594156167943
2202,114.9610595703125,115.07801941057232
2203,114.07674407958984,110.7096621520866
2204,114.07674407958984,114.74444255998321
2205,114.9610595703125,114.78578348041049
2206,114.07674407958984,115.95883793664848
2207,116.72970581054688,112.2599700245629
2208,116.72970581054688,115.50450822808796
2209,118.4983139038086,123.79119062370728
2210,120.26695251464844,112.01902486347365
2211,118.4983139038086,122.98193626722968
2212,122.03559875488281,145.56725185959237
2213,122.9198989868164,141.36327731182263
2214,121.15127563476562,141.98222329562134
2215,119.38265228271484,146.3994422521489
2216,121.15127563476562,119.04674777159414
2217,123.80421447753906,122.245694180388
2218,122.9198989868164,120.52521119704534
2219,122.03559875488281,119.52471420979998
2220,123.80421447753906,125.98473519028994
2221,122.9198989868164,122.91069908796226
2222,125.57283020019537,122.21495708926807
2223,137.95326232910156,122.44342990487257
2224,137.0689697265625,132.071940480463
2225,130.87875366210932,97.9583004890311
2226,128.2257843017578,130.17175295374875
2227,123.80421447753906,121.17951884950332
2228,123.80421447753906,140.98373496326684
2229,118.4983139038086,152.88482833974842
2230,120.26695251464844,124.53219742680159
2231,119.38265228271484,124.62291388721945
2232,119.38265228271484,131.38115004963925
2233,118.4983139038086,128.17370189223766
2234,117.61400604248047,115.80926321663912
2235,118.4983139038086,115.88834816385202
2236,113.19242858886719,116.38761568648158
2237,111.42378997802734,119.10924963773164
2238,107.88652038574219,116.56507801044017
2239,105.23358917236328,120.15888860044538
2240,97.27472686767578,112.75106278891587
2241,101.6963119506836,108.65415421811713
2242,106.11790466308594,105.75856141074132
2243,111.42378997802734,102.93172999869762
2244,107.00221252441406,102.99096196152448
2245,109.65515899658203,104.60283744204969
2246,110.53948211669922,109.24348422050241
2247,111.42378997802734,110.12551728209394
2248,106.11790466308594,111.02614207965155
2249,109.65515899658203,109.6657688766187
2250,107.00221252441406,111.75944125351361
2251,107.00221252441406,111.65316939591798
2252,109.65515899658203,109.40356934401018
2253,117.61400604248047,109.97570899756238
2254,110.53948211669922,109.47139648125369
2255,114.9610595703125,112.80300753865049
2256,118.4983139038086,114.01361917005636
2257,114.9610595703125,114.97655898213384
2258,114.9610595703125,120.20784372429603
2259,114.9610595703125,112.20797856192382
2260,114.9610595703125,122.53844395249871
2261,114.07674407958984,119.10308353434596
2262,113.19242858886719,115.30906143592085
2263,113.19242858886719,110.06394967404515
2264,110.53948211669922,116.00882074439676
2265,112.30809783935547,115.38011176357054
2266,111.42378997802734,114.84725766265046
2267,110.53948211669922,114.07826982979805
2268,113.19242858886719,113.68242467759342
2269,112.30809783935547,113.34543778498039
2270,113.19242858886719,113.05665860974682
2271,112.30809783935547,113.86796833401979
2272,112.30809783935547,114.15520598340686
2273,111.42378997802734,114.48158904671254
2274,111.42378997802734,113.37103645661216
2275,117.61400604248047,114.77111562841708
2276,114.9610595703125,114.03052924146277
2277,117.61400604248047,115.15257320605485
2278,119.38265228271484,117.01431601241688
2279,116.72970581054688,120.23601160567193
2280,114.07674407958984,115.79982720994269
2281,114.07674407958984,124.94088862772645
2282,117.61400604248047,121.13331978701456
2283,114.9610595703125,118.16550882937804
2284,117.61400604248047,114.37695214077223
2285,115.84537506103516,114.18837214555754
2286,115.84537506103516,116.40307765785042
2287,114.9610595703125,117.12353078299213
2288,115.84537506103516,116.76314072525577
2289,114.07674407958984,116.21804784337291
2290,114.07674407958984,117.9009736515477
2291,113.19242858886719,117.55025316502997
2292,113.19242858886719,114.90293944474013
2293,113.19242858886719,113.73123966273079
2294,114.07674407958984,115.3590909565736
2295,113.19242858886719,114.0425811708077
2296,113.19242858886719,115.08511977204682
2297,111.42378997802734,114.82609671694013
2298,111.42378997802734,115.23908550507338
2299,112.30809783935547,115.96173413672363
2300,112.30809783935547,114.21700715597785
2301,113.19242858886719,113.5976874689436
2302,113.19242858886719,114.16053125451265
2303,110.53948211669922,114.18159877441406
2304,111.42378997802734,114.64344926058902
2305,113.19242858886719,114.44889001360627
2306,113.19242858886719,114.08565046869921
2307,114.07674407958984,112.39758624103627
2308,113.19242858886719,117.044959677728
2309,115.84537506103516,115.6168060503561
2310,112.30809783935547,113.33324571692208
2311,113.19242858886719,113.14840275406243
2312,113.19242858886719,115.86167509541815
2313,117.61400604248047,116.04773259379328
2314,120.26695251464844,115.07783255895458
2315,122.03559875488281,114.89691348006761
2316,129.99444580078125,116.67877721984132
2317,138.83758544921875,118.4462533850483
2318,140.60623168945312,131.62036683326437
2319,147.6807098388672,132.40813325370073
2320,147.6807098388672,157.68504639976015
2321,150.33366394042974,165.8933445417331
2322,153.87095642089838,162.06041059391157
2323,158.2925262451172,145.62956687411213
2324,154.75527954101562,153.2576440300652
2325,167.13569641113276,160.14485452163728
2326,171.55728149414062,159.18116730308884
2327,185.70632934570318,160.58909424283922
2328,181.28472900390625,171.3875295100704
2329,194.5494537353515,165.8786299768352
2330,194.5494537353515,184.8265051264479
2331,185.70632934570318,209.62680650853008
2332,181.28472900390625,197.68768882783627
2333,176.86317443847656,184.21881695261868
2334,181.28472900390625,182.43251548692336
2335,172.4415740966797,177.08519589013804
2336,171.55728149414062,173.70000513135125
2337,162.71412658691412,170.92339009157803
2338,163.59844970703125,167.6849712785343
2339,157.40818786621094,164.1667421679091
2340,172.4415740966797,163.85778301795858
2341,175.9788665771485,158.5172835052211
2342,181.28472900390625,171.62221514196506
2343,167.13569641113276,208.82969750720622
2344,160.06114196777338,131.16113226973795
2345,161.82978820800776,116.91939539059968
2346,162.71412658691412,190.92903224927653
2347,164.48277282714838,132.0993609553679
2348,161.82978820800776,154.8491059713511
2349,160.06114196777338,176.32045893158943
2350,159.17684936523443,171.41172679456906
2351,159.17684936523443,163.07921903969645
2352,160.9455108642578,160.48118743358827
2353,157.40818786621094,159.70752831029216
2354,153.87095642089838,158.37252021436888
2355,149.44935607910156,159.10166193973595
2356,142.3748779296875,155.91612213451566
2357,144.14344787597656,153.637933785092
2358,146.7964324951172,152.90052387563946
2359,145.91209411621094,153.97230475505665
2360,145.0277862548828,152.46319766429428
2361,147.6807098388672,145.41263214590379
2362,147.6807098388672,142.88611799648965
2363,147.6807098388672,140.5367858936075
2364,147.6807098388672,145.7664356841144
2365,146.7964324951172,144.39788772280497
2366,144.14344787597656,145.25175290302053
2367,145.91209411621094,144.05202537834867
2368,145.0277862548828,144.51934127434282
2369,145.0277862548828,143.10295929888917
2370,144.14344787597656,139.58094644300456
2371,145.0277862548828,143.30018118142488
2372,144.14344787597656,140.08628664321094
2373,145.0277862548828,144.30315395260538
2374,143.25920104980463,143.54476994906037
2375,144.14344787597656,143.56850010451467
2376,144.14344787597656,142.92012499092027
2377,141.49055480957037,142.75597584472638
2378,142.3748779296875,142.95268388531326
2379,142.3748779296875,141.83456380469397
2380,140.60623168945312,140.0402277194354
2381,142.3748779296875,138.952517739605
2382,140.60623168945312,140.56000220711303
2383,139.72190856933594,139.52657262223914
2384,139.72190856933594,140.57700570432831
2385,139.72190856933594,140.15075045133483
2386,140.60623168945312,139.64877358024802
2387,140.60623168945312,139.15581229971758
2388,144.14344787597656,139.63036869589956
2389,145.0277862548828,139.9456340879492
2390,145.91209411621094,138.5144441217888
2391,146.7964324951172,142.60289765688424
2392,143.25920104980463,140.01995431890947
2393,138.83758544921875,144.51023225797746
2394,133.53170776367188,139.82623590420656
2395,134.41600036621094,141.09710718233697
2396,136.18463134765625,137.89708637674102
2397,137.95326232910156,132.841629006882
2398,137.0689697265625,135.64318873762494
2399,136.18463134765625,134.33354574881128
2400,136.18463134765625,135.75987757291017
2401,131.76307678222656,133.52279657939164
2402,129.11012268066406,135.52322999902907
2403,129.99444580078125,134.15314051187312
2404,130.87875366210932,133.1468044115731
2405,133.53170776367188,130.58418118702866
2406,130.87875366210932,129.02887503377752
2407,129.99444580078125,131.14786580487765
2408,129.11012268066406,133.01633526947876
2409,129.99444580078125,131.47125924229942
2410,130.3350067138672,128.60023742265776
2411,131.24014282226568,130.2220627518281
2412,130.3350067138672,129.36506780701518
2413,127.61970520019526,129.20292731571215
2414,124.90440368652344,130.73992201042375
2415,122.1891098022461,128.44940145422862
2416,123.09417724609375,127.49860699730493
2417,123.09417724609375,124.58147954098325
2418,120.37886810302734,123.72803477690763
2419,134.8605346679687,123.58018843436253
2420,127.61970520019526,122.7291727413176
2421,130.3350067138672,123.99607342257082
2422,130.3350067138672,133.61626910117138
2423,132.1452178955078,134.3788572661158
2424,131.24014282226568,126.90955727234632
2425,129.42990112304688,125.69745082799847
2426,128.52481079101557,129.8683526394263
2427,129.42990112304688,131.99677941722285
2428,128.52481079101557,130.4638487451973
2429,129.42990112304688,128.99528845548684
2430,127.61970520019526,128.6172876327775
2431,126.714599609375,128.53899680493998
2432,128.52481079101557,128.50522337503156
2433,129.42990112304688,129.09235787090824
2434,128.52481079101557,127.07127734750941
2435,126.714599609375,128.12549417485803
2436,123.9992904663086,129.50165633959085
2437,123.9992904663086,130.27844522748433
2438,126.714599609375,126.87751221990209
2439,126.714599609375,127.59053799323817
2440,125.80948638916016,124.87969472291314
2441,124.90440368652344,124.56653141156323
2442,123.9992904663086,125.42436718865599
2443,124.90440368652344,126.28640712714821
2444,126.714599609375,126.40561845927306
2445,127.61970520019526,122.81671272423375
2446,127.61970520019526,125.90368830109065
2447,131.24014282226568,127.35533851939465
2448,145.7218017578125,123.79044321723632
2449,154.7728271484375,125.33603308636447
2450,156.5830535888672,136.42184614169594
2451,154.7728271484375,116.0562343424009
2452,159.29835510253912,135.1811981127367
2453,164.72898864746094,137.6556740866073
2454,161.10855102539062,153.79956043444622
2455,162.01365661621094,145.3065471399259
2456,160.2034759521485,132.98447706865232
2457,157.4881591796875,142.34835904060355
2458,159.29835510253912,155.4205916442412
2459,157.4881591796875,160.49183797580008
2460,157.4881591796875,159.2569823469911
2461,157.4881591796875,154.44069504785284
2462,157.4881591796875,153.9762286390294
2463,157.4881591796875,156.23591867829572
2464,156.5830535888672,154.89040017887396
2465,162.9188079833985,150.85216301604902
2466,170.1596221923828,155.39205005962975
2467,168.3494415283203,160.01854282803794
2468,168.3494415283203,138.8334932590979
2469,162.9188079833985,158.85221503003896
2470,163.82388305664062,151.2965895888687
2471,163.82388305664062,160.96957084948383
2472,162.01365661621094,173.39501657827788
2473,168.3494415283203,171.32979236018548
2474,167.4442901611328,173.22507503193378
2475,170.1596221923828,173.31924824728003
2476,168.3494415283203,147.70978593452907
2477,169.2545166015625,158.64658482470446
2478,170.1596221923828,142.09283945332965
2479,172.87490844726568,160.9000620476806
2480,170.1596221923828,166.21192654999777
2481,171.96981811523432,173.6485742235654
2482,170.1596221923828,175.67661496972545
2483,173.78001403808594,172.56590923741425
2484,199.12294006347656,167.38979243539285
2485,190.07191467285162,171.10996143190192
2486,190.07191467285162,162.16182430944565
2487,185.54637145996094,181.3823626822608
2488,181.0208587646485,167.73794371216655
2489,181.0208587646485,178.3052902411447
2490,179.21066284179688,182.6984053389824
2491,181.0208587646485,185.98820834690753
2492,181.0208587646485,188.65374009992803
2493,180.11575317382807,187.6121357567776
2494,185.54637145996094,178.27889745013744
2495,181.0208587646485,176.44121178956073
2496,185.54637145996094,180.43969627070925
2497,185.54637145996094,182.64122874395076
2498,185.54637145996094,192.18724433030434
2499,181.0208587646485,197.42567614684555
2500,185.54637145996094,181.685949848201
2501,180.11575317382807,177.25733294299073
2502,179.21066284179688,181.91708529935846
2503,176.49533081054688,181.71313675858374
2504,181.0208587646485,178.92890751538715
2505,185.54637145996094,174.28027283027558
2506,230.80158996582026,171.72647834466989
2507,253.42919921875,183.8147503292331
2508,244.37821960449213,206.40436350880407
2509,257.9547119140625,248.22813187283373
2510,257.9547119140625,193.49721430944902
2511,248.90370178222656,212.7244793405032
2512,248.90370178222656,219.483462909394
2513,253.42919921875,223.2765974626347
2514,253.42919921875,239.8843429515394
2515,267.0057983398437,231.0493911965355
2516,290.0184936523437,255.58658214437276
2517,294.6219787597656,221.68219260836918
2518,285.4150695800781,253.17369713500318
2519,290.0184936523437,250.130561618961
2520,299.2254333496094,259.8122081233493
2521,299.2254333496094,272.3131652621668
2522,294.6219787597656,290.1790761191949
2523,294.6219787597656,294.3584096098738
2524,290.0184936523437,288.06952135479116
2525,294.6219787597656,285.68723329782824
2526,303.82891845703125,282.7912434307646
2527,299.2254333496094,286.2339377749141
2528,299.2254333496094,290.09971089455536
2529,308.4324035644531,289.865492391705
2530,308.4324035644531,296.1728088875883
2531,303.82891845703125,301.04248903649875
2532,299.2254333496094,294.73596665999094
2533,303.82891845703125,298.1388849660118
2534,299.2254333496094,295.8036134473654
2535,290.0184936523437,296.3345756756558
2536,271.6046142578125,296.76438110938653
2537,262.3977355957031,291.06365503407824
2538,248.58729553222656,285.2303810924281
2539,262.3977355957031,271.12488239908214
2540,262.3977355957031,255.29404258033202
2541,267.00115966796875,256.87571816813823
2542,271.6046142578125,254.3369652377615
2543,267.00115966796875,252.89337299547293
2544,262.3977355957031,258.58330838985614
2545,253.19073486328125,263.3521820909902
2546,257.7942199707031,259.6554629725088
2547,253.19073486328125,249.44409213179767
2548,248.58729553222656,244.6731864193206
2549,248.58729553222656,244.55329775008136
2550,234.77687072753906,242.73864155139245
2551,234.77687072753906,243.4703524865036
2552,234.77687072753906,239.6450327421054
2553,248.58729553222656,232.18026390006634
2554,243.98381042480463,230.10639779465293
2555,248.58729553222656,229.17611030277737
2556,239.38034057617188,234.26048296048322
2557,239.38034057617188,241.33758140859436
2558,230.17343139648443,239.0345417940099
2559,225.5699615478515,238.86693589288762
2560,230.17343139648443,234.84346000786496
2561,225.5699615478515,230.06314164514367
2562,230.17343139648443,222.57996791875615
2563,230.17343139648443,223.30042104389787
2564,216.3629760742188,223.74195141664245
2565,216.3629760742188,222.91625411780274
2566,211.75955200195312,220.49802048087508
2567,216.3629760742188,213.8763261381265
2568,225.5699615478515,210.02713609956066
2569,225.5699615478515,207.76683879253665
2570,225.5699615478515,209.43014518084766
2571,211.75955200195312,211.69039577496721
2572,202.55262756347656,219.45053031176548
2573,207.1560821533203,214.6264419575861
2574,211.75955200195312,210.2925588225753
2575,207.1560821533203,202.89454272097765
2576,207.1560821533203,202.45245179337985
2577,216.3629760742188,202.6204313977376
2578,211.75955200195312,203.48765646862233
2579,216.3629760742188,203.2485798237105
2580,225.5699615478515,204.446345406396
2581,239.38034057617188,209.40295827046492
2582,230.17343139648443,211.371440063467
2583,239.38034057617188,215.93459013345773
2584,234.77687072753906,223.36581911011058
2585,230.17343139648443,227.44086604163238
2586,239.38034057617188,224.65131152732994
2587,271.6046142578125,228.83370471324946
2588,257.7942199707031,229.29578876394658
2589,267.00115966796875,234.88466078957896
2590,285.4150695800781,235.3107759038591
2591,276.20806884765625,240.52641182303472
2592,262.3977355957031,262.47804351024865
2593,271.6046142578125,262.6158465783397
2594,267.00115966796875,254.5012078097642
2595,267.00115966796875,264.0919276456646
2596,267.00115966796875,258.73176200015894
2597,267.00115966796875,261.2450563976172
2598,267.00115966796875,258.43667658282635
2599,267.00115966796875,260.3369341788973
2600,267.00115966796875,262.39662291781383
2601,271.6046142578125,259.7503368814216
2602,267.00115966796875,257.72799510960294
2603,267.00115966796875,260.9855195005617
2604,267.00115966796875,262.54657134105867
2605,262.3977355957031,256.97827634983105
2606,257.7942199707031,260.0840071578197
2607,262.3977355957031,259.4498794800787
2608,257.7942199707031,257.1091425516131
2609,257.7942199707031,256.9844891661213
2610,253.19073486328125,253.19109769190618
2611,253.19073486328125,250.49440843162574
2612,253.19073486328125,248.9992918557425
2613,248.58729553222656,248.04363925675727
2614,248.58729553222656,246.96436095617787
2615,253.19073486328125,246.40754313528123
2616,253.19073486328125,243.64926291049977
2617,253.19073486328125,242.86149649006342
2618,257.7942199707031,246.19172951677933
2619,257.7942199707031,249.02117685147152
2620,262.3977355957031,244.2603144134485
2621,267.00115966796875,246.4149704870868
2622,267.00115966796875,253.05953079655757
2623,267.00115966796875,253.43124873362007
2624,262.3977355957031,255.45590279420844
2625,267.00115966796875,256.4269940081103
2626,276.20806884765625,253.9186511785224
2627,280.81158447265625,259.1410137559371
2628,280.81158447265625,270.0131152734664
2629,276.20806884765625,274.8069336655701
2630,271.6046142578125,270.9243439003314
2631,276.20806884765625,271.5636567104649
2632,317.6393127441406,262.7131962711877
2633,322.2427978515625,263.25529952718654
2634,313.03582763671875,273.07063836407536
2635,303.82891845703125,295.4780011469828
2636,313.03582763671875,302.7191319590267
2637,313.03582763671875,306.2311248969095
2638,308.4324035644531,295.63488643653665
2639,313.03582763671875,307.31822760898217
2640,313.03582763671875,300.606167152599
2641,303.82891845703125,305.0292485786335
2642,303.82891845703125,315.76527540553593
2643,303.82891845703125,304.03571181414935
2644,308.4324035644531,297.9414528754061
2645,308.4324035644531,294.22051311597386
2646,377.4844055175781,299.5366051361426
2647,386.69134521484375,297.08051069016824
2648,372.8809509277344,307.3347172642487
2649,368.2774963378906,342.6313615605638
2650,368.2774963378906,346.46574360842294
2651,386.69134521484375,360.1346868533469
2652,377.4844055175781,352.5074972425782
2653,400.5016784667969,361.6900397195025
2654,391.2947998046875,379.37900209452084
2655,432.7259521484375,385.92796444506
2656,418.9156799316406,389.68793283614997
2657,409.7086791992188,396.5617834370529
2658,418.9156799316406,411.93876067628696
2659,414.3121643066406,409.3732178952152
2660,400.5016784667969,426.13995075437344
2661,423.51910400390636,412.469045567463
2662,428.1225280761719,404.7648263772766
2663,423.51910400390636,411.47221554321607
2664,428.1225280761719,410.2076505071847
2665,428.1225280761719,419.8630210028268
2666,432.7259521484375,423.9917177050953
2667,414.3121643066406,425.99268832313373
2668,409.7086791992188,428.312147523628
2669,400.5016784667969,428.1889188817215
2670,405.1052551269531,423.8753792165934
2671,400.5016784667969,410.20199824574775
2672,400.5016784667969,402.6837898410321
2673,395.8982849121094,401.37253525701533
2674,391.2947998046875,396.584953037654
2675,391.2947998046875,394.79629257028455
2676,386.69134521484375,388.7859767208158
2677,382.0878601074219,386.5379415512067
2678,391.2947998046875,382.4799448298046
2679,386.69134521484375,384.221215055622
2680,414.3121643066406,379.9063907856218
2681,405.1052551269531,377.5557974343198
2682,405.1052551269531,378.66702736153456
2683,405.1052551269531,376.1450210073987
2684,405.1052551269531,380.9685955196293
2685,400.5016784667969,400.16000839652753
2686,414.3121643066406,391.3484364501947
2687,423.51910400390636,404.6755813733485
2688,414.3121643066406,403.3508501164015
2689,414.3121643066406,402.9189192455189
2690,414.3121643066406,408.37349167089303
2691,414.3121643066406,417.93987408358146
2692,409.7086791992188,406.7018937420444
2693,400.5016784667969,411.5561352760383
2694,409.7086791992188,410.6576826285369
2695,414.3121643066406,407.7956296865473
2696,409.7086791992188,400.4641327608688
2697,405.1052551269531,404.78596396653467
2698,409.7086791992188,402.5749954865968
2699,409.7086791992188,409.6883431485515
2700,405.1052551269531,406.16170571512754
2701,418.9156799316406,406.00519412880925
2702,414.3121643066406,401.95777788026226
2703,469.5537414550781,411.56564135209135
2704,460.3468627929688,409.0495908932712
2705,455.7433776855469,434.07726733770363
2706,487.9676208496094,441.3669328574582
2707,497.1745910644531,457.6040464843286
2708,487.9676208496094,456.5573153999161
2709,497.1745910644531,472.5437792598002
2710,580.0369873046875,486.174698200512
2711,561.6231689453125,509.3672932287901
2712,543.209228515625,535.7263458408257
2713,570.8301391601562,525.8632313809234
2714,589.2439575195312,569.6480191514712
2715,589.2439575195312,566.6035815132178
2716,580.0369873046875,588.8455339015117
2717,570.8301391601562,609.9351548457987
2718,570.8301391601562,628.8852576170417
2719,561.6231689453125,583.5751095845437
2720,570.8301391601562,593.9228529106475
2721,570.8301391601562,574.6284439185772
2722,552.4161376953125,581.5448266189707
2723,543.209228515625,574.3785357189489
2724,543.209228515625,574.3320330225813
2725,515.5884399414062,561.0448159544956
2726,487.9676208496094,552.2266458104109
2727,487.9676208496094,546.8247421847901
2728,469.5537414550781,527.3740434926976
2729,478.76068115234375,500.97153620130894
2730,487.9676208496094,482.5677612843598
2731,515.5884399414062,471.46502647939576
2732,497.1745910644531,448.6093015614697
2733,506.3814697265625,492.2417468724203
2734,469.5537414550781,511.55035074832654
2735,478.76068115234375,514.2824951030751
2736,487.9676208496094,496.5202985721247
2737,478.76068115234375,499.6803798444265
2738,451.1399230957031,482.41970473374465
2739,428.1225280761719,480.80547025154544
2740,391.2947998046875,480.24503218055486
2741,400.5016784667969,460.4914528552018
2742,460.3468627929688,431.96348505544825
2743,460.3468627929688,403.84904324222896
2744,441.9330139160156,408.2715174005057
2745,460.3468627929688,435.35512219504744
2746,446.5364379882813,454.7267067443617
2747,446.5364379882813,445.9355016243637
2748,423.51910400390636,447.2001834426561
2749,438.6235656738281,458.7988224411301
2750,443.2898559570313,447.25448719406484
2751,438.6235656738281,437.4016145384604
2752,466.6209106445313,437.55506642953804
2753,466.6209106445313,439.9561564305371
2754,466.6209106445313,444.284714294442
2755,461.9546813964844,462.0377667743487
2756,475.9532775878906,467.29493046556945
2757,485.2857055664063,461.50392002420926
2758,466.6209106445313,476.20338497570594
2759,485.2857055664063,482.97383656263617
2760,485.2857055664063,490.9429996685667
2761,494.61810302734375,482.9851877984145
2762,494.61810302734375,487.76397631351546
2763,513.282958984375,491.5973773903814
2764,503.9505920410156,496.1368907307267
2765,494.61810302734375,501.1930487941522
2766,475.9532775878906,515.1789741303639
2767,485.2857055664063,502.65077169003314
2768,475.9532775878906,503.01430319059295
2769,475.9532775878906,498.6803266297733
2770,475.9532775878906,482.2769851324616
2771,485.2857055664063,479.27000540445414
2772,475.9532775878906,485.69836671396143
2773,461.9546813964844,480.5465990133781
2774,452.6222839355469,485.6545032966945
2775,433.9573974609375,482.0606343155587
2776,438.6235656738281,465.4437564538364
2777,438.6235656738281,451.4419487301159
2778,447.95599365234375,445.59240701949534
2779,447.95599365234375,437.8611760923179
2780,457.2884521484375,439.9563199257026
2781,503.9505920410156,455.4544470825957
2782,494.61810302734375,455.0637169934271
2783,503.9505920410156,460.5650256796911
2784,494.61810302734375,462.8150928606433
2785,485.2857055664063,488.89437020977573
2786,475.9532775878906,496.3847610798989
2787,457.2884521484375,487.92257830230733
2788,466.6209106445313,483.84148204966084
2789,466.6209106445313,482.70345059352496
2790,466.6209106445313,472.18970712238905
2791,461.9546813964844,474.7893620019264
2792,461.9546813964844,470.0325402301372
2793,452.6222839355469,470.9632948510572
2794,457.2884521484375,462.2976189835092
2795,447.95599365234375,461.2280219323745
2796,443.2898559570313,460.36087860907253
2797,461.9546813964844,458.96683708016616
2798,461.9546813964844,451.94818815373264
2799,447.95599365234375,445.8719487178763
2800,447.95599365234375,457.69071060028654
2801,443.2898559570313,459.35987945810444
2802,447.95599365234375,450.93375904273876
2803,443.2898559570313,448.65789466031094
2804,466.6209106445313,442.03716961032944
2805,457.2884521484375,442.0749837064717
2806,457.2884521484375,445.8435589502043
2807,457.2884521484375,459.3132366230235
2808,485.2857055664063,464.87591438749246
2809,475.9532775878906,449.4866399761652
2810,475.9532775878906,465.2891484183739
2811,466.6209106445313,453.4124158215566
2812,461.9546813964844,470.82860986933736
2813,466.6209106445313,475.61277036844865
2814,461.9546813964844,471.95032684359836
2815,457.2884521484375,468.15389903059486
2816,457.2884521484375,466.7895201960064
2817,466.6209106445313,467.6354908953721
2818,457.2884521484375,464.5994557408044
2819,461.9546813964844,462.3126255040598
2820,475.9532775878906,467.3133119934656
2821,494.61810302734375,463.95034489896506
2822,494.61810302734375,466.7277307016615
2823,494.61810302734375,467.0009077668128
2824,494.61810302734375,482.30764047599877
2825,494.61810302734375,489.8078760907321
2826,503.9505920410156,505.06344649133274
2827,494.61810302734375,497.8338888013633
2828,494.61810302734375,499.29972806439025
2829,494.61810302734375,511.29839302001596
2830,494.61810302734375,504.2321436439605
2831,494.61810302734375,491.00677446135023
2832,494.61810302734375,494.067474029461
2833,475.9532775878906,502.6675416227263
2834,475.9532775878906,496.9707394313907
2835,475.9532775878906,493.0699199551952
2836,466.6209106445313,492.2791872653271
2837,466.6209106445313,474.55252757642756
2838,466.6209106445313,480.4095550299842
2839,466.6209106445313,483.7098684414078
2840,466.6209106445313,472.93682163773855
2841,461.9546813964844,473.085765733538
2842,461.9546813964844,468.1225780281694
2843,457.2884521484375,468.79113311648086
2844,457.2884521484375,473.00087670794863
2845,447.95599365234375,461.1938631210045
2846,447.95599365234375,462.9347713218125
2847,457.2884521484375,451.707955364436
2848,457.2884521484375,454.23542712839105
2849,452.6222839355469,451.681165513741
2850,457.2884521484375,450.01286084465517
2851,569.2774047851562,456.73483611500524
2852,587.9422607421875,452.4515780901787
2853,578.60986328125,552.1902155840626
2854,662.6016235351562,560.119666882108
2855,653.2691650390625,571.9193698995077
2856,699.9312744140625,728.1022433484009
2857,690.5989379882812,634.2842747136183
2858,690.5989379882812,652.2393143397303
2859,681.2664184570312,713.5767372530299
2860,662.6016235351562,738.1071781861759
2861,662.6016235351562,733.0178831561649
2862,662.6016235351562,681.9550321835022
2863,643.9367065429688,690.7761160450011
2864,634.6044311523438,669.1113132692604
2865,671.9341430664062,650.4293834432808
2866,671.9341430664062,637.2310225306882
2867,662.6016235351562,675.4113016782601
2868,671.9341430664062,679.7935180715812
2869,699.9312744140625,684.8100752702696
2870,699.9312744140625,683.3731717319853
2871,690.5989379882812,749.7485594922103
2872,699.9312744140625,740.2465824965153
2873,709.263671875,714.2715157980701
2874,709.263671875,719.1466963914781
2875,709.263671875,715.5183883215457
2876,699.9312744140625,741.0261274457706
2877,671.9341430664062,735.3937073149763
2878,671.9341430664062,721.7323607561365
2879,671.9341430664062,694.1791744897353
2880,690.5989379882812,665.7136501649888
2881,690.5989379882812,656.4606149957116
2882,690.5989379882812,719.389077974379
2883,699.9312744140625,710.8619409031669
2884,699.9312744140625,722.3894711828607
2885,699.9312744140625,709.3279767081307
2886,690.5989379882812,699.0749379566612
2887,681.2664184570312,698.6811189766867
2888,718.59619140625,694.7923397516099
2889,746.5933227539062,676.278228954379
2890,793.2555541992188,790.3481227696428
2891,867.914794921875,807.158392055737
2892,849.25,819.917916798843
2893,895.9119873046875,919.4933627610739
2894,905.2445678710938,905.9943610624939
2895,905.2445678710938,870.0950735860289
2896,961.239013671875,982.178273414673
2897,961.239013671875,925.7629585866237
2898,961.239013671875,990.2733161198369
2899,961.239013671875,1001.8749797788732
2900,961.239013671875,984.8684462247843
2901,961.239013671875,975.9248402540586
2902,961.239013671875,955.4485188712463
2903,942.5741577148438,937.54009927118
2904,942.5741577148438,938.9070122808341
2905,942.5741577148438,942.1761448285456
2906,951.9065551757812,931.3272129116174
2907,951.9065551757812,924.4976695005737
2908,933.2418212890624,961.6564536629385
2909,942.5741577148438,956.9215635997829
2910,942.5741577148438,969.9708134544371
2911,933.2418212890624,944.0347812267627
2912,942.5741577148438,925.0008141942715
2913,942.5741577148438,919.59627128955
2914,923.9093627929688,920.847896851052
2915,923.9093627929688,930.3554210041491
2916,923.9093627929688,933.7950089401535
2917,914.576904296875,923.0317718464161
2918,961.239013671875,906.1328181112472
2919,998.568603515625,921.5757539715471
2920,1035.898193359375,1020.4718541645415
2921,1017.2333984375,1073.0462704945626
2922,1017.2333984375,1114.7040912655775
2923,1017.2333984375,1117.2563442253368
2924,998.568603515625,1104.6378807754063
2925,998.568603515625,1056.1281644685741
2926,1045.2305908203125,1033.4220025924315
2927,1045.2305908203125,989.729811476705
2928,1035.898193359375,1064.131719950397
2929,1017.2333984375,1107.5675740030217
2930,998.568603515625,1091.904550293464
2931,1007.9011840820312,1044.217635085396
2932,979.9038696289062,1099.702989411901
2933,989.2362060546876,1044.6884077363188
2934,998.568603515625,1018.0143349749817
2935,979.9038696289062,1012.191244446499
2936,979.9038696289062,996.7041648915055
2937,979.9038696289062,991.4296473562862
2938,1026.56591796875,982.8478795433343
2939,1007.9011840820312,975.2066760612342
2940,1007.9011840820312,1061.1706356509994
2941,1007.9011840820312,1066.1592001417039
2942,1017.2333984375,1043.2404945503697
2943,1007.9011840820312,1021.8077030927445
2944,979.9038696289062,1039.3676210692538
2945,951.9065551757812,1009.4705914662421
2946,951.9065551757812,987.2966764232617
2947,933.2418212890624,1002.844786387903
2948,905.2445678710938,964.3576273620449
2949,923.9093627929688,933.6232222340841
2950,923.9093627929688,941.914248929816
2951,923.9093627929688,924.6889588442457
2952,905.2445678710938,919.549418246399
2953,914.576904296875,911.494501926147
2954,923.9093627929688,903.6683386989262
2955,951.9065551757812,916.5779870386687
2956,933.2418212890624,906.2206850844943
2957,951.9065551757812,975.9900514686535
2958,942.5741577148438,953.2034032581646
2959,942.5741577148438,963.9781550828459
2960,942.5741577148438,946.1679260079075
2961,923.9093627929688,965.2481621722441
2962,923.9093627929688,953.7224536958233
2963,933.2418212890624,949.4351199700848
2964,910.28759765625,913.1409916688605
2965,882.1343383789062,916.8299097323008
2966,872.7498168945312,921.7309575965412
2967,910.28759765625,911.9805964097251
2968,891.5186767578125,881.874433133546
2969,882.1343383789062,876.9260417406581
2970,872.7498168945312,899.6257572359884
2971,882.1343383789062,894.7081730035773
2972,882.1343383789062,873.4072987880841
2973,891.5186767578125,878.6814893329723
2974,957.2095336914062,890.3918305641828
2975,947.8251953125,878.2262720792276
2976,929.0563354492188,888.0882303947451
2977,938.4408569335938,932.8529731528118
2978,882.1343383789062,964.1503622050552
2979,882.1343383789062,942.5014301385972
2980,872.7498168945312,913.7575786509851
2981,900.903076171875,899.5155848508723
2982,891.5186767578125,903.7342272506355
2983,891.5186767578125,893.6931716595041
2984,900.903076171875,897.7431804742473
2985,872.7498168945312,893.6130590283934
2986,844.5967407226562,878.18598219915
2987,844.5967407226562,879.4007979919552
2988,835.2122192382812,873.9961383049726
2989,882.1343383789062,857.1799831929195
2990,825.8278198242188,854.4270515956961
2991,872.7498168945312,838.6227680631188
2992,835.2122192382812,845.0416816877035
2993,882.1343383789062,827.7577085159335
2994,863.3655395507812,825.5901480024443
2995,863.3655395507812,852.175606384063
2996,891.5186767578125,850.8148361213424
2997,844.5967407226562,860.6328843066885
2998,835.2122192382812,884.1463152408705
2999,807.0591430664062,870.8907111308629
3000,816.4434814453125,857.8158392481246
3001,844.5967407226562,824.7988080448184
3002,844.5967407226562,815.6384074845976
3003,835.2122192382812,813.6103433819852
3004,816.4434814453125,829.1911990926374
3005,816.4434814453125,837.0600112016098
3006,797.6746826171875,826.2030796997966
3007,797.6746826171875,808.0702045939074
3008,807.0591430664062,796.8308695781417
3009,769.521484375,784.4082616582922
3010,788.290283203125,786.9731504587018
3011,797.6746826171875,773.6184916348342
3012,816.4434814453125,766.5896943299116
3013,807.0591430664062,770.0972962547772
3014,797.6746826171875,778.8497530205443
3015,807.0591430664062,787.1753122308818
3016,825.8278198242188,789.6175913353687
3017,825.8278198242188,783.799627548148
3018,825.8278198242188,802.9420969794219
3019,807.0591430664062,809.358394681358
3020,807.0591430664062,817.9530552559347
3021,797.6746826171875,796.9092187971097
3022,788.290283203125,789.2475433846398
3023,778.9059448242188,789.9538541779631
3024,769.521484375,780.146923663873
3025,760.136962890625,763.8548873396101
3026,741.3681640625,755.1511754896237
3027,731.98388671875,745.0053895667431
3028,731.98388671875,735.8612450972664
3029,741.3681640625,727.4234990078089
3030,741.3681640625,710.2691541458532
3031,722.5993041992188,709.6472126970575
3032,722.5993041992188,712.2514979932472
3033,694.4461669921875,717.1349350925146
3034,609.9864501953125,710.437776052647
3035,516.1424560546875,696.5472618237492
3036,525.5267944335938,676.2664135091128
3037,525.5267944335938,642.322410700257
3038,497.3736572265625,566.7079498199577
3039,487.9892272949219,540.9346186384395
3040,450.4515380859375,524.3857606046914
3041,445.7593383789063,502.2971199687619
3042,464.5281677246094,466.7060675922286
3043,464.5281677246094,461.2308947759974
3044,431.6827697753906,453.1340769804649
3045,436.3749084472656,467.92005423098
3046,408.22174072265625,464.75159967055777
3047,398.83734130859375,403.26933609815785
3048,422.2983703613281,418.9655726827709
3049,431.6827697753906,419.96611638292075
3050,487.9892272949219,404.9915474589647
3051,469.2204284667969,417.590578340649
3052,497.3736572265625,437.0824486188902
3053,525.5267944335938,455.33899613927804
3054,581.8333129882812,486.350712424433
3055,572.4489135742188,496.4192118469216
3056,563.0643920898438,532.5127549364906
3057,563.0643920898438,566.6983386398696
3058,563.0643920898438,588.4047859699165
3059,544.2955932617188,607.7472362646442
3060,516.1424560546875,580.9715133036945
3061,506.758056640625,569.4907835151341
3062,534.9112548828125,544.5142868966262
3063,534.9112548828125,536.1855103349956
3064,516.1424560546875,515.0904181417762
3065,525.5267944335938,534.0530896038696
3066,516.1424560546875,544.6832241155249
3067,525.5267944335938,535.3972300726103
3068,506.758056640625,532.1243488143178
3069,506.758056640625,525.7820560312368
3070,506.758056640625,522.1564339533095
3071,506.758056640625,519.9151721548438
3072,506.758056640625,521.4464094840836
3073,506.758056640625,519.0258285237079
3074,506.758056640625,516.9678681622555
3075,516.1424560546875,517.897723559765
3076,544.2955932617188,520.4995038764544
3077,591.2176513671875,519.5673011554968
3078,563.0643920898438,527.4945978208251
3079,572.4489135742188,550.631668723066
3080,572.4489135742188,567.9504021348508
3081,609.9864501953125,592.298143059628
3082,647.524169921875,581.2958001254136
3083,619.3709106445312,598.0368350480181
3084,609.9864501953125,628.4097881295559
3085,591.2176513671875,644.5344127032056
3086,572.4489135742188,634.5468194837862
3087,572.4489135742188,615.5517495204365
3088,553.6801147460938,609.5997970657278
3089,591.2176513671875,601.2618881312795
3090,572.4489135742188,587.0093080191987
3091,553.6801147460938,594.0278693589363
3092,544.2955932617188,591.24035269509
3093,534.9112548828125,595.164394323904
3094,553.6801147460938,577.692354998868
3095,516.1424560546875,569.9605693559504
3096,516.1424560546875,561.7803339913183
3097,506.758056640625,552.4679004444921
3098,506.758056640625,543.5817455071116
3099,478.6047668457031,519.5804391598699
3100,478.6047668457031,514.2228427241082
3101,487.9892272949219,514.3213252048889
3102,487.9892272949219,504.5412779673027
3103,497.3736572265625,491.2098588133929
3104,469.2204284667969,491.64755872797355
3105,478.6047668457031,491.2374778181416
3106,497.3736572265625,498.0784775689988
3107,478.6047668457031,487.2070066756794
3108,487.9892272949219,480.2833134057415
3109,487.9892272949219,488.04933376849885
3110,478.6047668457031,494.37764771492687
3111,478.6047668457031,488.27792336636446
3112,478.6047668457031,485.1072499429814
3113,478.6047668457031,484.69985502515465
3114,487.9892272949219,484.74117258912975
3115,497.3736572265625,488.69516302880146
3116,506.758056640625,483.2914259216816
3117,525.5267944335938,477.0265364212538
3118,525.5267944335938,492.2595211325588
3119,525.5267944335938,510.8188967341897
3120,506.758056640625,525.2759450681073
3121,497.3736572265625,532.8342565012827
3122,525.5267944335938,525.6303325176234
3123,525.5267944335938,519.626883465107
3124,553.6801147460938,525.7267362741566
3125,581.8333129882812,530.8540964821711
3126,553.6801147460938,536.4433889239435
3127,553.6801147460938,556.0996243955616
3128,563.0643920898438,574.4514136889848
3129,567.7567138671875,576.8376489863726
3130,638.1397094726562,568.4633915731588
3131,689.7540283203125,584.8522111963035
3132,666.2929077148438,600.8340271221961
3133,638.1397094726562,643.533244217959
3134,619.3709106445312,683.2763563179817
3135,661.6007080078125,691.8433424162356
3136,675.6773681640625,675.3594999867952
3137,666.2929077148438,684.7502418787981
3138,647.524169921875,689.4080819256404
3139,652.2163696289062,687.7177579612253
3140,656.9085693359375,673.572506586203
3141,628.7553100585938,664.1636868001826
3142,647.524169921875,648.4972304220378
3143,652.2163696289062,640.77786238292
3144,647.524169921875,630.3441125709661
3145,652.2163696289062,643.4844817848391
3146,689.7540283203125,642.0188381320995
3147,685.061767578125,636.3482823890002
3148,689.7540283203125,719.4887399559966
3149,685.061767578125,724.9678775299919
3150,675.6773681640625,715.3495094937775
3151,717.9071044921875,700.8513479648418
3152,717.9071044921875,699.2104462533217
3153,722.5993041992188,734.9546176914886
3154,722.5993041992188,748.4169497600849
3155,722.5993041992188,736.0948796888114
3156,708.5228271484375,730.698891084715
3157,708.5228271484375,723.7760269688309
3158,713.2150268554688,711.2787192756725
3159,727.2916870117188,723.6531077999163
3160,717.9071044921875,723.7267798893275
3161,708.5228271484375,749.088447761376
3162,708.5228271484375,761.6923834980263
3163,703.8306274414062,739.8116152868442
3164,703.8306274414062,713.5835164632865
3165,685.061767578125,692.4985084183127
3166,689.7540283203125,690.569773467874
3167,703.8306274414062,708.1679317957786
3168,713.2150268554688,706.1483227288695
3169,713.2150268554688,709.62431753477
3170,703.8306274414062,719.7252765867297
3171,694.4461669921875,726.7441765950246
3172,694.4461669921875,717.4686987947215
3173,717.9071044921875,710.1301949333774
3174,731.98388671875,692.5853769032275
3175,783.5980224609375,738.8389591906438
3176,760.136962890625,747.2406020440841
3177,755.4447631835938,796.1482655838206
3178,736.6759643554688,801.2009201794133
3179,774.213623046875,779.4896497419833
3180,764.8292846679688,785.1857278832999
3181,760.136962890625,759.3870549511244
3182,788.290283203125,760.0110342503763
3183,844.5967407226562,774.3759647367427
3184,844.5967407226562,783.4096098307721
3185,825.8278198242188,863.0643143391198
3186,807.0591430664062,856.8559591312878
3187,835.2122192382812,870.0598286996307
3188,839.9044799804688,868.5963601165039
3189,844.5967407226562,816.05665147448
3190,853.9810791015625,813.6637595882097
3191,853.9810791015625,868.6953681174595
3192,811.751220703125,857.1474476549786
3193,807.0591430664062,859.7091599778865
3194,830.52001953125,843.7725854999418
3195,839.9044799804688,829.0412273129404
3196,853.9810791015625,822.9603749777707
3197,839.9044799804688,837.4465838422834
3198,839.5794677734375,844.3235642077838
3199,844.046630859375,842.4303836167351
3200,839.2508544921875,830.0853424747042
3201,863.2294921875,828.7641263638162
3202,863.2294921875,827.1967332465418
3203,853.6380004882812,834.698977516166
3204,853.6380004882812,846.5051035579258
3205,877.6165771484375,853.4234248438535
3206,887.2081298828125,845.1641862795913
3207,872.8209228515625,853.0019810200171
3208,863.2294921875,934.0356738238162
3209,863.2294921875,899.839281922173
3210,887.2081298828125,900.3995798544502
3211,935.165283203125,869.5927230117065
3212,925.5738525390624,870.3267929484917
3213,930.3695678710938,984.1077265760174
3214,935.165283203125,960.788387759774
3215,935.165283203125,962.0183151771647
3216,892.0037841796875,957.0445353207149
3217,877.6165771484375,937.6780424779844
3218,920.7781372070312,938.5326083517665
3219,939.9609985351562,911.4959733826367
3220,968.7352905273438,887.2046791637594
3221,968.7352905273438,934.5184984040836
3222,997.5096435546876,972.047085274429
3223,1007.1010131835938,965.6765428623894
3224,1031.07958984375,968.7581464552361
3225,1026.283935546875,1010.4218296957579
3226,1007.1010131835938,1018.7075544768363
3227,968.7352905273438,1000.8648599333137
3228,973.5309448242188,1013.6065753816029
3229,949.5524291992188,1033.2669624626028
3230,963.9395141601562,985.7999949650798
3231,973.5309448242188,971.6059519613723
3232,963.9395141601562,948.4456939411912
3233,954.34814453125,940.1726283572153
3234,963.9395141601562,948.0208867882352
3235,959.1439208984376,945.3303402748884
3236,954.34814453125,944.8908185570347
3237,944.7567749023438,946.6790586082641
3238,920.7781372070312,940.5338358907794
3239,911.186767578125,935.638977486377
3240,930.3695678710938,930.6672062848181
3241,954.34814453125,915.1906838462273
3242,935.165283203125,908.2825459734672
3243,939.9609985351562,928.1568314438871
3244,949.5524291992188,931.0151940664263
3245,939.9609985351562,930.7338655994506
3246,949.5524291992188,928.4014902808792
3247,954.34814453125,928.0638727640562
3248,959.1439208984376,929.5320593505312
3249,997.5096435546876,933.0051871519219
3250,997.5096435546876,938.8851039286529
3251,997.5096435546876,983.7329956566186
3252,1031.07958984375,1009.8662964797334
3253,1045.466796875,1002.1988169888871
3254,1083.83251953125,1057.5513198151712
3255,1083.83251953125,1084.1921096320964
3256,1112.6068115234375,1101.5892564930928
3257,1117.402587890625,1077.4863787742645
3258,1112.6068115234375,1087.0162316956828
3259,1150.972412109375,1088.657910009239
3260,1146.1768798828125,1096.7117752891413
3261,1146.1768798828125,1121.0940896023153
3262,1146.1768798828125,1145.7165082442991
3263,1179.7469482421875,1141.5236980806899
3264,1155.768310546875,1132.9620635295507
3265,1170.155517578125,1137.0315049125402
3266,1165.3597412109375,1143.7287807346688
3267,1179.7469482421875,1149.8275708251424
3268,1198.9296875,1158.0685212873173
3269,1198.9296875,1160.4978725955011
3270,1203.7255859375,1188.4082257292323
3271,1203.7255859375,1178.799895128359
3272,1203.7255859375,1180.2169310844747
3273,1208.5213623046875,1179.6236304852123
3274,1198.9296875,1196.723356283654
3275,1280.45703125,1186.5335901612455
3276,1270.865478515625,1184.017492989521
3277,1294.8443603515625,1245.638634026814
3278,1285.2529296875,1279.1819561679667
3279,1294.8443603515625,1293.3916012817565
3280,1246.886962890625,1273.633724369195
3281,1227.7041015625,1273.5918228939145
3282,1232.5,1268.733447267878
3283,1266.070068359375,1246.3935612754308
3284,1251.6827392578125,1222.8244719156114
3285,1246.886962890625,1232.206104791249
3286,1237.2955322265625,1243.0696578472662
3287,1237.2955322265625,1256.5590366875317
3288,1218.1126708984375,1229.0954457718422
3289,1213.317138671875,1215.970754576521
3290,1179.7469482421875,1212.1461822385936
3291,1146.1768798828125,1205.0887032103465
3292,1160.56396484375,1191.5478467493904
3293,1174.9512939453125,1166.5835363598276
3294,1160.56396484375,1143.4116468264415
3295,1141.3812255859375,1153.571283125488
3296,1155.768310546875,1144.3392249698597
3297,1155.768310546875,1143.0111303837932
3298,1155.768310546875,1133.7206343847135
3299,1126.993896484375,1134.5350271606794
3300,1112.6068115234375,1136.7364662081118
3301,1126.993896484375,1135.1123052337198
3302,1155.768310546875,1123.947173666653
3303,1117.402587890625,1108.7128809940239
3304,1103.0152587890625,1121.3290087987323
3305,1103.0152587890625,1133.9387836484373
3306,1098.2198486328125,1124.6800057114708
3307,1059.85400390625,1093.8692483412065
3308,1026.283935546875,1085.5873773747442
3309,1035.8753662109375,1077.5194515106064
3310,1021.4882202148438,1055.1431761656022
3311,987.918212890625,1020.8897010947362
3312,1045.466796875,1013.2049144727957
3313,1069.4454345703125,1003.8606986336129
3314,1045.466796875,1006.5192234509677
3315,1045.466796875,1036.1804463123783
3316,1064.6495361328125,1039.7165197524987
3317,1079.0367431640625,1040.1548736477414
3318,1131.7896728515625,1039.3647715820832
3319,1117.402587890625,1058.1984803932503
3320,1093.4239501953125,1084.2240612587318
3321,1093.4239501953125,1096.1473432648213
3322,1103.0152587890625,1109.5085886082145
3323,1079.0367431640625,1087.2288221237784
3324,1074.240966796875,1078.5504520244494
3325,1064.6495361328125,1088.1237946598992
3326,1059.85400390625,1060.6033074266043
3327,1064.6495361328125,1054.3947887236068
3328,1107.81103515625,1050.261677651869
3329,1189.3382568359375,1047.907767684352
3330,1198.9296875,1089.5658687327934
3331,1213.317138671875,1194.136535774611
3332,1189.3382568359375,1201.402961624408
3333,1198.9296875,1235.4211671520738
3334,1222.908447265625,1204.0648497708823
3335,1246.886962890625,1189.3043193750595
3336,1256.478515625,1197.0510940211886
3337,1261.2742919921875,1234.4567792399587
3338,1256.478515625,1236.251722592975
3339,1246.886962890625,1262.2131199277592
3340,1270.865478515625,1252.25388198875
3341,1290.048583984375,1239.422828110724
3342,1294.8443603515625,1249.9780759974528
3343,1333.2100830078125,1261.4879020863648
3344,1333.2100830078125,1267.6610124077988
3345,1323.6185302734375,1286.55624211411
3346,1314.027099609375,1313.5996037414789
3347,1318.8228759765625,1325.613275217655
3348,1333.2100830078125,1315.1278631230607
3349,1323.6185302734375,1303.773170589786
3350,1328.414306640625,1305.526446032044
3351,1381.167236328125,1304.0811487687433
3352,1381.167236328125,1307.1013716051589
3353,1366.7799072265625,1351.5439354613193
3354,1318.8228759765625,1372.0024125146365
3355,1347.5970458984375,1387.7159795867958
3356,1366.7799072265625,1353.3692889151243
3357,1385.962890625,1394.7237560847216
3358,1366.7799072265625,1416.7666414307541
3359,1338.0057373046875,1409.2666977716735
3360,1294.8443603515625,1390.2404383684147
3361,1275.661376953125,1357.382487961171
3362,1318.8228759765625,1331.7970360813008
3363,1318.8228759765625,1296.6076446135744
3364,1342.8013916015625,1284.0100151190234
3365,1366.7799072265625,1309.130393322312
3366,1376.3714599609375,1311.9977248225032
3367,1395.55419921875,1319.0211034305112
3368,1405.145751953125,1358.2216385764887
3369,1385.962890625,1368.562520944753
3370,1371.5758056640625,1373.5943415849665
3371,1347.5970458984375,1388.551019466523
3372,1342.8013916015625,1383.509529255091
3373,1323.6185302734375,1353.3593390664792
3374,1299.6400146484375,1348.404921708919
3375,1275.661376953125,1335.6185720804397
3376,1270.865478515625,1306.9893540603175
3377,1270.865478515625,1287.2209667442576
3378,1270.865478515625,1264.9063991460157
3379,1237.2955322265625,1252.7322688430959
3380,1198.9296875,1258.6583146129592
3381,1280.45703125,1251.8105298127325
3382,1256.478515625,1233.261536154113
3383,1256.478515625,1217.3032401756045
3384,1256.478515625,1257.6751014003557
3385,1213.317138671875,1265.1762128820474
3386,1232.5,1244.332260941311
3387,1242.0914306640625,1234.2429742763475
3388,1246.886962890625,1222.2380381133012
3389,1285.2529296875,1218.8935342942796
3390,1275.661376953125,1221.175553101867
3391,1246.886962890625,1233.0641274199593
3392,1246.886962890625,1256.8192275652495
3393,1227.7041015625,1263.2774734553707
3394,1227.7041015625,1242.218642154221
3395,1222.908447265625,1223.4916723296942
3396,1222.908447265625,1215.151223381067
3397,1285.2529296875,1211.3938241997212
3398,1251.6827392578125,1203.4692602393025
3399,1222.908447265625,1276.2912682155568
3400,1198.9296875,1283.91018964224
3401,1194.134033203125,1272.6920856415413
3402,1218.1126708984375,1222.780468359631
3403,1242.0914306640625,1179.4167390314578
3404,1270.865478515625,1188.4649819081242
3405,1266.070068359375,1232.1254783181894
3406,1338.0057373046875,1247.696757883432
3407,1385.962890625,1249.3818791981153
3408,1371.5758056640625,1313.565129618004
3409,1376.3714599609375,1407.6878950274904
3410,1323.6185302734375,1431.444022856678
3411,1328.414306640625,1376.7798346772825
3412,1318.8228759765625,1368.4693754133045
3413,1309.2313232421875,1321.8209814966945
3414,1309.2313232421875,1310.5193081099565
3415,1304.435546875,1300.8508112881673
3416,1280.45703125,1292.8895776977652
3417,1357.1885986328125,1288.1688650011063
3418,1309.2313232421875,1286.6110363510156
3419,1280.45703125,1289.5532486370203
3420,1280.45703125,1316.5302779400874
3421,1275.661376953125,1317.843003980594
3422,1256.478515625,1297.11929105588
3423,1246.886962890625,1267.646437981614
3424,1246.886962890625,1268.2640760040886
3425,1304.435546875,1264.2391053061237
3426,1290.048583984375,1240.03742979441
3427,1232.5,1252.0513348351085
3428,1266.070068359375,1270.2356408487835
3429,1266.070068359375,1277.0198493860707
3430,1261.2742919921875,1249.8416276035905
3431,1261.2742919921875,1249.1079080135885
3432,1242.0914306640625,1247.5001899815584
3433,1246.886962890625,1248.2616103238918
3434,1237.2955322265625,1238.4519003919877
3435,1213.317138671875,1231.0670106165371
3436,1232.5,1226.5915873810802
3437,1232.5,1220.8939210010126
3438,1198.9296875,1211.9562475691503
3439,1179.7469482421875,1203.165532934649
3440,1165.3597412109375,1201.4780759747437
3441,1173.52001953125,1191.1813373011728
3442,1163.8614501953125,1172.1246210842205
3443,1197.66650390625,1151.9369387379284
3444,1178.3494873046875,1153.0874775742273
3445,1144.544189453125,1177.6698632571079
3446,1139.715087890625,1177.9304278380612
3447,1149.3736572265625,1186.9791378437717
3448,1062.4462890625,1138.9415021491861
3449,1110.7391357421875,1128.411619369567
3450,1110.7391357421875,1125.810177721435
3451,1188.008056640625,1082.2743580533136
3452,1207.3253173828125,1078.5597946053372
3453,1192.837158203125,1119.7394153736238
3454,1173.52001953125,1186.870950757094
3455,1178.3494873046875,1202.7568417337238
3456,1149.3736572265625,1187.340695724119
3457,1115.5682373046875,1158.091877739536
3458,1101.08056640625,1157.6613716122388
3459,1096.2513427734375,1143.8394903181859
3460,1091.4219970703125,1111.4014889218365
3461,1154.2027587890625,1093.7577913512182
3462,1130.056396484375,1076.2606788747253
3463,1130.056396484375,1096.3550755508554
3464,1115.5682373046875,1128.222572245308
3465,1091.4219970703125,1141.0958545889457
3466,1086.592529296875,1116.6407148577532
3467,1076.9339599609375,1095.6303248385054
3468,1062.4462890625,1085.126134156327
3469,1062.4462890625,1078.194639831348
3470,1081.7633056640625,1057.5820569062912
3471,1047.9581298828125,1046.8357532404125
3472,1023.811767578125,1047.307179871997
3473,1009.3239135742188,1048.119984409212
3474,994.8359985351562,1043.8365979238984
3475,961.0308837890624,1020.3727293813248
3476,932.0550537109376,1001.6265839095261
3477,951.3722534179688,979.4933791627631
3478,956.2015991210938,958.3592933725645
3479,951.3722534179688,937.4446414509616
3480,932.0550537109376,943.8227046406157
3481,936.8843383789062,935.5801192267857
3482,951.3722534179688,934.7823796012518
3483,970.6893920898438,920.6249595146235
3484,965.8601684570312,923.6383155540866
3485,975.5187377929688,939.5059651415336
3486,956.2015991210938,958.5407496498525
3487,965.8601684570312,955.0277757409765
3488,961.0308837890624,943.5960069153799
3489,961.0308837890624,947.6317215813652
3490,956.2015991210938,943.9370111177747
3491,961.0308837890624,943.6983548890028
3492,951.3722534179688,942.1883368966039
3493,961.0308837890624,936.8943867931386
3494,1009.3239135742188,937.6567881064652
3495,970.6893920898438,940.3452558955646
3496,999.6652221679688,962.0810038949201
3497,985.1773071289062,983.1830913455788
3498,990.0066528320312,981.2610888924921
3499,980.3480224609376,971.2066266977871
3500,985.1773071289062,973.7330707778445
3501,1081.7633056640625,965.1873419706662
3502,1052.78759765625,966.4905152222153
3503,1033.4703369140625,1013.4545482341105
3504,1052.78759765625,1055.5307998466255
3505,1028.6412353515625,1059.6401340500047
3506,975.5187377929688,1031.5242441367477
3507,970.6893920898438,1032.0761571026785
3508,951.3722534179688,1018.4551179412554
3509,951.3722534179688,986.9095432277347
3510,956.2015991210938,960.4145210291073
3511,917.5671997070312,941.2632111806687
3512,922.3964233398438,937.5075170203347
3513,922.3964233398438,934.4662266640179
3514,927.2257690429688,924.6155728713743
3515,927.2257690429688,908.2919352672592
3516,888.5914306640625,910.8855291474458
3517,801.6639404296875,913.5549847844391
3518,758.2001953125,905.2237849908906
3519,816.15185546875,888.9360696102882
3520,811.322509765625,822.473883434505
3521,772.6881103515625,786.2100017389041
3522,748.5416259765625,816.7443588536108
3523,714.736572265625,797.5998223763157
3524,676.1021118164062,773.7259663497191
3525,622.9798583984375,734.1596925184472
3526,622.9798583984375,707.4187210388425
3527,598.833251953125,681.5755657434161
3528,632.638427734375,651.1818597241928
3529,671.2728271484375,619.3389048219092
3530,676.1021118164062,624.9217413943104
3531,705.077880859375,648.7923048910333
3532,700.2485961914062,667.1880291308582
3533,690.5900268554688,668.8360458016356
3534,680.931396484375,681.2342462289164
3535,671.2728271484375,674.1039826564422
3536,666.4435424804688,668.0501478973767
3537,680.931396484375,657.0092522192185
3538,666.4435424804688,655.3219675131484
3539,642.2970581054688,665.2544272796885
3540,642.2970581054688,662.4494516678086
3541,642.2970581054688,650.8139868430768
3542,651.9556884765625,638.9248302559296
3543,685.7607421875,636.3585006543738
3544,676.1021118164062,645.1977286473287
3545,666.4435424804688,656.9355319571247
3546,651.9556884765625,680.8326991828139
3547,632.638427734375,677.2740984445285
3548,627.8091430664062,650.4978689405212
3549,594.0040283203125,640.8117982131603
3550,608.4920043945312,637.8146639596522
3551,618.1505737304688,630.0539714226127
3552,618.1505737304688,621.2974426053792
3553,603.6626586914062,626.2921739293583
3554,642.2970581054688,658.1626317840187
3555,637.4677734375,630.9528539748126
3556,709.9072265625,627.1120948856086
3557,709.9072265625,670.0717802169593
3558,748.5416259765625,698.0194890764581
3559,787.176025390625,723.8046853357034
3560,796.8346557617188,738.6000343626713
3561,792.0053100585938,758.0999042257974
3562,825.8103637695312,810.2091184187502
3563,869.274169921875,792.6728138154342
3564,878.9328002929688,794.9653079918418
3565,854.7862548828125,832.2563830995741
3566,898.25,856.7274519311799
3567,903.0792236328124,869.4498048805796
3568,898.25,855.026798575771
3569,883.7620849609375,883.9654895877924
3570,840.2982788085938,889.6016350727157
3571,801.6639404296875,890.27327321272
3572,835.4690551757812,869.4431015787927
3573,820.9810791015625,845.9278488413378
3574,835.4690551757812,818.3575890083647
3575,849.95703125,815.4604546751424
3576,845.127685546875,807.200982546358
3577,907.9085693359376,821.151289292936
3578,932.0550537109376,826.422034761122
3579,946.54296875,929.0488844234806
3580,980.3480224609376,923.5513127695715
3581,927.2257690429688,943.449772168038
3582,903.0792236328124,964.3479811472787
3583,941.713623046875,960.507035936346
3584,932.0550537109376,930.6072035590679
3585,927.2257690429688,915.3245630303456
3586,922.3964233398438,929.41793972499
3587,927.2257690429688,925.7450909006764
3588,961.0308837890624,917.5366759764422
3589,956.2015991210938,906.3705867948347
3590,946.54296875,929.0098791482751
3591,956.2015991210938,952.1290064560989
3592,936.8843383789062,946.6024728014386
3593,936.8843383789062,934.4705943205828
3594,941.713623046875,936.7471477183511
3595,941.713623046875,923.0264465753103
3596,946.54296875,923.1376700007762
3597,927.2257690429688,931.8825125631199
3598,922.3964233398438,935.2484576052784
3599,893.4207153320312,922.0122393506124
3600,893.4207153320312,912.441909697499
3601,835.4690551757812,904.1514669130725
3602,816.15185546875,887.0842299396669
3603,767.85888671875,878.5143272044422
3604,796.8346557617188,851.683649430978
3605,811.322509765625,814.5353289592072
3606,859.6156005859375,787.1347887862821
3607,840.2982788085938,790.250154130811
3608,849.95703125,813.6197677104556
3609,835.4690551757812,831.3590515617793
3610,811.322509765625,841.9515529897972
3611,840.2982788085938,831.0840526933549
3612,845.127685546875,824.1292719855138
3613,840.2982788085938,814.4929837113344
3614,820.9810791015625,818.0856615134071
3615,835.4690551757812,825.3585921351469
3616,864.4448852539062,834.040722623283
3617,854.7862548828125,817.2875131499595
3618,869.274169921875,827.1383771506731
3619,849.95703125,857.8785746787844
3620,845.127685546875,860.1154221077807
3621,859.6156005859375,840.2011503911622
3622,859.6156005859375,833.8999065728558
3623,912.7378540039062,842.7939968648777
3624,898.25,851.2785084107904
3625,903.0792236328124,944.2274719575679
3626,912.7378540039062,937.9815829310202
3627,883.7620849609375,935.455909613886
3628,878.9328002929688,973.8410710129044
3629,883.7620849609375,925.1828076699605
3630,898.25,897.6133653128151
3631,1052.78759765625,872.5399102220338
3632,1033.4703369140625,883.8805655275248
3633,1014.1531372070312,1060.976309968539
3634,1067.2755126953125,1075.1100466126175
3635,1115.5682373046875,1084.4487970419814
3636,1101.08056640625,1110.7647920343516
3637,1096.2513427734375,1130.603388845781
3638,1086.592529296875,1128.7742049338121
3639,1062.4462890625,1109.5648309451574
3640,1043.1290283203125,1112.9375960713637
3641,1086.592529296875,1076.3308883700952
3642,1081.7633056640625,1079.459578570615
3643,1110.7391357421875,1091.7892161324073
3644,1110.7391357421875,1070.3081001751416
3645,1110.7391357421875,1096.8497184959456
3646,1105.909912109375,1097.1811932658352
3647,1086.592529296875,1122.3706131418828
3648,1072.1046142578125,1156.589964436057
3649,1047.9581298828125,1108.6211835626127
3650,1062.4462890625,1107.5857920357525
3651,1043.1290283203125,1072.7897699362954
3652,1043.1290283203125,1071.546646123401
3653,1038.299560546875,1046.8663034799147
3654,1057.6168212890625,1057.1280074751573
3655,1134.8856201171875,1037.5333921636056
3656,1168.690673828125,1048.7120237600548
3657,1149.3736572265625,1106.0821970677139
3658,1197.66650390625,1186.066647968487
3659,1202.4957275390625,1181.8411854846759
3660,1216.9840087890625,1164.0493612940859
3661,1216.9840087890625,1250.4280146929962
3662,1216.9840087890625,1196.6956088184183
3663,1212.154541015625,1188.384075157638
3664,1245.959716796875,1204.0510227511686
3665,1255.6182861328125,1241.2155292443272
3666,1236.3011474609375,1246.9202959858694
3667,1216.9840087890625,1247.9758207745422
3668,1226.6424560546875,1242.3314071055336
3669,1241.13037109375,1225.6764348702425
3670,1265.27685546875,1217.1974354470533
3671,1226.6424560546875,1225.6016007973333
3672,1231.4718017578125,1294.9311651862122
3673,1231.4718017578125,1264.8048452917683
3674,1226.6424560546875,1236.1667518198028
3675,1255.6182861328125,1233.8909458285057
3676,1245.959716796875,1212.1843933944238
3677,1231.4718017578125,1281.6934754750564
3678,1221.813232421875,1274.0064933466074
3679,1241.13037109375,1284.4112322552382
3680,1265.27685546875,1247.8287685513726
3681,1265.27685546875,1212.2693641675958
3682,1289.42333984375,1284.1632801584833
3683,1289.42333984375,1262.182896678588
3684,1298.136962890625,1295.4718203421735
3685,1298.136962890625,1315.1985864603794
3686,1298.136962890625,1345.1552917988101
3687,1298.136962890625,1322.6278067821413
3688,1249.5177001953125,1282.3311066206302
3689,1225.2081298828125,1278.1622601769975
3690,1234.931884765625,1282.3937953383854
3691,1298.136962890625,1264.0998541379954
3692,1249.5177001953125,1227.6080134687388
3693,1234.931884765625,1238.1782094848877
3694,1166.8646240234375,1255.7923844999013
3695,1171.7265625,1259.7598048995987
3696,1171.7265625,1221.2821986626982
3697,1152.27880859375,1176.420900331159
3698,1142.554931640625,1154.9912619945835
3699,1103.6595458984375,1162.1908416781298
3700,1113.3834228515625,1145.6263523387345
3701,1123.1070556640625,1126.5650582571473
3702,1176.5885009765625,1111.62174026626
3703,1171.7265625,1096.454200334072
3704,1181.450439453125,1127.0822635350808
3705,1191.1744384765625,1146.9005869459843
3706,1191.1744384765625,1160.9830795338949
3707,1176.5885009765625,1173.9231613308784
3708,1142.554931640625,1169.7309584350269
3709,1137.693115234375,1166.5644774948173
3710,1137.693115234375,1159.941241626222
3711,1137.693115234375,1140.3654516151587
3712,1137.693115234375,1123.4320237565148
3713,1162.002685546875,1116.6800938361941
3714,1166.8646240234375,1119.3580045088906
3715,1157.140869140625,1126.270860384999
3716,1166.8646240234375,1142.0087648803706
3717,1162.002685546875,1150.273585636713
3718,1162.002685546875,1144.3617405897987
3719,1157.140869140625,1146.3287275698588
3720,1157.140869140625,1144.1181327931563
3721,1152.27880859375,1146.194474682505
3722,1239.7938232421875,1144.7503919547198
3723,1230.0699462890625,1137.7632625605556
3724,1191.1744384765625,1181.2538174242768
3725,1157.140869140625,1231.0408981029564
3726,1162.002685546875,1245.6769853213573
3727,1176.5885009765625,1192.241720231907
3728,1157.140869140625,1151.5438029341813
3729,1186.3125,1154.8008601960955
3730,1162.002685546875,1143.1538383068503
3731,1162.002685546875,1147.5725053634153
3732,1162.002685546875,1152.9415464607641
3733,1152.27880859375,1153.417364105366
3734,1147.4169921875,1148.2833356302428
3735,1093.935546875,1142.1826303106873
3736,1137.693115234375,1131.6051937943507
3737,1123.1070556640625,1112.7812946931153
3738,1132.8310546875,1111.211881242724
3739,1132.8310546875,1116.0484886552927
3740,1132.8310546875,1115.0845211593178
3741,1132.8310546875,1104.3924044625867
3742,1137.693115234375,1125.678353905112
3743,1137.693115234375,1132.7145785618402
3744,1166.8646240234375,1124.7925838111655
3745,1210.6219482421875,1110.0280361055611
3746,1225.2081298828125,1130.5791448483778
3747,1234.931884765625,1228.9491876680477
3748,1230.0699462890625,1224.9470595803532
3749,1220.3460693359375,1251.2226479103847
3750,1181.450439453125,1230.308533187183
3751,1166.8646240234375,1216.0870697085707
3752,1186.3125,1205.0534816804006
3753,1210.6219482421875,1179.9922420141297
3754,1220.3460693359375,1155.638048869427
3755,1230.0699462890625,1190.2310099732936
3756,1414.823486328125,1221.416451550052
3757,1487.75244140625,1236.1623140938814
3758,1492.614501953125,1399.2585514217185
3759,1448.85693359375,1495.2499264345192
3760,1409.96142578125,1570.6223188543554
3761,1390.5137939453125,1535.2410307751993
3762,1400.2376708984375,1484.2706188013058
3763,1351.6182861328125,1418.8562030720586
3764,1346.7564697265625,1388.4767459484672
3765,1458.5809326171875,1387.070033544232
3766,1487.75244140625,1347.4759421783674
3767,1857.2596435546875,1409.6567972366324
3768,1803.7784423828125,1513.554284612599
3769,1954.498291015625,1763.7272996961672
3770,2012.841552734375,1866.7253300971872
3771,2139.252197265625,1999.6815606495802
3772,2430.96826171875,2128.217442480848
3773,2742.132080078125,2162.345890462987
3774,2897.7138671875,2354.087321624264
3775,2897.7138671875,2594.23780278331
3776,2732.408203125,2724.8168136288714
3777,2644.89306640625,2723.8833029465895
3778,2528.20703125,2786.6658202140115
3779,2285.10986328125,2663.101405950423
3780,2294.833984375,2478.564319188946
3781,2528.20703125,2590.582798288491
3782,2362.90087890625,2407.292572372263
3783,2139.252197265625,2259.954279375801
3784,1993.393798828125,2437.2125613678063
3785,2207.319091796875,2433.5334530142977
3786,2071.18505859375,2204.7358892981574
3787,2032.2894287109373,2098.4204018497853
3788,1964.22216796875,2182.7423327792108
3789,2246.214111328125,2158.7401213694457
3790,2430.96826171875,2050.9834473933633
3791,2499.035400390625,2113.3019186681013
3792,2537.930908203125,2449.505529299615
3793,2372.625,2481.253113968376
3794,2382.348876953125,2296.3464347069876
3795,2372.625,2292.9315345409786
3796,2401.796142578125,2360.714387951023
3797,2586.55029296875,2309.8720627610974
3798,2518.483154296875,2370.1040554462234
3799,2460.139892578125,2459.646153446555
3800,2392.07275390625,2492.9645996657455
3801,2372.625,2532.1107609909573
3802,2460.139892578125,2452.1053827089963
3803,2479.587646484375,2381.634855629228
3804,2421.243896484375,2404.660767336247
3805,2440.692138671875,2483.4310564248763
3806,2421.243896484375,2465.2139579522864
3807,2372.625,2416.6854163449657
3808,2333.729248046875,2420.6451758283356
3809,2265.662109375,2419.898143060569
3810,2265.662109375,2378.7250153859986
3811,2294.833984375,2318.229375068226
3812,2275.38623046875,2272.1612955634446
3813,2255.9384765625,2248.631445043353
3814,2197.59521484375,2264.552137133789
3815,2158.699462890625,2270.3622881877427
3816,2080.90869140625,2257.4670974919236
3817,2110.080078125,2209.743512653872
3818,2265.662109375,2157.653579212226
3819,2401.796142578125,2112.912706748327
3820,2304.5576171875,2215.8832699615377
3821,2401.796142578125,2375.5545171360072
3822,2362.90087890625,2414.6849829253283
3823,2343.453125,2379.2444628833455
3824,2430.96826171875,2297.5787211260526
3825,2508.75927734375,2364.9581618933735
3826,2440.692138671875,2402.471800634299
3827,2411.520263671875,2468.6391349572714
3828,2314.28173828125,2470.6773124036945
3829,2275.38623046875,2459.564499289598
3830,2207.319091796875,2359.4520184215
3831,2119.80419921875,2321.3464337555406
3832,2265.662109375,2257.4979280088523
3833,2810.19921875,2195.481595800017
3834,2625.44580078125,2171.8354301478757
3835,2615.721923828125,2554.285563579122
3836,2518.483154296875,2774.116865565884
3837,2528.20703125,2757.4545594045962
3838,2528.20703125,2535.3847750371824
3839,2654.6171875,2436.6475220757284
3840,2615.721923828125,2469.772763722164
3841,2596.27392578125,2590.4129501679563
3842,2528.20703125,2588.228654756452
3843,2800.475341796875,2623.137768797553
3844,2771.3037109375,2594.3743913158855
3845,2771.3037109375,2718.698917960483
3846,2693.512939453125,2727.400597799126
3847,2615.721923828125,2752.7509436309615
3848,2722.684326171875,2694.185106821317
3849,2703.236572265625,2638.641221225552
3850,2703.236572265625,2636.215700375532
3851,2742.132080078125,2629.7050426066317
3852,2742.132080078125,2711.682266010714
3853,2722.684326171875,2692.6916018406364
3854,2605.997802734375,2764.0679855632593
3855,2567.1025390625,2675.7036133096094
3856,2625.44580078125,2653.963988139186
3857,2615.721923828125,2553.0927028514025
3858,2742.132080078125,2530.839796287018
3859,2674.065185546875,2599.2386994807857
3860,2674.065185546875,2650.8471163034887
3861,2654.6171875,2686.151047812896
3862,2625.44580078125,2697.4839721327025
3863,2586.55029296875,2649.662103343715
3864,2586.55029296875,2620.539597052731
3865,2586.55029296875,2602.87333714927
3866,2586.55029296875,2581.1940650513793
3867,2644.89306640625,2564.1401178992865
3868,2605.997802734375,2556.164917150457
3869,2362.90087890625,2593.9825634734625
3870,2343.453125,2610.659444060935
3871,2255.9384765625,2527.5480313371063
3872,2207.319091796875,2415.0523332058256
3873,2343.453125,2233.761793302764
3874,2304.5576171875,2237.5862722148822
3875,2217.04296875,2232.5457629744433
3876,2139.252197265625,2289.8183997376364
3877,2080.90869140625,2310.725600950982
3878,2119.80419921875,2240.236949264292
3879,2090.63232421875,2151.790268873023
3880,1983.669921875,2107.4858817881886
3881,1983.669921875,2101.432449927924
3882,2032.2894287109373,2080.149116408047
3883,2012.841552734375,2027.31252390187
3884,2119.80419921875,1986.5956878778468
3885,2129.528076171875,2021.5503937136784
3886,2119.80419921875,2065.9153207226636
3887,2032.2894287109373,2117.637156477341
3888,2012.841552734375,2156.695310690592
3889,2003.1177978515625,2115.703989640094
3890,2003.1177978515625,2054.070236118602
3891,2003.1177978515625,2013.815110442041
3892,2003.1177978515625,2008.3850155785922
3893,1993.393798828125,2000.7571719871612
3894,1944.7745361328125,1985.3079999541187
3895,1866.9835205078125,1995.2572880444825
3896,1784.33056640625,2010.6745084508896
3897,1769.744873046875,1963.4172118249348
3898,1789.1927490234375,1887.3656137745754
3899,1764.8829345703125,1806.9998921477825
3900,1735.7113037109375,1789.0536350951215
3901,1701.677734375,1772.8303368097386
3902,1794.0545654296875,1760.261389038512
3903,1823.2261962890625,1749.3255244064255
3904,1983.669921875,1743.0062961199105
3905,1939.91259765625,1815.5023881619036
3906,1871.845458984375,1914.7553515883494
3907,1842.673828125,1937.4738923841683
3908,1847.535888671875,1982.5531531278136
3909,1818.3641357421875,1930.3912818133335
3910,1769.744873046875,1857.212340534271
3911,1794.0545654296875,1839.6118524002577
3912,1774.606689453125,1819.6450753790511
3913,1774.606689453125,1786.4025843424768
3914,1769.744873046875,1788.7999840240252
3915,1808.640380859375,1780.1467921801882
3916,1832.949951171875,1765.1466245846004
3917,1808.640380859375,1773.1108945137912
3918,1789.1927490234375,1824.696235161702
3919,1769.744873046875,1831.0306918550634
3920,1750.297119140625,1820.0682942932563
3921,1760.0211181640625,1784.5053864416466
3922,1745.4351806640625,1762.470535715177
3923,1745.4351806640625,1761.4439729272553
3924,1725.987548828125,1755.802362032513
3925,1672.506103515625,1749.2822682569163
3926,1672.506103515625,1735.2894177326216
3927,1711.4017333984375,1715.9230883850566
3928,1653.0582275390625,1683.8983093413626
3929,1614.162841796875,1694.6041596319983
3930,1589.8531494140625,1698.8323314642666
3931,1983.669921875,1680.2593740856705
3932,1925.3267822265625,1613.5215817737053
3933,2003.1177978515625,1849.298427116064
3934,2246.214111328125,1967.726477259307
3935,2246.214111328125,2103.2466857104732
3936,2246.214111328125,2225.538079902327
3937,2392.07275390625,2163.964679453369
3938,2421.243896484375,2330.0210201096106
3939,2382.348876953125,2467.2668966765114
3940,2411.520263671875,2392.1768370510963
3941,2382.348876953125,2425.328798478871
3942,2372.225341796875,2413.468952597008
3943,2342.9384765625,2379.970568269924
3944,2430.798583984375,2401.7965188877483
3945,2479.60986328125,2383.5024375486446
3946,2401.51220703125,2372.6904555391266
3947,2391.75,2459.914659221263
3948,2391.75,2454.0518160111037
3949,2362.463134765625,2434.0562638407637
3950,2460.085693359375,2404.1461779809615
3951,2557.7080078125,2366.13962467241
3952,2538.183349609375,2379.5176399484963
3953,2626.0439453125,2541.911502045209
3954,2704.141845703125,2539.612853443642
3955,2918.910888671875,2571.983775109219
3956,2977.484619140625,2636.7631756155406
3957,2938.435546875,2749.1475101826422
3958,2899.386474609375,2857.318901324322
3959,2772.4775390625,2952.3800355581516
3960,2762.715087890625,2924.278299654939
3961,2694.37939453125,2830.5866009276033
3962,2694.37939453125,2754.202967552501
3963,2831.05078125,2725.404461966697
3964,2918.910888671875,2669.173522972463
3965,2850.5751953125,2730.840349230296
3966,2889.624267578125,2828.294492132657
3967,2879.86181640625,2876.83779501778
3968,2811.5263671875,2883.087981631536
3969,2801.76416015625,2818.578581712864
3970,2889.624267578125,2824.4300269743403
3971,2831.05078125,2816.1203618297377
3972,2850.5751953125,2799.084726136184
3973,2831.05078125,2816.9383982122495
3974,2928.67333984375,2811.589023247669
3975,2870.10009765625,2796.8387696908226
3976,2840.81298828125,2808.687965030474
3977,2821.288818359375,2892.1663543315644
3978,2821.288818359375,2834.768713836096
3979,2821.288818359375,2800.442016287524
3980,2821.288818359375,2769.072245589855
3981,2821.288818359375,2769.8387109258674
3982,2821.288818359375,2774.857171675412
3983,2821.288818359375,2772.7593885629262
3984,2821.288818359375,2772.7593885629262
3985,2762.715087890625,2772.7593885629262
3986,2723.666015625,2778.1160507405993
3987,2762.715087890625,2781.8224394302993
3988,2782.239501953125,2741.768366094437
3989,2772.4775390625,2712.371374776978
3990,2733.42822265625,2727.826245784362
3991,2831.05078125,2752.937795248712
3992,2850.5751953125,2759.9458520240646
3993,2967.72216796875,2769.3414987710335
3994,2909.14892578125,2807.4317616043368
3995,2967.72216796875,2864.8693883460037
3996,3094.63134765625,2889.1290812850293
3997,3075.10693359375,2921.5420445646
3998,3065.3447265625,2943.8098992584046
3999,3065.3447265625,3002.6027607836163
4000,3065.3447265625,3035.5316213797964
4001,3075.10693359375,3008.78754933116
4002,3075.10693359375,2977.1315219550966
4003,3153.204833984375,2977.9547901829055
4004,3123.918212890625,2982.5367655533846
4005,3114.156005859375,3014.3527379142424
4006,2957.9599609375,3050.3771692616956
4007,2879.86181640625,3060.515738040841
4008,2977.484619140625,3027.980573803261
4009,2977.484619140625,2921.6345361153867
4010,2987.246826171875,2909.7483441554205
4011,3026.295654296875,2887.9625666354127
4012,3202.01611328125,2925.1604261423395
4013,3153.204833984375,2946.156568725734
4014,3123.918212890625,3018.6237921927845
4015,3104.393798828125,3141.7223853733203
4016,3123.918212890625,3021.7901797071854
4017,3123.918212890625,3063.1107333081604
4018,3104.393798828125,3048.011627780974
4019,3123.918212890625,3019.7307011763387
4020,3084.869140625,3026.4657677381574
4021,3075.10693359375,3028.0123385782786
4022,3084.869140625,3013.423898522404
4023,3192.25390625,3002.659376823795
4024,3123.918212890625,2999.996367567614
4025,3123.918212890625,3040.606137614666
4026,3202.01611328125,3080.5281068567783
4027,3172.729736328125,3057.989691020471
4028,3172.729736328125,3061.6889793486966
4029,3143.4423828125,3085.7055783330284
4030,3114.156005859375,3088.194255029848
4031,3104.393798828125,3072.950900053758
4032,3084.869140625,3048.770805903894
4033,3045.8203125,3023.0521755334726
4034,2948.197998046875,3019.2994476425706
4035,2909.14892578125,3012.8394266620803
4036,2831.05078125,2972.547491216822
4037,2909.14892578125,2916.473133878263
4038,2889.624267578125,2853.340456679177
4039,2860.337646484375,2823.5974161656436
4040,2899.386474609375,2849.659666661109
4041,2850.5751953125,2838.5640438958453
4042,2850.5751953125,2827.691708813794
4043,2811.5263671875,2822.0665408614136
4044,2762.715087890625,2816.5357329759972
4045,2772.4775390625,2799.3362284136765
4046,2713.904052734375,2778.788716564501
4047,2665.0927734375,2744.1619353178216
4048,2674.85498046875,2719.4459507282495
4049,2655.330322265625,2691.816202011475
4050,2645.568115234375,2674.3055895055995
4051,2645.568115234375,2656.859067104613
4052,2655.330322265625,2627.3221239254585
4053,2655.330322265625,2620.6612374558867
4054,2665.0927734375,2622.012548355459
4055,2723.666015625,2625.668860811602
4056,2723.666015625,2655.7568294115026
4057,2694.37939453125,2652.300261334735
4058,2723.666015625,2691.6715788593365
4059,2860.337646484375,2686.159456135695
4060,2713.904052734375,2713.4625882246414
4061,2635.80615234375,2746.91818353126
4062,2635.80615234375,2790.926784505195
4063,2635.80615234375,2751.491376875705
4064,2616.281494140625,2645.4104816334184
4065,2616.281494140625,2632.3252628423475
4066,2616.281494140625,2598.2726766170153
4067,2626.0439453125,2591.672330071595
4068,2616.281494140625,2589.710574936832
4069,2557.7080078125,2593.144347116234
4070,2704.141845703125,2596.136588922891
4071,2655.330322265625,2592.267078770895
4072,2616.281494140625,2591.9032786711346
4073,2626.0439453125,2639.987113428209
4074,2596.757080078125,2666.055156323824
4075,2577.232666015625,2641.076084656459
4076,2586.99462890625,2594.03263970702
4077,2577.232666015625,2578.699035399556
4078,2606.51904296875,2569.3387036083423
4079,2577.232666015625,2567.2909967294136
4080,2557.7080078125,2579.4357913283466
4081,2499.134521484375,2573.065272272759
4082,2489.3720703125,2581.2957123314354
4083,2469.847900390625,2546.6313739095885
4084,2401.51220703125,2500.2363040737437
4085,2391.75,2477.307928911191
4086,2313.65185546875,2455.37453861316
4087,2323.414306640625,2417.1682409252335
4088,2313.65185546875,2369.8805809113937
4089,2274.60302734375,2335.5518279950265
4090,2196.5048828125,2322.6424365762587
4091,2206.267333984375,2301.1044243013876
4092,2216.02978515625,2279.2866951547444
4093,2216.02978515625,2230.6223124213193
4094,2196.5048828125,2216.895818878128
4095,2098.882568359375,2198.0098850398
4096,2216.02978515625,2209.110085669698
4097,2674.85498046875,2207.454954039664
4098,2606.51904296875,2165.666243710414
4099,2460.085693359375,2415.2866451344853
4100,2557.7080078125,2675.0619648542543
4101,2538.183349609375,2735.6289824900073
4102,2596.757080078125,2651.1191722589338
4103,2586.99462890625,2541.035167957959
4104,2538.183349609375,2612.7611510573934
4105,2518.6591796875,2551.3893635039885
4106,2499.134521484375,2561.0583741677265
4107,2528.421142578125,2560.871335698358
4108,2499.134521484375,2505.981243913102
4109,2499.134521484375,2500.0662691015905
4110,2499.134521484375,2556.32000399319
4111,2440.561279296875,2518.9887324311894
4112,2450.3232421875,2488.305641428753
4113,2635.80615234375,2510.614229775227
4114,2635.80615234375,2473.037995742355
4115,2538.183349609375,2532.8912401983016
4116,2440.561279296875,2585.321804139107
4117,2450.3232421875,2637.853641656733
4118,2460.085693359375,2595.9545954472023
4119,2469.847900390625,2464.912379441237
4120,2460.085693359375,2465.6132598594195
4121,2440.561279296875,2455.149569265388
4122,2440.561279296875,2454.4348618274926
4123,2411.274169921875,2448.2887515648235
4124,2372.225341796875,2434.8247845445717
4125,2381.987548828125,2423.121707170001
4126,2430.798583984375,2408.3196957150376
4127,2440.561279296875,2379.764657787163
4128,2440.561279296875,2406.7361282546017
4129,2401.51220703125,2433.798034905032
4130,2381.987548828125,2443.1776124128746
4131,2391.75,2423.0052986121427
4132,2381.987548828125,2402.2728036613944
4133,2391.75,2391.0192912791317
4134,2391.75,2397.7110082656327
4135,2401.51220703125,2380.4619880246078
4136,2381.987548828125,2378.334682356518
4137,2489.3720703125,2383.570451537506
4138,2577.232666015625,2381.153152158667
4139,2508.89697265625,2416.22987210089
4140,2381.987548828125,2524.9261294368307
4141,2381.987548828125,2552.5076704362255
4142,2381.987548828125,2535.642443418061
4143,2333.17626953125,2422.116445466503
4144,2352.700927734375,2416.163166073353
4145,2362.463134765625,2367.6282715110287
4146,2342.9384765625,2339.213185444849
4147,2352.700927734375,2360.885170329647
4148,2352.700927734375,2354.72392508594
4149,2372.225341796875,2347.5783455199235
4150,2381.987548828125,2339.7040446446795
4151,2401.51220703125,2358.3238083535225
4152,2401.51220703125,2374.0886661947543
4153,2391.75,2378.8442267181235
4154,2381.987548828125,2388.66701626327
4155,2362.463134765625,2400.5040662477677
4156,2342.9384765625,2381.014695109914
4157,2342.9384765625,2359.5992574962875
4158,2303.8896484375,2353.8210580689693
4159,2508.89697265625,2346.323076351875
4160,2450.3232421875,2326.8247363363694
4161,2333.17626953125,2385.141499939553
4162,2342.9384765625,2503.550491217785
4163,2313.65185546875,2506.194815312191
4164,2323.414306640625,2413.7230707971485
4165,2255.078369140625,2332.8406110214664
4166,2264.8408203125,2311.947797382688
4167,2206.267333984375,2300.8499323980113
4168,2167.21826171875,2278.054221884062
4169,2098.882568359375,2238.55752692395
4170,2050.0712890625,2215.759013635734
4171,2098.882568359375,2167.564749572569
4172,2157.4560546875,2111.8642823211285
4173,2079.35791015625,2081.7520230109203
4174,2069.595703125,2151.5873480161454
4175,2118.406982421875,2162.895888199836
4176,2157.4560546875,2129.650033834142
4177,2137.931640625,2100.5431296532406
4178,2137.931640625,2134.3385146267387
4179,2147.69384765625,2150.3872000753336
4180,2128.169189453125,2146.168931378806
4181,2089.120361328125,2149.3948311334607
4182,2108.644775390625,2141.597419698921
4183,2118.406982421875,2129.112088026638
4184,2128.169189453125,2122.05302075964
4185,2147.69384765625,2121.1970534987245
4186,2176.980712890625,2121.667826149647
4187,2186.742431640625,2129.4020817373867
4188,2186.742431640625,2156.5510612416892
4189,2186.742431640625,2174.759377688245
4190,2186.742431640625,2188.4855909540092
4191,2137.931640625,2177.648664253522
4192,2137.931640625,2188.100396344017
4193,2137.931640625,2184.070287226564
4194,2255.078369140625,2154.3605997267996
4195,2206.267333984375,2148.1327418813644
4196,2206.267333984375,2221.8500026711663
4197,2206.267333984375,2293.3782967590205
4198,2223.643310546875,2303.6194470763103
4199,2115.412841796875,2205.655946663961
4200,2115.412841796875,2222.1112212327816
4201,2105.57373046875,2209.3070272748073
4202,2066.217041015625,2168.368211528896
4203,2046.5389404296875,2151.3093128089326
4204,2066.217041015625,2113.8756465604047
4205,2017.0213623046875,2088.890969344507
4206,2066.217041015625,2045.56951519485
4207,2066.217041015625,2040.8583319306963
4208,2085.895263671875,2029.4497327057009
4209,2066.217041015625,2051.6875042890474
4210,2085.895263671875,2076.4590772349
4211,2066.217041015625,2090.213411669137
4212,1997.3431396484373,2075.8344322767607
4213,2007.182373046875,2060.576876577721
4214,1987.5040283203125,2062.3941954119628
4215,1967.8258056640625,2026.9068690397335
4216,1977.6649169921875,2001.3502390219014
4217,1977.6649169921875,1984.874130497702
4218,1987.5040283203125,1975.0308807004117
4219,1997.3431396484373,1969.7050490396678
4220,1997.3431396484373,1979.4193712207102
4221,2489.299560546875,1994.6212451376596
4222,2499.138671875,1993.4982669149788
4223,2499.138671875,2206.1608197351234
4224,2568.0126953125,2543.720973111506
4225,2656.56494140625,2681.4640618332414
4226,2646.725830078125,2618.8246729050165
4227,2656.56494140625,2538.881142508531
4228,2607.369140625,2638.9880178280964
4229,2607.369140625,2679.6254419145757
4230,2607.369140625,2625.2179878579695
4231,2607.369140625,2602.8608180908805
4232,2607.369140625,2586.4561803104707
4233,2607.369140625,2587.815338977988
4234,2607.369140625,2581.624571178677
4235,2607.369140625,2581.624571178677
4236,2558.173583984375,2581.624571178677
4237,2518.817138671875,2581.624571178677
4238,2489.299560546875,2589.164407658147
4239,2410.586669921875,2556.4298727444275
4240,2322.0341796875,2522.2909610716947
4241,2449.943115234375,2486.853991210449
4242,2381.069091796875,2419.093559994535
4243,2322.0341796875,2400.026847216033
4244,2312.1953125,2433.235985238839
4245,2253.16064453125,2410.9701859128295
4246,2164.6083984375,2351.4928869117975
4247,2125.251708984375,2304.911712864673
4248,2184.28662109375,2261.450213427512
4249,2194.125732421875,2196.946886186417
4250,2262.99951171875,2183.92276787435
4251,2341.712890625,2180.4420959388926
4252,2312.1953125,2193.9741703738146
4253,2282.677978515625,2294.454935780499
4254,2282.677978515625,2348.5585691066426
4255,2253.16064453125,2334.324586569641
4256,2262.99951171875,2279.6503084028873
4257,2272.838623046875,2270.916863789226
4258,2243.3212890625,2256.792750003462
4259,2253.16064453125,2269.354223709978
4260,2282.677978515625,2267.561756140897
4261,2282.677978515625,2250.5782520486964
4262,2292.51708984375,2264.716940260645
4263,2341.712890625,2283.887729390234
4264,2341.712890625,2296.8655085010987
4265,2292.51708984375,2309.6207473352224
4266,2302.356201171875,2316.9414068670712
4267,2292.51708984375,2313.2936895853454
4268,2272.838623046875,2316.1091697616107
4269,2282.677978515625,2300.1085051787777
4270,2351.5517578125,2288.6044247771115
4271,2292.51708984375,2283.5375694585696
4272,2361.390869140625,2307.8535047345376
4273,2371.230224609375,2321.083533529366
4274,2302.356201171875,2327.681264152138
4275,2292.51708984375,2360.255106674592
4276,2302.356201171875,2375.5343371612903
4277,2272.838623046875,2348.028097363849
4278,2272.838623046875,2295.0595876155394
4279,2302.356201171875,2294.9594351484257
4280,2371.230224609375,2284.5996340538636
4281,2371.230224609375,2289.0941628672354
4282,2381.069091796875,2332.720278579635
4283,2371.230224609375,2364.064263754055
4284,2381.069091796875,2383.6586455010843
4285,2371.230224609375,2367.162263576359
4286,2381.069091796875,2360.2614596295953
4287,2341.712890625,2366.6345946078313
4288,2322.0341796875,2369.4203653768745
4289,2292.51708984375,2369.095430413606
4290,2262.99951171875,2353.070661972083
4291,2105.57373046875,2321.6646420605703
4292,2213.803955078125,2295.3570553909985
4293,2213.803955078125,2259.5301262035073
4294,2174.447509765625,2181.9571822814232
4295,2174.447509765625,2239.9264018755903
4296,2174.447509765625,2243.651475727065
4297,2243.3212890625,2235.789507058593
4298,2322.0341796875,2181.7011955651046
4299,2302.356201171875,2210.0503230102186
4300,2282.677978515625,2275.7946252706042
4301,2322.0341796875,2309.541895952532
4302,2322.0341796875,2309.5794531276997
4303,2351.5517578125,2311.64528461355
4304,2400.747802734375,2318.423140195833
4305,2558.173583984375,2326.892563473613
4306,2459.7822265625,2360.8537792578645
4307,2420.42578125,2452.206656285817
4308,2508.977783203125,2522.2763866455102
4309,2420.42578125,2530.692930915466
4310,2341.712890625,2463.18269401572
4311,2361.390869140625,2452.058109249705
4312,2312.1953125,2437.638022501424
4313,2312.1953125,2384.8031116598067
4314,2292.51708984375,2336.9857273096445
4315,2302.356201171875,2311.4096647235665
4316,2381.069091796875,2281.676527345774
4317,2449.943115234375,2303.7735996609545
4318,2459.7822265625,2362.638585910618
4319,2440.10400390625,2398.6321867411425
4320,2459.7822265625,2428.974273541184
4321,2469.621337890625,2450.5576907591685
4322,2469.621337890625,2458.0691257927406
4323,2430.2646484375,2438.84116006812
4324,2410.586669921875,2450.0660841528666
4325,2410.586669921875,2447.6648540131546
4326,2420.42578125,2434.9983696974623
4327,2440.10400390625,2412.7065979965855
4328,2440.10400390625,2407.660670059232
4329,2489.299560546875,2415.3925900017493
4330,2459.7822265625,2418.67781514504
4331,2410.586669921875,2446.11024855347
4332,2430.2646484375,2457.715228828721
4333,2518.817138671875,2478.96679757358
4334,2508.977783203125,2435.4864261230264
4335,2508.977783203125,2448.12039825723
4336,2538.495361328125,2500.0341306233377
4337,2577.8515625,2520.3723686606318
4338,2538.495361328125,2515.5248771413294
4339,2508.977783203125,2534.85747977189
